Id;Posicion 1 F1;Posicion 2 F1;Posicion 3 F1;Posicion 4 F1;Posicion 5 F1;Posicion 6 F1;Posicion 7 F1;Posicion 8 F1;Posicion 9 F1;Posicion 10 F1;Posicion 11 F1;Ubicacion X1 F1;Ubicacion Y1 F1;Ubicacion X2 F1;Ubicacion Y2 F1;Ubicacion X3 F1;Ubicacion Y3 F1;Ubicacion X4 F1;Ubicacion Y4 F1;Ubicacion X5 F1;Ubicacion Y5 F1;Ubicacion X6 F1;Ubicacion Y6 F1;Ubicacion X7 F1;Ubicacion Y7 F1;Ubicacion X8 F1;Ubicacion Y8 F1;Ubicacion X9 F1;Ubicacion Y9 F1;Ubicacion X10 F1;Ubicacion Y10 F1;Ubicacion X11 F1;Ubicacion Y11 F1;Posicion 1 F1 Con Balon;Posicion 2 F1 Con Balon;Posicion 3 F1 Con Balon;Posicion 4 F1 Con Balon;Posicion 5 F1 Con Balon;Posicion 6 F1 Con Balon;Posicion 7 F1 Con Balon;Posicion 8 F1 Con Balon;Posicion 9 F1 Con Balon;Posicion 10 F1 Con Balon;Posicion 11 F1 Con Balon;Ubicacion X1 F1 Con Balon;Ubicacion Y1 F1 Con Balon;Ubicacion X2 F1 Con Balon;Ubicacion Y2 F1 Con Balon;Ubicacion X3 F1 Con Balon;Ubicacion Y3 F1 Con Balon;Ubicacion X4 F1 Con Balon;Ubicacion Y4 F1 Con Balon;Ubicacion X5 F1 Con Balon;Ubicacion Y5 F1 Con Balon;Ubicacion X6 F1 Con Balon;Ubicacion Y6 F1 Con Balon;Ubicacion X7 F1 Con Balon;Ubicacion Y7 F1 Con Balon;Ubicacion X8 F1 Con Balon;Ubicacion Y8 F1 Con Balon;Ubicacion X9 F1 Con Balon;Ubicacion Y9 F1 Con Balon;Ubicacion X10 F1 Con Balon;Ubicacion Y10 F1 Con Balon;Ubicacion X11 F1 Con Balon;Ubicacion Y11 F1 Con Balon;Posicion 1 F1 Sin Balon;Posicion 2 F1 Sin Balon;Posicion 3 F1 Sin Balon;Posicion 4 F1 Sin Balon;Posicion 5 F1 Sin Balon;Posicion 6 F1 Sin Balon;Posicion 7 F1 Sin Balon;Posicion 8 F1 Sin Balon;Posicion 9 F1 Sin Balon;Posicion 10 F1 Sin Balon;Posicion 11 F1 Sin Balon;Ubicacion X1 F1 Sin Balon;Ubicacion Y1 F1 Sin Balon;Ubicacion X2 F1 Sin Balon;Ubicacion Y2 F1 Sin Balon;Ubicacion X3 F1 Sin Balon;Ubicacion Y3 F1 Sin Balon;Ubicacion X4 F1 Sin Balon;Ubicacion Y4 F1 Sin Balon;Ubicacion X5 F1 Sin Balon;Ubicacion Y5 F1 Sin Balon;Ubicacion X6 F1 Sin Balon;Ubicacion Y6 F1 Sin Balon;Ubicacion X7 F1 Sin Balon;Ubicacion Y7 F1 Sin Balon;Ubicacion X8 F1 Sin Balon;Ubicacion Y8 F1 Sin Balon;Ubicacion X9 F1 Sin Balon;Ubicacion Y9 F1 Sin Balon;Ubicacion X10 F1 Sin Balon;Ubicacion Y10 F1 Sin Balon;Ubicacion X11 F1 Sin Balon;Ubicacion Y11 F1 Sin Balon;EstiloAtaque F1;Creacion F1;ZonaAtaque F1;Colocacion F1;ZonaApoyo F1;NumAtaq F1;EstiloDefensa F1;ZonaContencion F1;Presion F1;LineaDefensiva F1;CierreFilas F1;NumDef F1;Fluida F1;Avanzada ataque 1 F1;Avanzada ataque 2 F1;Avanzada defensa 1 F1;Avanzada defensa 2 F1;FF F1;Value1_F1;Value2_F1;Value3_F1;Value4_F1;Value5_F1;Posicion 1 F2;Posicion 2 F2;Posicion 3 F2;Posicion 4 F2;Posicion 5 F2;Posicion 6 F2;Posicion 7 F2;Posicion 8 F2;Posicion 9 F2;Posicion 10 F2;Posicion 11 F2;Ubicacion X1 F2;Ubicacion Y1 F2;Ubicacion X2 F2;Ubicacion Y2 F2;Ubicacion X3 F2;Ubicacion Y3 F2;Ubicacion X4 F2;Ubicacion Y4 F2;Ubicacion X5 F2;Ubicacion Y5 F2;Ubicacion X6 F2;Ubicacion Y6 F2;Ubicacion X7 F2;Ubicacion Y7 F2;Ubicacion X8 F2;Ubicacion Y8 F2;Ubicacion X9 F2;Ubicacion Y9 F2;Ubicacion X10 F2;Ubicacion Y10 F2;Ubicacion X11 F2;Ubicacion Y11 F2;Posicion 1 F2 Con Balon;Posicion 2 F2 Con Balon;Posicion 3 F2 Con Balon;Posicion 4 F2 Con Balon;Posicion 5 F2 Con Balon;Posicion 6 F2 Con Balon;Posicion 7 F2 Con Balon;Posicion 8 F2 Con Balon;Posicion 9 F2 Con Balon;Posicion 10 F2 Con Balon;Posicion 11 F2 Con Balon;Ubicacion X1 F2 Con Balon;Ubicacion Y1 F2 Con Balon;Ubicacion X2 F2 Con Balon;Ubicacion Y2 F2 Con Balon;Ubicacion X3 F2 Con Balon;Ubicacion Y3 F2 Con Balon;Ubicacion X4 F2 Con Balon;Ubicacion Y4 F2 Con Balon;Ubicacion X5 F2 Con Balon;Ubicacion Y5 F2 Con Balon;Ubicacion X6 F2 Con Balon;Ubicacion Y6 F2 Con Balon;Ubicacion X7 F2 Con Balon;Ubicacion Y7 F2 Con Balon;Ubicacion X8 F2 Con Balon;Ubicacion Y8 F2 Con Balon;Ubicacion X9 F2 Con Balon;Ubicacion Y9 F2 Con Balon;Ubicacion X10 F2 Con Balon;Ubicacion Y10 F2 Con Balon;Ubicacion X11 F2 Con Balon;Ubicacion Y11 F2 Con Balon;Posicion 1 F2 Sin Balon;Posicion 2 F2 Sin Balon;Posicion 3 F2 Sin Balon;Posicion 4 F2 Sin Balon;Posicion 5 F2 Sin Balon;Posicion 6 F2 Sin Balon;Posicion 7 F2 Sin Balon;Posicion 8 F2 Sin Balon;Posicion 9 F2 Sin Balon;Posicion 10 F2 Sin Balon;Posicion 11 F2 Sin Balon;Ubicacion X1 F2 Sin Balon;Ubicacion Y1 F2 Sin Balon;Ubicacion X2 F2 Sin Balon;Ubicacion Y2 F2 Sin Balon;Ubicacion X3 F2 Sin Balon;Ubicacion Y3 F2 Sin Balon;Ubicacion X4 F2 Sin Balon;Ubicacion Y4 F2 Sin Balon;Ubicacion X5 F2 Sin Balon;Ubicacion Y5 F2 Sin Balon;Ubicacion X6 F2 Sin Balon;Ubicacion Y6 F2 Sin Balon;Ubicacion X7 F2 Sin Balon;Ubicacion Y7 F2 Sin Balon;Ubicacion X8 F2 Sin Balon;Ubicacion Y8 F2 Sin Balon;Ubicacion X9 F2 Sin Balon;Ubicacion Y9 F2 Sin Balon;Ubicacion X10 F2 Sin Balon;Ubicacion Y10 F2 Sin Balon;Ubicacion X11 F2 Sin Balon;Ubicacion Y11 F2 Sin Balon;EstiloAtaque F2;Creacion F2;ZonaAtaque F2;Colocacion F2;ZonaApoyo F2;NumAtaq F2;EstiloDefensa F2;ZonaContencion F2;Presion F2;LineaDefensiva F2;CierreFilas F2;NumDef F2;Fluida F2;Avanzada ataque 1 F2;Avanzada ataque 2 F2;Avanzada defensa 1 F2;Avanzada defensa 2 F2;FF F2;Value1_F2;Value2_F2;Value3_F2;Value4_F2;Value5_F2;Posicion 1 F3;Posicion 2 F3;Posicion 3 F3;Posicion 4 F3;Posicion 5 F3;Posicion 6 F3;Posicion 7 F3;Posicion 8 F3;Posicion 9 F3;Posicion 10 F3;Posicion 11 F3;Ubicacion X1 F3;Ubicacion Y1 F3;Ubicacion X2 F3;Ubicacion Y2 F3;Ubicacion X3 F3;Ubicacion Y3 F3;Ubicacion X4 F3;Ubicacion Y4 F3;Ubicacion X5 F3;Ubicacion Y5 F3;Ubicacion X6 F3;Ubicacion Y6 F3;Ubicacion X7 F3;Ubicacion Y7 F3;Ubicacion X8 F3;Ubicacion Y8 F3;Ubicacion X9 F3;Ubicacion Y9 F3;Ubicacion X10 F3;Ubicacion Y10 F3;Ubicacion X11 F3;Ubicacion Y11 F3;Posicion 1 F3 Con Balon;Posicion 2 F3 Con Balon;Posicion 3 F3 Con Balon;Posicion 4 F3 Con Balon;Posicion 5 F3 Con Balon;Posicion 6 F3 Con Balon;Posicion 7 F3 Con Balon;Posicion 8 F3 Con Balon;Posicion 9 F3 Con Balon;Posicion 10 F3 Con Balon;Posicion 11 F3 Con Balon;Ubicacion X1 F3 Con Balon;Ubicacion Y1 F3 Con Balon;Ubicacion X2 F3 Con Balon;Ubicacion Y2 F3 Con Balon;Ubicacion X3 F3 Con Balon;Ubicacion Y3 F3 Con Balon;Ubicacion X4 F3 Con Balon;Ubicacion Y4 F3 Con Balon;Ubicacion X5 F3 Con Balon;Ubicacion Y5 F3 Con Balon;Ubicacion X6 F3 Con Balon;Ubicacion Y6 F3 Con Balon;Ubicacion X7 F3 Con Balon;Ubicacion Y7 F3 Con Balon;Ubicacion X8 F3 Con Balon;Ubicacion Y8 F3 Con Balon;Ubicacion X9 F3 Con Balon;Ubicacion Y9 F3 Con Balon;Ubicacion X10 F3 Con Balon;Ubicacion Y10 F3 Con Balon;Ubicacion X11 F3 Con Balon;Ubicacion Y11 F3 Con Balon;Posicion 1 F3 Sin Balon;Posicion 2 F3 Sin Balon;Posicion 3 F3 Sin Balon;Posicion 4 F3 Sin Balon;Posicion 5 F3 Sin Balon;Posicion 6 F3 Sin Balon;Posicion 7 F3 Sin Balon;Posicion 8 F3 Sin Balon;Posicion 9 F3 Sin Balon;Posicion 10 F3 Sin Balon;Posicion 11 F3 Sin Balon;Ubicacion X1 F3 Sin Balon;Ubicacion Y1 F3 Sin Balon;Ubicacion X2 F3 Sin Balon;Ubicacion Y2 F3 Sin Balon;Ubicacion X3 F3 Sin Balon;Ubicacion Y3 F3 Sin Balon;Ubicacion X4 F3 Sin Balon;Ubicacion Y4 F3 Sin Balon;Ubicacion X5 F3 Sin Balon;Ubicacion Y5 F3 Sin Balon;Ubicacion X6 F3 Sin Balon;Ubicacion Y6 F3 Sin Balon;Ubicacion X7 F3 Sin Balon;Ubicacion Y7 F3 Sin Balon;Ubicacion X8 F3 Sin Balon;Ubicacion Y8 F3 Sin Balon;Ubicacion X9 F3 Sin Balon;Ubicacion Y9 F3 Sin Balon;Ubicacion X10 F3 Sin Balon;Ubicacion Y10 F3 Sin Balon;Ubicacion X11 F3 Sin Balon;Ubicacion Y11 F3 Sin Balon;EstiloAtaque F3;Creacion F3;ZonaAtaque F3;Colocacion F3;ZonaApoyo F3;NumAtaq F3;EstiloDefensa F3;ZonaContencion F3;Presion F3;LineaDefensiva F3;CierreFilas F3;NumDef F3;Fluida F3;Avanzada ataque 1 F3;Avanzada ataque 2 F3;Avanzada defensa 1 F3;Avanzada defensa 2 F3;FF F3;Value1_F3;Value2_F3;Value3_F3;Value4_F3;Value5_F3;Indice Jugador 1;Indice Jugador 2;Indice Jugador 3;Indice Jugador 4;Indice Jugador 5;Indice Jugador 6;Indice Jugador 7;Indice Jugador 8;Indice Jugador 9;Indice Jugador 10;Indice Jugador 11;Indice Jugador 12;Indice Jugador 13;Indice Jugador 14;Indice Jugador 15;Indice Jugador 16;Indice Jugador 17;Indice Jugador 18;Indice Jugador 19;Indice Jugador 20;Indice Jugador 21;Indice Jugador 22;Indice Jugador 23;Indice Jugador 24;Indice Jugador 25;Indice Jugador 26;Indice Jugador 27;Indice Jugador 28;Indice Jugador 29;Indice Jugador 30;Indice Jugador 31;Indice Jugador 32;Capitan;TiroCorto;TiroLargo;EsquinaDerecho;EsquinaIzquierdo;Penalti;Cabeceador1;Cabeceador2;Cabeceador3;SegundoCobrador;SustitucionesAuto;FueraDeLugar;CambioTacticas;AtaqueDefensa;Ceros
1;0;1;1;3;2;4;4;7;6;8;12;3;52;11;64;11;40;13;88;13;16;19;64;19;40;31;84;31;20;33;52;43;52;0;1;1;3;2;4;4;7;6;8;12;3;52;13;64;13;40;15;88;15;16;21;64;21;40;33;84;33;20;33;52;45;52;0;1;1;3;2;4;4;7;6;8;12;3;52;11;64;11;40;11;88;11;16;17;64;17;40;29;84;29;20;31;52;41;52;0;1;0;0;6;2;1;0;0;4;7;2;0;0;0;0;0;;0;0;0;0;0;0;1;1;3;2;4;4;7;6;8;12;3;52;11;64;11;40;11;88;11;16;17;64;17;40;29;84;29;20;31;52;41;52;0;1;1;3;2;4;4;7;6;8;12;3;52;11;64;11;40;11;88;11;16;17;64;17;40;29;84;29;20;31;52;41;52;0;1;1;3;2;4;4;7;6;8;12;3;52;11;64;11;40;11;88;11;16;17;64;17;40;29;84;29;20;31;52;41;52;0;1;0;0;4;1;1;0;0;3;6;3;0;0;0;0;0;;0;0;0;0;0;0;1;1;3;2;4;4;7;6;8;12;3;52;11;64;11;40;13;88;13;16;19;64;19;40;31;84;31;20;33;52;43;52;0;1;1;3;2;4;4;7;6;8;12;3;52;13;64;13;40;15;88;15;16;21;64;21;40;33;84;33;20;33;52;45;52;0;1;1;3;2;4;4;7;6;8;12;3;52;11;64;11;40;11;88;11;16;17;64;17;40;29;84;29;20;31;52;41;52;0;1;0;0;6;2;1;0;0;4;7;2;0;0;0;0;0;;0;0;0;0;0;0;1;2;3;4;5;6;7;8;9;10;11;12;13;14;15;16;17;18;19;20;21;22;23;24;25;26;27;28;29;30;31;1;4;4;4;4;4;2;255;255;255;0;0;0;0;
2;0;1;1;3;2;4;5;5;7;6;12;3;52;11;64;11;40;13;88;13;16;19;52;27;64;27;40;29;88;29;16;43;52;0;1;1;3;2;4;5;5;7;6;12;3;52;13;64;13;40;15;88;15;16;21;52;29;64;29;40;31;88;31;16;45;52;0;1;1;3;2;4;5;5;7;6;12;3;52;11;64;11;40;11;88;11;16;17;52;25;64;25;40;27;88;27;16;41;52;0;0;0;0;4;2;1;0;0;4;7;2;0;0;0;0;0;;0;0;0;0;0;0;1;1;3;2;4;5;5;7;6;12;3;52;11;64;11;40;11;88;11;16;17;52;25;64;25;40;27;88;27;16;41;52;0;1;1;3;2;4;5;5;7;6;12;3;52;11;64;11;40;11;88;11;16;17;52;25;64;25;40;27;88;27;16;41;52;0;1;1;3;2;4;5;5;7;6;12;3;52;11;64;11;40;11;88;11;16;17;52;25;64;25;40;27;88;27;16;41;52;0;0;0;0;3;2;1;0;0;3;7;2;0;0;0;0;0;;0;0;0;0;0;0;1;1;3;2;4;5;5;7;6;12;3;52;11;64;11;40;13;88;13;16;19;52;27;64;27;40;29;88;29;16;43;52;0;1;1;3;2;4;5;5;7;6;12;3;52;13;64;13;40;15;88;15;16;21;52;29;64;29;40;31;88;31;16;45;52;0;1;1;3;2;4;5;5;7;6;12;3;52;11;64;11;40;11;88;11;16;17;52;25;64;25;40;27;88;27;16;41;52;0;0;0;0;4;2;1;0;0;4;7;2;0;0;0;0;0;;0;0;0;0;0;0;1;2;3;4;5;6;7;8;9;10;11;12;13;14;15;16;17;18;19;20;21;22;23;24;25;26;27;28;29;30;31;7;4;4;7;4;7;6;255;255;255;0;0;0;0;
3;0;1;1;3;2;4;4;7;6;8;12;3;52;11;64;11;40;13;88;13;16;19;64;19;40;31;84;31;20;33;52;43;52;0;1;1;3;2;4;4;7;6;8;12;3;52;13;64;13;40;15;88;15;16;21;64;21;40;33;84;33;20;33;52;45;52;0;1;1;3;2;4;4;7;6;8;12;3;52;11;64;11;40;11;88;11;16;17;64;17;40;29;84;29;20;31;52;41;52;0;1;0;0;6;2;1;1;0;5;6;2;0;0;0;0;0;;0;0;0;0;0;0;1;1;3;2;4;4;7;6;8;12;3;52;11;64;11;40;11;88;11;16;17;64;17;40;29;84;29;20;31;52;41;52;0;1;1;3;2;4;4;7;6;8;12;3;52;11;64;11;40;11;88;11;16;17;64;17;40;29;84;29;20;31;52;41;52;0;1;1;3;2;4;4;7;6;8;12;3;52;11;64;11;40;11;88;11;16;17;64;17;40;29;84;29;20;31;52;41;52;0;0;0;0;4;2;1;1;0;3;6;2;0;0;0;0;0;;0;0;0;0;0;0;1;1;3;2;4;4;7;6;8;12;3;52;11;64;11;40;13;88;13;16;19;64;19;40;31;84;31;20;33;52;43;52;0;1;1;3;2;4;4;7;6;8;12;3;52;13;64;13;40;15;88;15;16;21;64;21;40;33;84;33;20;33;52;45;52;0;1;1;3;2;4;4;7;6;8;12;3;52;11;64;11;40;11;88;11;16;17;64;17;40;29;84;29;20;31;52;41;52;0;1;0;0;6;2;1;1;0;5;6;2;0;0;0;0;0;;0;0;0;0;0;0;1;2;3;4;5;6;7;8;9;10;11;12;13;14;15;16;17;18;19;20;21;22;23;24;25;26;27;28;29;30;31;6;8;8;8;8;8;10;255;255;255;0;0;0;0;
4;0;1;1;1;3;2;5;5;8;12;12;3;52;11;52;11;72;11;32;15;88;15;16;23;68;23;36;33;52;43;68;43;36;0;1;1;1;3;2;5;5;8;12;12;3;52;13;52;13;72;13;32;15;88;15;16;25;68;25;36;33;52;45;68;45;36;0;1;1;1;3;2;5;5;8;12;12;3;52;11;52;11;72;11;32;13;88;13;16;21;68;21;36;31;52;41;68;41;36;1;1;0;0;5;2;1;0;1;4;4;2;0;0;0;0;0;;0;0;0;0;0;0;1;1;1;3;2;5;5;8;12;12;3;52;11;52;11;72;11;32;13;88;13;16;21;68;21;36;31;52;41;68;41;36;0;1;1;1;3;2;5;5;8;12;12;3;52;11;52;11;72;11;32;13;88;13;16;21;68;21;36;31;52;41;68;41;36;0;1;1;1;3;2;5;5;8;12;12;3;52;11;52;11;72;11;32;13;88;13;16;21;68;21;36;31;52;41;68;41;36;0;1;0;0;3;2;1;0;0;5;2;2;0;0;0;0;0;;0;0;0;0;0;0;1;1;1;3;2;5;5;8;12;12;3;52;11;52;11;72;11;32;15;88;15;16;23;68;23;36;33;52;43;68;43;36;0;1;1;1;3;2;5;5;8;12;12;3;52;13;52;13;72;13;32;15;88;15;16;25;68;25;36;33;52;45;68;45;36;0;1;1;1;3;2;5;5;8;12;12;3;52;11;52;11;72;11;32;13;88;13;16;21;68;21;36;31;52;41;68;41;36;1;1;0;0;5;2;1;0;1;4;4;2;0;0;0;0;0;;0;0;0;0;0;0;1;2;3;4;5;6;7;8;9;10;11;12;13;14;15;16;17;18;19;20;21;22;23;24;25;26;27;28;29;30;31;3;9;8;8;8;9;6;255;255;255;0;0;0;0;
5;0;1;1;3;2;4;4;7;6;8;12;3;52;11;64;11;40;13;88;13;16;19;64;19;40;31;84;31;20;33;52;43;52;0;1;1;3;2;4;4;7;6;8;12;3;52;13;64;13;40;15;88;15;16;21;64;21;40;33;84;33;20;33;52;45;52;0;1;1;3;2;4;4;7;6;8;12;3;52;11;64;11;40;11;88;11;16;17;64;17;40;29;84;29;20;31;52;41;52;0;1;0;0;6;2;1;0;1;7;6;2;0;0;0;0;0;;0;0;0;0;0;0;1;1;3;2;4;4;7;6;8;12;3;52;11;64;11;40;11;88;11;16;17;64;17;40;29;84;29;20;31;52;41;52;0;1;1;3;2;4;4;7;6;8;12;3;52;11;64;11;40;11;88;11;16;17;64;17;40;29;84;29;20;31;52;41;52;0;1;1;3;2;4;4;7;6;8;12;3;52;11;64;11;40;11;88;11;16;17;64;17;40;29;84;29;20;31;52;41;52;0;0;0;1;8;2;1;1;0;2;8;2;0;0;0;0;0;;0;0;0;0;0;0;1;1;3;2;4;4;7;6;8;12;3;52;11;64;11;40;13;88;13;16;19;64;19;40;31;84;31;20;33;52;43;52;0;1;1;3;2;4;4;7;6;8;12;3;52;13;64;13;40;15;88;15;16;21;64;21;40;33;84;33;20;33;52;45;52;0;1;1;3;2;4;4;7;6;8;12;3;52;11;64;11;40;11;88;11;16;17;64;17;40;29;84;29;20;31;52;41;52;0;1;0;0;6;2;1;0;1;7;6;2;0;0;0;0;0;;0;0;0;0;0;0;1;2;3;4;5;6;7;8;9;10;11;12;13;14;15;16;17;18;19;20;21;22;23;24;25;26;27;28;29;30;31;2;6;5;5;5;10;3;255;255;255;0;0;0;0;
6;0;1;1;3;2;4;5;5;10;9;12;3;52;11;64;11;40;13;88;13;16;21;52;29;68;29;36;39;84;39;20;43;52;0;1;1;3;2;4;5;5;10;9;12;3;52;13;64;13;40;15;92;15;12;23;52;31;68;31;36;41;84;41;20;45;52;0;1;1;3;2;4;5;5;10;9;12;3;52;9;64;9;40;11;84;11;20;17;52;25;68;25;36;35;84;35;20;41;52;0;1;1;1;10;1;0;1;0;9;9;3;0;0;0;0;0;;0;0;0;0;0;0;1;1;3;2;4;5;5;10;9;12;3;52;9;64;9;40;11;84;11;20;17;52;25;68;25;36;35;84;35;20;41;52;0;1;1;3;2;4;5;5;10;9;12;3;52;9;64;9;40;11;84;11;20;17;52;25;68;25;36;35;84;35;20;41;52;0;1;1;3;2;4;5;5;10;9;12;3;52;9;64;9;40;11;84;11;20;17;52;25;68;25;36;35;84;35;20;41;52;0;0;1;1;10;1;0;0;0;10;10;3;0;0;0;0;0;;0;0;0;0;0;0;1;1;3;2;4;5;5;10;9;12;3;52;11;64;11;40;13;88;13;16;21;52;29;68;29;36;39;84;39;20;43;52;0;1;1;3;2;4;5;5;10;9;12;3;52;13;64;13;40;15;92;15;12;23;52;31;68;31;36;41;84;41;20;45;52;0;1;1;3;2;4;5;5;10;9;12;3;52;9;64;9;40;11;84;11;20;17;52;25;68;25;36;35;84;35;20;41;52;0;1;1;1;10;1;0;1;0;9;9;3;0;0;0;0;0;;0;0;0;0;0;0;1;2;3;4;5;6;7;8;9;10;11;12;13;14;15;16;17;18;19;20;21;22;23;24;25;26;27;28;29;30;31;9;4;4;7;6;9;6;255;255;255;0;0;0;0;
7;0;1;1;3;2;5;5;5;10;9;12;3;52;11;64;11;40;11;92;11;12;25;52;25;80;25;24;39;88;39;16;43;52;0;1;1;3;2;5;5;5;10;9;12;3;52;13;64;13;40;13;92;13;12;27;52;27;80;27;24;45;92;45;12;45;52;0;1;1;3;2;5;5;5;10;9;12;3;52;11;64;11;40;11;88;11;16;21;52;21;80;21;24;41;88;41;16;41;52;1;1;1;1;4;2;0;0;0;8;7;2;0;0;0;0;0;;0;0;0;0;0;0;1;1;3;2;5;5;5;10;9;12;3;52;11;64;11;40;11;88;11;16;21;52;21;80;21;24;41;88;41;16;41;52;0;1;1;3;2;5;5;5;10;9;12;3;52;11;64;11;40;11;88;11;16;21;52;21;80;21;24;41;88;41;16;41;52;0;1;1;3;2;5;5;5;10;9;12;3;52;11;64;11;40;11;88;11;16;21;52;21;80;21;24;41;88;41;16;41;52;1;1;1;1;4;2;0;0;0;8;7;2;0;0;0;0;0;;0;0;0;0;0;0;1;1;3;2;5;5;5;10;9;12;3;52;11;64;11;40;11;92;11;12;25;52;25;80;25;24;39;88;39;16;43;52;0;1;1;3;2;5;5;5;10;9;12;3;52;13;64;13;40;13;92;13;12;27;52;27;80;27;24;45;92;45;12;45;52;0;1;1;3;2;5;5;5;10;9;12;3;52;11;64;11;40;11;88;11;16;21;52;21;80;21;24;41;88;41;16;41;52;1;1;1;1;4;2;0;0;0;8;7;2;0;0;0;0;0;;0;0;0;0;0;0;1;2;3;4;5;6;7;8;9;10;11;12;13;14;15;16;17;18;19;20;21;22;23;24;25;26;27;28;29;30;31;2;8;8;8;8;10;6;255;255;255;0;0;0;0;
8;0;1;1;3;2;4;5;5;10;9;12;3;52;11;64;11;40;13;88;13;16;23;52;27;68;27;36;39;84;39;20;43;52;0;1;1;3;2;4;5;5;10;9;12;3;52;11;64;11;40;13;88;13;16;23;52;31;68;31;36;43;84;43;20;43;52;0;1;1;3;2;4;5;5;10;9;12;3;52;11;64;11;40;11;88;11;16;17;52;21;68;21;36;37;84;37;20;43;52;1;1;0;0;6;2;1;0;1;7;7;2;0;0;0;0;0;;0;0;0;0;0;0;1;1;3;2;4;5;5;10;9;12;3;52;11;64;11;40;11;88;11;16;17;52;21;68;21;36;37;84;37;20;43;52;0;1;1;3;2;4;5;5;10;9;12;3;52;11;64;11;40;11;88;11;16;17;52;21;68;21;36;37;84;37;20;43;52;0;1;1;3;2;4;5;5;10;9;12;3;52;11;64;11;40;11;88;11;16;17;52;21;68;21;36;37;84;37;20;43;52;0;1;0;0;5;2;1;1;1;4;8;2;0;0;0;0;0;;0;0;0;0;0;0;1;1;3;2;4;5;5;10;9;12;3;52;11;64;11;40;13;88;13;16;23;52;27;68;27;36;39;84;39;20;43;52;0;1;1;3;2;4;5;5;10;9;12;3;52;11;64;11;40;13;88;13;16;23;52;31;68;31;36;43;84;43;20;43;52;0;1;1;3;2;4;5;5;10;9;12;3;52;11;64;11;40;11;88;11;16;17;52;21;68;21;36;37;84;37;20;43;52;1;1;0;0;6;2;1;0;1;7;7;2;0;0;0;0;0;;0;0;0;0;0;0;1;2;3;4;5;6;7;8;9;10;11;12;13;14;15;16;17;18;19;20;21;22;23;24;25;26;27;28;29;30;31;0;8;8;8;8;8;7;255;255;255;0;0;0;0;
9;0;1;1;1;5;5;7;6;11;11;12;3;52;11;52;11;76;11;28;23;64;23;40;25;92;25;12;39;80;39;24;43;52;0;1;1;1;5;5;7;6;11;11;12;3;52;13;52;13;76;13;28;25;64;25;40;29;92;29;12;41;80;41;24;43;52;0;1;1;1;5;5;7;6;11;11;12;3;52;11;52;11;76;11;28;21;64;21;40;23;92;23;12;35;80;35;24;41;52;1;1;0;1;4;2;1;1;1;4;8;2;0;0;0;0;0;;0;0;0;0;0;0;1;1;1;5;5;7;6;11;11;12;3;52;11;52;11;76;11;28;21;64;21;40;23;92;23;12;35;80;35;24;41;52;0;1;1;1;5;5;7;6;11;11;12;3;52;11;52;11;76;11;28;21;64;21;40;23;92;23;12;35;80;35;24;41;52;0;1;1;1;5;5;7;6;11;11;12;3;52;11;52;11;76;11;28;21;64;21;40;23;92;23;12;35;80;35;24;41;52;0;1;0;1;8;2;1;1;1;4;8;2;0;0;0;0;0;;0;0;0;0;0;0;1;1;1;5;5;7;6;11;11;12;3;52;11;52;11;76;11;28;23;64;23;40;25;92;25;12;39;80;39;24;43;52;0;1;1;1;5;5;7;6;11;11;12;3;52;13;52;13;76;13;28;25;64;25;40;29;92;29;12;41;80;41;24;43;52;0;1;1;1;5;5;7;6;11;11;12;3;52;11;52;11;76;11;28;21;64;21;40;23;92;23;12;35;80;35;24;41;52;1;1;0;1;4;2;1;1;1;4;8;2;0;0;0;0;0;;0;0;0;0;0;0;1;2;3;4;5;6;7;8;9;10;11;12;13;14;15;16;17;18;19;20;21;22;23;24;25;26;27;28;29;30;31;8;5;5;5;5;8;9;255;255;255;0;0;0;0;
10;0;1;1;3;2;4;5;5;10;9;12;3;52;11;64;11;40;13;88;13;16;19;52;29;72;29;32;39;88;39;16;43;52;0;1;1;3;2;4;5;5;10;9;12;3;52;11;64;11;40;13;88;13;16;21;52;31;72;31;32;41;88;41;16;43;52;0;1;1;3;2;4;5;5;10;9;12;3;52;11;64;11;40;13;88;13;16;17;52;25;72;25;32;35;88;35;16;41;52;0;1;0;1;6;3;0;0;1;6;4;1;0;0;0;0;0;;0;0;0;0;0;0;1;1;3;2;4;5;5;10;9;12;3;52;11;64;11;40;13;88;13;16;17;52;25;72;25;32;35;88;35;16;41;52;0;1;1;3;2;4;5;5;10;9;12;3;52;11;64;11;40;13;88;13;16;17;52;25;72;25;32;35;88;35;16;41;52;0;1;1;3;2;4;5;5;10;9;12;3;52;11;64;11;40;13;88;13;16;17;52;25;72;25;32;35;88;35;16;41;52;0;1;0;0;4;2;1;0;1;5;6;2;0;0;0;0;0;;0;0;0;0;0;0;1;1;3;2;4;5;5;10;9;12;3;52;11;64;11;40;13;88;13;16;19;52;29;72;29;32;39;88;39;16;43;52;0;1;1;3;2;4;5;5;10;9;12;3;52;11;64;11;40;13;88;13;16;21;52;31;72;31;32;41;88;41;16;43;52;0;1;1;3;2;4;5;5;10;9;12;3;52;11;64;11;40;13;88;13;16;17;52;25;72;25;32;35;88;35;16;41;52;0;1;0;1;6;3;0;0;1;6;4;1;0;0;0;0;0;;0;0;0;0;0;0;1;2;3;4;5;6;7;8;9;10;11;12;13;14;15;16;17;18;19;20;21;22;23;24;25;26;27;28;29;30;31;8;8;8;8;8;8;9;255;255;255;0;0;0;0;
11;0;1;1;3;2;4;4;7;6;8;12;3;52;11;64;11;40;13;88;13;16;19;64;19;40;31;84;31;20;33;52;43;52;0;1;1;3;2;4;4;7;6;8;12;3;52;13;64;13;40;15;88;15;16;21;64;21;40;33;84;33;20;33;52;45;52;0;1;1;3;2;4;4;7;6;8;12;3;52;11;64;11;40;11;88;11;16;17;64;17;40;29;84;29;20;31;52;41;52;0;1;1;1;6;2;1;0;1;7;7;2;0;0;0;0;0;;0;0;0;0;0;0;1;1;3;2;4;4;7;6;8;12;3;52;11;64;11;40;11;88;11;16;17;64;17;40;29;84;29;20;31;52;41;52;0;1;1;3;2;4;4;7;6;8;12;3;52;11;64;11;40;11;88;11;16;17;64;17;40;29;84;29;20;31;52;41;52;0;1;1;3;2;4;4;7;6;8;12;3;52;11;64;11;40;11;88;11;16;17;64;17;40;29;84;29;20;31;52;41;52;0;1;1;1;6;2;1;0;1;7;7;2;0;0;0;0;0;;0;0;0;0;0;0;1;1;3;2;4;4;7;6;8;12;3;52;11;64;11;40;13;88;13;16;19;64;19;40;31;84;31;20;33;52;43;52;0;1;1;3;2;4;4;7;6;8;12;3;52;13;64;13;40;15;88;15;16;21;64;21;40;33;84;33;20;33;52;45;52;0;1;1;3;2;4;4;7;6;8;12;3;52;11;64;11;40;11;88;11;16;17;64;17;40;29;84;29;20;31;52;41;52;0;1;1;1;6;2;1;0;1;7;7;2;0;0;0;0;0;;0;0;0;0;0;0;1;2;3;4;5;6;7;8;9;10;11;12;13;14;15;16;17;18;19;20;21;22;23;24;25;26;27;28;29;30;31;3;4;4;4;4;4;7;255;255;255;0;0;0;0;
12;0;1;1;3;2;5;5;7;6;12;12;3;52;11;64;11;40;13;88;13;16;23;64;23;40;29;84;29;20;43;64;43;40;0;1;1;3;2;5;5;7;6;12;12;3;52;13;64;13;40;15;88;15;16;25;64;25;40;33;88;33;16;45;64;45;40;0;1;1;3;2;5;5;7;6;12;12;3;52;11;64;11;40;11;84;11;20;19;64;19;40;27;84;27;20;41;64;41;40;1;1;1;0;4;2;1;1;0;4;6;2;0;0;0;0;0;;0;0;0;0;0;0;1;1;3;2;5;5;7;6;12;12;3;52;11;64;11;40;11;84;11;20;19;64;19;40;27;84;27;20;41;64;41;40;0;1;1;3;2;5;5;7;6;12;12;3;52;11;64;11;40;11;84;11;20;19;64;19;40;27;84;27;20;41;64;41;40;0;1;1;3;2;5;5;7;6;12;12;3;52;11;64;11;40;11;84;11;20;19;64;19;40;27;84;27;20;41;64;41;40;1;1;1;0;4;2;1;1;0;4;6;2;0;0;0;0;0;;0;0;0;0;0;0;1;1;3;2;5;5;7;6;12;12;3;52;11;64;11;40;13;88;13;16;23;64;23;40;29;84;29;20;43;64;43;40;0;1;1;3;2;5;5;7;6;12;12;3;52;13;64;13;40;15;88;15;16;25;64;25;40;33;88;33;16;45;64;45;40;0;1;1;3;2;5;5;7;6;12;12;3;52;11;64;11;40;11;84;11;20;19;64;19;40;27;84;27;20;41;64;41;40;1;1;1;0;4;2;1;1;0;4;6;2;0;0;0;0;0;;0;0;0;0;0;0;1;2;3;4;5;6;7;8;9;10;11;12;13;14;15;16;17;18;19;20;21;22;23;24;25;26;27;28;29;30;31;0;8;7;7;7;7;2;255;255;255;0;0;0;0;
13;0;1;1;3;2;5;5;7;6;8;12;3;52;11;64;11;40;11;88;11;16;21;64;21;40;31;88;31;16;31;52;43;52;0;1;1;3;2;5;5;7;6;8;12;3;52;13;64;13;40;13;92;13;12;23;64;23;40;33;88;33;16;33;52;45;52;0;1;1;3;2;5;5;7;6;8;12;3;52;11;64;11;40;11;84;11;20;19;64;19;40;27;84;27;20;27;52;41;52;1;1;1;0;7;2;1;1;1;7;7;2;0;0;0;0;0;;0;0;0;0;0;0;1;1;3;2;5;5;7;6;8;12;3;52;11;64;11;40;11;84;11;20;19;64;19;40;27;84;27;20;27;52;41;52;0;1;1;3;2;5;5;7;6;8;12;3;52;11;64;11;40;11;84;11;20;19;64;19;40;27;84;27;20;27;52;41;52;0;1;1;3;2;5;5;7;6;8;12;3;52;11;64;11;40;11;84;11;20;19;64;19;40;27;84;27;20;27;52;41;52;0;1;1;0;7;1;1;0;1;6;7;3;0;0;0;0;0;;0;0;0;0;0;0;1;1;3;2;5;5;7;6;8;12;3;52;11;64;11;40;11;88;11;16;21;64;21;40;31;88;31;16;31;52;43;52;0;1;1;3;2;5;5;7;6;8;12;3;52;13;64;13;40;13;92;13;12;23;64;23;40;33;88;33;16;33;52;45;52;0;1;1;3;2;5;5;7;6;8;12;3;52;11;64;11;40;11;84;11;20;19;64;19;40;27;84;27;20;27;52;41;52;1;1;1;0;7;2;1;1;1;7;7;2;0;0;0;0;0;;0;0;0;0;0;0;1;2;3;4;5;6;7;8;9;10;11;12;13;14;15;16;17;18;19;20;21;22;23;24;25;26;27;28;29;30;31;1;5;3;5;5;9;6;255;255;255;0;0;0;0;
14;0;1;1;3;2;4;4;7;6;8;12;3;52;11;64;11;40;11;88;11;16;19;64;19;40;31;84;31;20;31;52;43;52;0;1;1;3;2;4;4;7;6;8;12;3;52;11;64;11;40;13;88;13;16;21;64;21;40;33;84;33;20;33;52;45;52;0;1;1;3;2;4;4;7;6;8;12;3;52;9;64;9;40;9;88;9;16;17;64;17;40;29;84;29;20;29;52;41;52;1;1;0;1;8;2;0;1;0;8;8;2;0;0;0;0;0;;0;0;0;0;0;0;1;1;3;2;4;4;7;6;8;12;3;52;9;64;9;40;9;88;9;16;17;64;17;40;29;84;29;20;29;52;41;52;0;1;1;3;2;4;4;7;6;8;12;3;52;9;64;9;40;9;88;9;16;17;64;17;40;29;84;29;20;29;52;41;52;0;1;1;3;2;4;4;7;6;8;12;3;52;9;64;9;40;9;88;9;16;17;64;17;40;29;84;29;20;29;52;41;52;1;1;0;1;8;2;0;1;0;8;8;2;0;0;0;0;0;;0;0;0;0;0;0;1;1;3;2;4;4;7;6;8;12;3;52;11;64;11;40;11;88;11;16;19;64;19;40;31;84;31;20;31;52;43;52;0;1;1;3;2;4;4;7;6;8;12;3;52;11;64;11;40;13;88;13;16;21;64;21;40;33;84;33;20;33;52;45;52;0;1;1;3;2;4;4;7;6;8;12;3;52;9;64;9;40;9;88;9;16;17;64;17;40;29;84;29;20;29;52;41;52;1;1;0;1;8;2;0;1;0;8;8;2;0;0;0;0;0;;0;0;0;0;0;0;1;2;3;4;5;6;7;8;9;10;11;12;13;14;15;16;17;18;19;20;21;22;23;24;25;26;27;28;29;30;31;0;6;9;6;9;9;10;255;255;255;0;0;0;0;
15;0;1;1;1;3;2;5;5;8;12;12;3;52;11;52;11;72;11;32;15;88;15;16;23;68;23;36;33;52;43;68;43;36;0;1;1;1;3;2;5;5;8;12;12;3;52;13;52;13;72;13;32;15;88;15;16;25;68;25;36;33;52;45;68;45;36;0;1;1;1;3;2;5;5;8;12;12;3;52;11;52;11;72;11;32;13;88;13;16;21;68;21;36;31;52;41;68;41;36;1;1;1;0;5;3;1;1;1;5;6;1;0;0;0;0;0;;0;0;0;0;0;0;1;1;1;3;2;5;5;8;12;12;3;52;11;52;11;72;11;32;13;88;13;16;21;68;21;36;31;52;41;68;41;36;0;1;1;1;3;2;5;5;8;12;12;3;52;11;52;11;72;11;32;13;88;13;16;21;68;21;36;31;52;41;68;41;36;0;1;1;1;3;2;5;5;8;12;12;3;52;11;52;11;72;11;32;13;88;13;16;21;68;21;36;31;52;41;68;41;36;0;1;1;1;6;1;1;1;1;7;8;3;0;0;0;0;0;;0;0;0;0;0;0;1;1;1;3;2;5;5;8;12;12;3;52;11;52;11;72;11;32;15;88;15;16;23;68;23;36;33;52;43;68;43;36;0;1;1;1;3;2;5;5;8;12;12;3;52;13;52;13;72;13;32;15;88;15;16;25;68;25;36;33;52;45;68;45;36;0;1;1;1;3;2;5;5;8;12;12;3;52;11;52;11;72;11;32;13;88;13;16;21;68;21;36;31;52;41;68;41;36;1;1;1;0;5;3;1;1;1;5;6;1;0;0;0;0;0;;0;0;0;0;0;0;1;2;3;4;5;6;7;8;9;10;11;12;13;14;15;16;17;18;19;20;21;22;23;24;25;26;27;28;29;30;31;3;8;8;8;8;8;6;255;255;255;0;0;0;0;
16;0;1;1;3;2;4;4;7;6;8;11;3;52;11;64;11;40;13;88;13;16;23;64;23;40;31;84;31;20;31;52;43;52;0;1;1;3;2;4;4;7;6;8;11;3;52;11;64;11;40;15;88;15;16;23;64;23;40;33;84;33;20;33;52;41;52;0;1;1;3;2;4;4;7;6;8;11;3;52;11;64;11;40;11;88;11;16;17;64;17;40;25;84;25;16;31;52;41;52;1;1;1;0;7;3;0;0;0;8;8;3;0;0;0;0;0;;0;0;0;0;0;0;1;1;3;2;4;4;7;6;8;11;3;52;11;64;11;40;11;88;11;16;17;64;17;40;25;84;25;16;31;52;41;52;0;1;1;3;2;4;4;7;6;8;11;3;52;11;64;11;40;11;88;11;16;17;64;17;40;25;84;25;16;31;52;41;52;0;1;1;3;2;4;4;7;6;8;11;3;52;11;64;11;40;11;88;11;16;17;64;17;40;25;84;25;16;31;52;41;52;0;1;1;0;8;1;1;0;1;8;9;3;0;0;0;0;0;;0;0;0;0;0;0;1;1;3;2;4;4;7;6;8;11;3;52;11;64;11;40;13;88;13;16;23;64;23;40;31;84;31;20;31;52;43;52;0;1;1;3;2;4;4;7;6;8;11;3;52;11;64;11;40;15;88;15;16;23;64;23;40;33;84;33;20;33;52;41;52;0;1;1;3;2;4;4;7;6;8;11;3;52;11;64;11;40;11;88;11;16;17;64;17;40;25;84;25;16;31;52;41;52;1;1;1;0;7;3;0;0;0;8;8;3;0;0;0;0;0;;0;0;0;0;0;0;1;2;3;4;5;6;7;8;9;10;11;12;13;14;15;16;17;18;19;20;21;22;23;24;25;26;27;28;29;30;31;6;5;5;6;6;9;6;255;255;255;0;0;0;0;
17;0;1;1;3;2;5;5;7;6;12;12;3;52;13;64;13;40;13;88;13;16;25;64;25;40;25;88;25;16;43;64;43;40;0;1;1;3;2;5;5;7;6;12;12;3;52;11;64;11;40;11;92;11;12;27;64;27;40;27;92;27;12;45;64;45;40;0;1;1;3;2;5;5;7;6;12;12;3;52;11;64;11;40;11;88;11;16;19;64;19;40;19;88;19;16;41;64;41;40;0;1;1;1;5;1;1;0;1;5;8;3;0;0;0;0;0;;0;0;0;0;0;0;1;1;3;2;5;5;7;6;12;12;3;52;11;64;11;40;11;88;11;16;19;64;19;40;19;88;19;16;41;64;41;40;0;1;1;3;2;5;5;7;6;12;12;3;52;11;64;11;40;11;88;11;16;19;64;19;40;19;88;19;16;41;64;41;40;0;1;1;3;2;5;5;7;6;12;12;3;52;11;64;11;40;11;88;11;16;19;64;19;40;19;88;19;16;41;64;41;40;0;1;1;1;5;2;0;0;1;7;7;2;0;0;0;0;0;;0;0;0;0;0;0;1;1;3;2;5;5;7;6;12;12;3;52;13;64;13;40;13;88;13;16;25;64;25;40;25;88;25;16;43;64;43;40;0;1;1;3;2;5;5;7;6;12;12;3;52;11;64;11;40;11;92;11;12;27;64;27;40;27;92;27;12;45;64;45;40;0;1;1;3;2;5;5;7;6;12;12;3;52;11;64;11;40;11;88;11;16;19;64;19;40;19;88;19;16;41;64;41;40;0;1;1;1;5;1;1;0;1;5;8;3;0;0;0;0;0;;0;0;0;0;0;0;1;2;3;4;5;6;7;8;9;10;11;12;13;14;15;16;17;18;19;20;21;22;23;24;25;26;27;28;29;30;31;2;8;8;8;8;8;7;255;255;255;0;0;0;0;
19;0;1;1;3;2;5;5;7;6;12;12;3;52;11;64;11;40;13;88;13;16;23;64;23;40;27;88;27;16;43;64;43;40;0;1;1;3;2;5;5;7;6;12;12;3;52;13;64;13;40;15;88;15;16;25;64;25;40;29;88;29;16;45;64;45;40;0;1;1;3;2;5;5;7;6;12;12;3;52;11;64;11;40;11;88;11;16;21;64;21;40;25;88;25;16;41;64;41;40;0;1;1;1;6;2;0;0;1;5;5;2;0;0;0;0;0;;0;0;0;0;0;0;1;1;3;2;5;5;7;6;12;12;3;52;11;64;11;40;11;88;11;16;21;64;21;40;25;88;25;16;41;64;41;40;0;1;1;3;2;5;5;7;6;12;12;3;52;11;64;11;40;11;88;11;16;21;64;21;40;25;88;25;16;41;64;41;40;0;1;1;3;2;5;5;7;6;12;12;3;52;11;64;11;40;11;88;11;16;21;64;21;40;25;88;25;16;41;64;41;40;0;0;1;0;3;2;1;0;0;5;7;2;0;0;0;0;0;;0;0;0;0;0;0;1;1;3;2;5;5;7;6;12;12;3;52;11;64;11;40;13;88;13;16;23;64;23;40;27;88;27;16;43;64;43;40;0;1;1;3;2;5;5;7;6;12;12;3;52;13;64;13;40;15;88;15;16;25;64;25;40;29;88;29;16;45;64;45;40;0;1;1;3;2;5;5;7;6;12;12;3;52;11;64;11;40;11;88;11;16;21;64;21;40;25;88;25;16;41;64;41;40;0;1;1;1;6;2;0;0;1;5;5;2;0;0;0;0;0;;0;0;0;0;0;0;1;2;3;4;5;6;7;8;9;10;11;12;13;14;15;16;17;18;19;20;21;22;23;24;25;26;27;28;29;30;31;10;7;7;7;7;10;4;255;255;255;0;0;0;0;
20;0;1;1;3;2;4;4;7;6;8;12;3;52;11;64;11;40;11;88;11;16;19;64;19;40;31;88;31;16;31;52;43;52;0;1;1;3;2;4;4;7;6;8;12;3;52;11;64;11;40;11;88;11;16;21;64;21;40;33;88;33;16;33;52;45;52;0;1;1;3;2;4;4;7;6;8;12;3;52;9;64;9;40;9;84;9;20;17;64;17;40;27;84;27;20;27;52;41;52;1;1;0;1;5;2;0;0;0;7;6;2;0;0;0;0;0;;0;0;0;0;0;0;1;1;3;2;4;4;7;6;8;12;3;52;9;64;9;40;9;84;9;20;17;64;17;40;27;84;27;20;27;52;41;52;0;1;1;3;2;4;4;7;6;8;12;3;52;9;64;9;40;9;84;9;20;17;64;17;40;27;84;27;20;27;52;41;52;0;1;1;3;2;4;4;7;6;8;12;3;52;9;64;9;40;9;84;9;20;17;64;17;40;27;84;27;20;27;52;41;52;0;0;0;0;6;2;1;0;0;7;8;2;0;0;0;0;0;;0;0;0;0;0;0;1;1;3;2;4;4;7;6;8;12;3;52;11;64;11;40;11;88;11;16;19;64;19;40;31;88;31;16;31;52;43;52;0;1;1;3;2;4;4;7;6;8;12;3;52;11;64;11;40;11;88;11;16;21;64;21;40;33;88;33;16;33;52;45;52;0;1;1;3;2;4;4;7;6;8;12;3;52;9;64;9;40;9;84;9;20;17;64;17;40;27;84;27;20;27;52;41;52;1;1;0;1;5;2;0;0;0;7;6;2;0;0;0;0;0;;0;0;0;0;0;0;1;2;3;4;5;6;7;8;9;10;11;12;13;14;15;16;17;18;19;20;21;22;23;24;25;26;27;28;29;30;31;9;9;9;8;8;9;6;255;255;255;0;0;0;0;
21;0;1;1;1;5;5;7;6;10;9;12;3;52;11;52;11;72;11;32;21;68;21;36;31;84;31;20;43;84;43;20;43;52;0;1;1;1;5;5;7;6;10;9;12;3;52;11;52;11;72;11;32;21;68;21;36;31;84;31;20;43;84;43;20;43;52;0;1;1;1;5;5;7;6;10;9;12;3;52;11;52;11;72;11;32;21;68;21;36;31;84;31;20;43;84;43;20;43;52;0;1;0;0;6;2;1;1;0;5;8;2;0;0;0;0;0;;0;0;0;0;0;0;1;1;1;5;5;7;6;10;9;12;3;52;11;52;11;72;11;32;21;68;21;36;31;84;31;20;43;84;43;20;43;52;0;1;1;1;5;5;7;6;10;9;12;3;52;11;52;11;72;11;32;21;68;21;36;31;84;31;20;43;84;43;20;43;52;0;1;1;1;5;5;7;6;10;9;12;3;52;11;52;11;72;11;32;21;68;21;36;31;84;31;20;43;84;43;20;43;52;0;1;0;0;6;2;1;1;1;4;7;2;0;0;0;0;0;;0;0;0;0;0;0;1;1;1;5;5;7;6;10;9;12;3;52;11;52;11;72;11;32;21;68;21;36;31;84;31;20;43;84;43;20;43;52;0;1;1;1;5;5;7;6;10;9;12;3;52;11;52;11;72;11;32;21;68;21;36;31;84;31;20;43;84;43;20;43;52;0;1;1;1;5;5;7;6;10;9;12;3;52;11;52;11;72;11;32;21;68;21;36;31;84;31;20;43;84;43;20;43;52;0;1;0;0;6;2;1;1;0;5;8;2;0;0;0;0;0;;0;0;0;0;0;0;1;2;3;4;5;6;7;8;9;10;11;12;13;14;15;16;17;18;19;20;21;22;23;24;25;26;27;28;29;30;31;7;7;7;7;7;7;5;255;255;255;0;0;0;0;
22;0;1;1;3;2;4;5;5;7;6;12;3;52;11;64;11;40;11;88;11;16;17;52;27;68;27;36;27;88;27;16;41;52;0;1;1;3;2;4;5;5;7;6;12;3;52;11;64;11;40;11;88;11;16;17;52;27;68;27;36;31;88;31;16;41;52;0;1;1;3;2;4;5;5;7;6;12;3;52;11;64;11;40;11;88;11;16;17;52;27;68;27;36;27;88;27;16;41;52;1;0;0;0;7;1;1;0;1;4;7;3;0;0;0;0;0;;0;0;0;0;0;0;1;1;3;2;4;5;5;7;6;12;3;52;11;64;11;40;11;88;11;16;17;52;27;68;27;36;27;88;27;16;41;52;0;1;1;3;2;4;5;5;7;6;12;3;52;11;64;11;40;11;88;11;16;17;52;27;68;27;36;27;88;27;16;41;52;0;1;1;3;2;4;5;5;7;6;12;3;52;11;64;11;40;11;88;11;16;17;52;27;68;27;36;27;88;27;16;41;52;0;0;0;0;7;1;1;0;1;3;9;3;0;0;0;0;0;;0;0;0;0;0;0;1;1;3;2;4;5;5;7;6;12;3;52;11;64;11;40;11;88;11;16;17;52;27;68;27;36;27;88;27;16;41;52;0;1;1;3;2;4;5;5;7;6;12;3;52;11;64;11;40;11;88;11;16;17;52;27;68;27;36;31;88;31;16;41;52;0;1;1;3;2;4;5;5;7;6;12;3;52;11;64;11;40;11;88;11;16;17;52;27;68;27;36;27;88;27;16;41;52;1;0;0;0;7;1;1;0;1;4;7;3;0;0;0;0;0;;0;0;0;0;0;0;1;2;3;4;5;6;7;8;9;10;11;12;13;14;15;16;17;18;19;20;21;22;23;24;25;26;27;28;29;30;31;8;8;8;8;8;8;7;255;255;255;0;0;0;0;
23;0;1;1;3;2;4;5;5;10;9;12;3;52;11;64;11;40;13;88;13;16;23;52;23;84;23;20;43;84;43;20;43;52;0;1;1;3;2;4;5;5;10;9;12;3;52;11;64;11;40;13;88;13;16;23;52;23;84;23;20;43;84;43;20;43;52;0;1;1;3;2;4;5;5;10;9;12;3;52;11;64;11;40;13;88;13;16;23;52;23;84;23;20;43;84;43;20;43;52;1;1;0;1;5;2;1;0;0;6;6;2;0;0;0;0;0;;0;0;0;0;0;0;1;1;3;2;4;5;5;10;9;12;3;52;11;64;11;40;13;88;13;16;23;52;23;84;23;20;43;84;43;20;43;52;0;1;1;3;2;4;5;5;10;9;12;3;52;11;64;11;40;13;88;13;16;23;52;23;84;23;20;43;84;43;20;43;52;0;1;1;3;2;4;5;5;10;9;12;3;52;11;64;11;40;13;88;13;16;23;52;23;84;23;20;43;84;43;20;43;52;0;1;0;0;3;1;1;0;0;6;8;3;0;0;0;0;0;;0;0;0;0;0;0;1;1;3;2;4;5;5;10;9;12;3;52;11;64;11;40;13;88;13;16;23;52;23;84;23;20;43;84;43;20;43;52;0;1;1;3;2;4;5;5;10;9;12;3;52;11;64;11;40;13;88;13;16;23;52;23;84;23;20;43;84;43;20;43;52;0;1;1;3;2;4;5;5;10;9;12;3;52;11;64;11;40;13;88;13;16;23;52;23;84;23;20;43;84;43;20;43;52;1;1;0;1;5;2;1;0;0;6;6;2;0;0;0;0;0;;0;0;0;0;0;0;1;2;3;4;5;6;7;8;9;10;11;12;13;14;15;16;17;18;19;20;21;22;23;24;25;26;27;28;29;30;31;9;9;9;8;8;10;8;255;255;255;0;0;0;0;
24;0;1;1;3;2;4;4;7;6;8;12;3;52;11;64;11;40;11;88;11;16;19;64;19;40;31;84;31;20;31;52;43;52;0;1;1;3;2;4;4;7;6;8;12;3;52;11;64;11;40;13;88;13;16;21;64;21;40;33;84;33;20;33;52;45;52;0;1;1;3;2;4;4;7;6;8;12;3;52;9;64;9;40;9;88;9;16;17;64;17;40;29;84;29;20;29;52;41;52;1;1;0;1;6;3;1;0;1;4;5;1;0;0;0;0;0;;0;0;0;0;0;0;1;1;3;2;4;4;7;6;8;12;3;52;9;64;9;40;9;88;9;16;17;64;17;40;29;84;29;20;29;52;41;52;0;1;1;3;2;4;4;7;6;8;12;3;52;9;64;9;40;9;88;9;16;17;64;17;40;29;84;29;20;29;52;41;52;0;1;1;3;2;4;4;7;6;8;12;3;52;9;64;9;40;9;88;9;16;17;64;17;40;29;84;29;20;29;52;41;52;1;1;0;1;6;1;1;0;1;5;6;3;0;0;0;0;0;;0;0;0;0;0;0;1;1;3;2;4;4;7;6;8;12;3;52;11;64;11;40;11;88;11;16;19;64;19;40;31;84;31;20;31;52;43;52;0;1;1;3;2;4;4;7;6;8;12;3;52;11;64;11;40;13;88;13;16;21;64;21;40;33;84;33;20;33;52;45;52;0;1;1;3;2;4;4;7;6;8;12;3;52;9;64;9;40;9;88;9;16;17;64;17;40;29;84;29;20;29;52;41;52;1;1;0;1;6;3;1;0;1;4;5;1;0;0;0;0;0;;0;0;0;0;0;0;1;2;3;4;5;6;7;8;9;10;11;12;13;14;15;16;17;18;19;20;21;22;23;24;25;26;27;28;29;30;31;9;9;9;9;9;9;7;255;255;255;0;0;0;0;
26;0;1;1;1;5;5;7;6;10;9;12;3;52;11;52;11;72;11;32;25;64;25;40;25;92;25;12;41;88;41;16;43;52;0;1;1;1;5;5;7;6;10;9;12;3;52;13;52;13;72;13;32;27;64;27;40;27;92;27;12;43;88;43;16;45;52;0;1;1;1;5;5;7;6;10;9;12;3;52;9;52;9;72;9;32;21;64;21;40;21;88;21;16;39;84;39;20;41;52;1;1;0;0;4;2;1;0;0;5;5;2;0;0;0;0;0;;0;0;0;0;0;0;1;1;1;5;5;7;6;10;9;12;3;52;9;52;9;72;9;32;21;64;21;40;21;88;21;16;39;84;39;20;41;52;0;1;1;1;5;5;7;6;10;9;12;3;52;9;52;9;72;9;32;21;64;21;40;21;88;21;16;39;84;39;20;41;52;0;1;1;1;5;5;7;6;10;9;12;3;52;9;52;9;72;9;32;21;64;21;40;21;88;21;16;39;84;39;20;41;52;0;0;1;0;3;2;1;0;0;6;7;2;0;0;0;0;0;;0;0;0;0;0;0;1;1;1;5;5;7;6;10;9;12;3;52;11;52;11;72;11;32;25;64;25;40;25;92;25;12;41;88;41;16;43;52;0;1;1;1;5;5;7;6;10;9;12;3;52;13;52;13;72;13;32;27;64;27;40;27;92;27;12;43;88;43;16;45;52;0;1;1;1;5;5;7;6;10;9;12;3;52;9;52;9;72;9;32;21;64;21;40;21;88;21;16;39;84;39;20;41;52;1;1;0;0;4;2;1;0;0;5;5;2;0;0;0;0;0;;0;0;0;0;0;0;1;2;3;4;5;6;7;8;9;10;11;12;13;14;15;16;17;18;19;20;21;22;23;24;25;26;27;28;29;30;31;1;9;9;9;9;9;4;255;255;255;0;0;0;0;
27;0;1;1;3;2;5;5;7;6;8;12;3;52;11;64;11;40;11;92;11;12;25;64;25;40;25;92;25;12;31;52;43;52;0;1;1;3;2;5;5;7;6;8;12;3;52;13;64;13;40;13;92;13;12;27;64;27;40;27;92;27;12;33;52;45;52;0;1;1;3;2;5;5;7;6;8;12;3;52;9;64;9;40;9;88;9;16;21;64;21;40;21;88;21;16;27;52;41;52;0;1;0;0;6;3;1;1;1;3;7;1;0;0;0;0;0;;0;0;0;0;0;0;1;1;3;2;5;5;7;6;8;12;3;52;9;64;9;40;9;88;9;16;21;64;21;40;21;88;21;16;27;52;41;52;0;1;1;3;2;5;5;7;6;8;12;3;52;9;64;9;40;9;88;9;16;21;64;21;40;21;88;21;16;27;52;41;52;0;1;1;3;2;5;5;7;6;8;12;3;52;9;64;9;40;9;88;9;16;21;64;21;40;21;88;21;16;27;52;41;52;0;1;0;0;5;1;1;1;1;4;6;3;0;0;0;0;0;;0;0;0;0;0;0;1;1;3;2;5;5;7;6;8;12;3;52;11;64;11;40;11;92;11;12;25;64;25;40;25;92;25;12;31;52;43;52;0;1;1;3;2;5;5;7;6;8;12;3;52;13;64;13;40;13;92;13;12;27;64;27;40;27;92;27;12;33;52;45;52;0;1;1;3;2;5;5;7;6;8;12;3;52;9;64;9;40;9;88;9;16;21;64;21;40;21;88;21;16;27;52;41;52;0;1;0;0;6;3;1;1;1;3;7;1;0;0;0;0;0;;0;0;0;0;0;0;1;2;3;4;5;6;7;8;9;10;11;12;13;14;15;16;17;18;19;20;21;22;23;24;25;26;27;28;29;30;31;9;9;9;9;9;9;8;255;255;255;0;0;0;0;
28;0;1;1;3;2;4;4;7;6;8;12;3;52;11;64;11;40;13;88;13;16;19;64;19;40;31;84;31;20;33;52;43;52;0;1;1;3;2;4;4;7;6;8;12;3;52;13;64;13;40;15;88;15;16;21;64;21;40;33;84;33;20;33;52;45;52;0;1;1;3;2;4;4;7;6;8;12;3;52;9;64;9;40;11;88;11;16;17;64;17;40;29;84;29;20;31;52;41;52;0;0;0;0;4;1;1;0;1;4;7;3;0;0;0;0;0;;0;0;0;0;0;0;1;1;3;2;4;4;7;6;8;12;3;52;9;64;9;40;11;88;11;16;17;64;17;40;29;84;29;20;31;52;41;52;0;1;1;3;2;4;4;7;6;8;12;3;52;9;64;9;40;11;88;11;16;17;64;17;40;29;84;29;20;31;52;41;52;0;1;1;3;2;4;4;7;6;8;12;3;52;9;64;9;40;11;88;11;16;17;64;17;40;29;84;29;20;31;52;41;52;0;1;0;0;3;1;1;0;1;6;7;3;0;0;0;0;0;;0;0;0;0;0;0;1;1;3;2;4;4;7;6;8;12;3;52;11;64;11;40;13;88;13;16;19;64;19;40;31;84;31;20;33;52;43;52;0;1;1;3;2;4;4;7;6;8;12;3;52;13;64;13;40;15;88;15;16;21;64;21;40;33;84;33;20;33;52;45;52;0;1;1;3;2;4;4;7;6;8;12;3;52;9;64;9;40;11;88;11;16;17;64;17;40;29;84;29;20;31;52;41;52;0;0;0;0;4;1;1;0;1;4;7;3;0;0;0;0;0;;0;0;0;0;0;0;1;2;3;4;5;6;7;8;9;10;11;12;13;14;15;16;17;18;19;20;21;22;23;24;25;26;27;28;29;30;31;3;4;4;9;9;10;9;255;255;255;0;0;0;0;
29;0;1;1;3;2;4;4;7;6;8;12;3;52;11;64;11;40;13;88;13;16;19;64;19;40;31;84;31;20;33;52;43;52;0;1;1;3;2;4;4;7;6;8;12;3;52;13;64;13;40;15;88;15;16;23;64;23;40;33;84;33;20;33;52;45;52;0;1;1;3;2;4;4;7;6;8;12;3;52;9;64;9;40;9;84;9;20;17;64;17;40;25;84;25;20;27;52;41;52;1;1;0;0;7;2;1;0;0;5;4;2;0;0;0;0;0;;0;0;0;0;0;0;1;1;3;2;4;4;7;6;8;12;3;52;9;64;9;40;9;84;9;20;17;64;17;40;25;84;25;20;27;52;41;52;0;1;1;3;2;4;4;7;6;8;12;3;52;9;64;9;40;9;84;9;20;17;64;17;40;25;84;25;20;27;52;41;52;0;1;1;3;2;4;4;7;6;8;12;3;52;9;64;9;40;9;84;9;20;17;64;17;40;25;84;25;20;27;52;41;52;0;1;0;0;4;2;1;0;0;5;6;2;0;0;0;0;0;;0;0;0;0;0;0;1;1;3;2;4;4;7;6;8;12;3;52;11;64;11;40;13;88;13;16;19;64;19;40;31;84;31;20;33;52;43;52;0;1;1;3;2;4;4;7;6;8;12;3;52;13;64;13;40;15;88;15;16;23;64;23;40;33;84;33;20;33;52;45;52;0;1;1;3;2;4;4;7;6;8;12;3;52;9;64;9;40;9;84;9;20;17;64;17;40;25;84;25;20;27;52;41;52;1;1;0;0;7;2;1;0;0;5;4;2;0;0;0;0;0;;0;0;0;0;0;0;1;2;3;4;5;6;7;8;9;10;11;12;13;14;15;16;17;18;19;20;21;22;23;24;25;26;27;28;29;30;31;5;6;6;9;6;6;5;255;255;255;0;0;0;0;
30;0;1;1;3;2;4;4;7;6;8;12;3;52;11;64;11;40;13;88;13;16;19;64;19;40;31;84;31;20;33;52;43;52;0;1;1;3;2;4;4;7;6;8;12;3;52;13;64;13;40;15;88;15;16;21;64;21;40;33;84;33;20;33;52;45;52;0;1;1;3;2;4;4;7;6;8;12;3;52;11;64;11;40;11;88;11;16;17;64;17;40;29;84;29;20;31;52;41;52;1;1;0;0;5;2;0;0;0;3;5;2;0;0;0;0;0;;0;0;0;0;0;0;1;1;3;2;4;4;7;6;8;12;3;52;11;64;11;40;11;88;11;16;17;64;17;40;29;84;29;20;31;52;41;52;0;1;1;3;2;4;4;7;6;8;12;3;52;11;64;11;40;11;88;11;16;17;64;17;40;29;84;29;20;31;52;41;52;0;1;1;3;2;4;4;7;6;8;12;3;52;11;64;11;40;11;88;11;16;17;64;17;40;29;84;29;20;31;52;41;52;0;0;0;1;4;2;1;1;0;7;8;2;0;0;0;0;0;;0;0;0;0;0;0;1;1;3;2;4;4;7;6;8;12;3;52;11;64;11;40;13;88;13;16;19;64;19;40;31;84;31;20;33;52;43;52;0;1;1;3;2;4;4;7;6;8;12;3;52;13;64;13;40;15;88;15;16;21;64;21;40;33;84;33;20;33;52;45;52;0;1;1;3;2;4;4;7;6;8;12;3;52;11;64;11;40;11;88;11;16;17;64;17;40;29;84;29;20;31;52;41;52;1;1;0;0;5;2;0;0;0;3;5;2;0;0;0;0;0;;0;0;0;0;0;0;1;2;3;4;5;6;7;8;9;10;11;12;13;14;15;16;17;18;19;20;21;22;23;24;25;26;27;28;29;30;31;6;7;7;7;7;7;8;255;255;255;0;0;0;0;
31;0;1;1;1;4;5;5;7;6;12;12;3;52;11;52;11;72;11;32;19;52;27;64;27;40;29;88;29;16;43;68;43;36;0;1;1;1;4;5;5;7;6;12;12;3;52;13;52;13;72;13;32;21;52;29;64;29;40;31;88;31;16;45;68;45;36;0;1;1;1;4;5;5;7;6;12;12;3;52;11;52;11;72;11;32;17;52;25;64;25;40;27;88;27;16;41;68;41;36;0;0;0;0;7;2;1;1;0;6;6;2;0;0;0;0;0;;0;0;0;0;0;0;1;1;1;4;5;5;7;6;12;12;3;52;11;52;11;72;11;32;17;52;25;64;25;40;27;88;27;16;41;68;41;36;0;1;1;1;4;5;5;7;6;12;12;3;52;11;52;11;72;11;32;17;52;25;64;25;40;27;88;27;16;41;68;41;36;0;1;1;1;4;5;5;7;6;12;12;3;52;11;52;11;72;11;32;17;52;25;64;25;40;27;88;27;16;41;68;41;36;0;0;0;0;7;2;1;1;0;6;6;2;0;0;0;0;0;;0;0;0;0;0;0;1;1;1;4;5;5;7;6;12;12;3;52;11;52;11;72;11;32;19;52;27;64;27;40;29;88;29;16;43;68;43;36;0;1;1;1;4;5;5;7;6;12;12;3;52;13;52;13;72;13;32;21;52;29;64;29;40;31;88;31;16;45;68;45;36;0;1;1;1;4;5;5;7;6;12;12;3;52;11;52;11;72;11;32;17;52;25;64;25;40;27;88;27;16;41;68;41;36;0;0;0;0;7;2;1;1;0;6;6;2;0;0;0;0;0;;0;0;0;0;0;0;1;2;3;4;5;6;7;8;9;10;11;12;13;14;15;16;17;18;19;20;21;22;23;24;25;26;27;28;29;30;31;0;7;7;7;7;7;6;255;255;255;0;0;0;0;
32;0;1;1;1;5;5;5;7;6;12;12;3;52;11;52;11;72;11;32;21;52;27;68;27;36;23;92;23;12;43;64;43;40;0;1;1;1;5;5;5;7;6;12;12;3;52;11;52;11;72;11;32;21;52;27;68;27;36;23;92;23;12;43;64;43;40;0;1;1;1;5;5;5;7;6;12;12;3;52;11;52;11;72;11;32;21;52;27;68;27;36;23;92;23;12;43;64;43;40;0;1;0;0;6;3;1;1;0;6;5;1;0;0;0;0;0;;0;0;0;0;0;0;1;1;1;5;5;5;7;6;12;12;3;52;11;52;11;72;11;32;21;52;27;68;27;36;23;92;23;12;43;64;43;40;0;1;1;1;5;5;5;7;6;12;12;3;52;11;52;11;72;11;32;21;52;27;68;27;36;23;92;23;12;43;64;43;40;0;1;1;1;5;5;5;7;6;12;12;3;52;11;52;11;72;11;32;21;52;27;68;27;36;23;92;23;12;43;64;43;40;0;1;0;0;5;1;1;0;1;7;7;3;0;0;0;0;0;;0;0;0;0;0;0;1;1;1;5;5;5;7;6;12;12;3;52;11;52;11;72;11;32;21;52;27;68;27;36;23;92;23;12;43;64;43;40;0;1;1;1;5;5;5;7;6;12;12;3;52;11;52;11;72;11;32;21;52;27;68;27;36;23;92;23;12;43;64;43;40;0;1;1;1;5;5;5;7;6;12;12;3;52;11;52;11;72;11;32;21;52;27;68;27;36;23;92;23;12;43;64;43;40;0;1;0;0;6;3;1;1;0;6;5;1;0;0;0;0;0;;0;0;0;0;0;0;1;2;3;4;5;6;7;8;9;10;11;12;13;14;15;16;17;18;19;20;21;22;23;24;25;26;27;28;29;30;31;2;4;4;7;7;9;5;255;255;255;0;0;0;0;
33;0;1;1;3;2;4;5;5;10;9;12;3;52;11;64;11;40;13;88;13;16;19;52;25;68;25;36;41;84;41;20;43;52;0;1;1;3;2;4;5;5;10;9;12;3;52;13;64;13;40;15;88;15;16;23;52;27;68;27;36;43;84;43;20;45;52;0;1;1;3;2;4;5;5;10;9;12;3;52;9;64;9;40;9;84;9;20;17;52;23;68;23;36;39;84;39;20;41;52;0;0;0;1;4;2;0;0;0;4;3;2;0;0;0;0;0;;0;0;0;0;0;0;1;1;3;2;4;5;5;10;9;12;3;52;9;64;9;40;9;84;9;20;17;52;23;68;23;36;39;84;39;20;41;52;0;1;1;3;2;4;5;5;10;9;12;3;52;9;64;9;40;9;84;9;20;17;52;23;68;23;36;39;84;39;20;41;52;0;1;1;3;2;4;5;5;10;9;12;3;52;9;64;9;40;9;84;9;20;17;52;23;68;23;36;39;84;39;20;41;52;0;0;1;0;3;2;1;0;0;5;6;2;0;0;0;0;0;;0;0;0;0;0;0;1;1;3;2;4;5;5;10;9;12;3;52;11;64;11;40;13;88;13;16;19;52;25;68;25;36;41;84;41;20;43;52;0;1;1;3;2;4;5;5;10;9;12;3;52;13;64;13;40;15;88;15;16;23;52;27;68;27;36;43;84;43;20;45;52;0;1;1;3;2;4;5;5;10;9;12;3;52;9;64;9;40;9;84;9;20;17;52;23;68;23;36;39;84;39;20;41;52;0;0;0;1;4;2;0;0;0;4;3;2;0;0;0;0;0;;0;0;0;0;0;0;1;2;3;4;5;6;7;8;9;10;11;12;13;14;15;16;17;18;19;20;21;22;23;24;25;26;27;28;29;30;31;2;8;8;8;8;5;9;255;255;255;0;0;0;0;
34;0;1;1;3;2;5;5;7;6;8;12;3;52;11;64;11;40;13;88;13;16;21;64;21;40;29;92;29;12;31;52;43;52;0;1;1;3;2;4;4;7;6;8;12;3;52;11;64;11;40;13;88;13;16;23;64;23;40;33;88;33;16;33;52;45;52;0;1;1;3;2;4;4;7;6;8;12;3;52;9;60;9;40;11;88;11;16;19;64;19;40;29;88;29;16;29;52;41;52;0;1;0;1;4;2;1;0;0;5;5;2;0;0;0;0;0;;0;0;0;0;0;0;1;1;3;2;4;4;7;6;8;12;3;52;9;60;9;40;11;88;11;16;19;64;19;40;29;88;29;16;29;52;41;52;0;1;1;3;2;4;4;7;6;8;12;3;52;9;60;9;40;11;88;11;16;19;64;19;40;29;88;29;16;29;52;41;52;0;1;1;3;2;4;4;7;6;8;12;3;52;9;60;9;40;11;88;11;16;19;64;19;40;29;88;29;16;29;52;41;52;0;1;0;0;5;1;1;0;1;7;7;3;0;0;0;0;0;;0;0;0;0;0;0;1;1;3;2;5;5;7;6;8;12;3;52;11;64;11;40;13;88;13;16;21;64;21;40;29;92;29;12;31;52;43;52;0;1;1;3;2;4;4;7;6;8;12;3;52;11;64;11;40;13;88;13;16;23;64;23;40;33;88;33;16;33;52;45;52;0;1;1;3;2;4;4;7;6;8;12;3;52;9;60;9;40;11;88;11;16;19;64;19;40;29;88;29;16;29;52;41;52;0;1;0;1;4;2;1;0;0;5;5;2;0;0;0;0;0;;0;0;0;0;0;0;1;2;3;4;5;6;7;8;9;10;11;12;13;14;15;16;17;18;19;20;21;22;23;24;25;26;27;28;29;30;31;0;7;7;7;8;7;10;255;255;255;0;0;0;0;
35;0;1;1;3;2;4;5;5;10;9;12;3;52;11;64;11;40;13;88;13;16;23;52;23;72;23;32;39;84;39;20;43;52;0;1;1;3;2;4;5;5;10;9;12;3;52;11;64;11;40;13;88;13;16;23;52;23;72;23;32;39;84;39;20;43;52;0;1;1;3;2;4;5;5;10;9;12;3;52;11;64;11;40;13;88;13;16;23;52;23;72;23;32;39;84;39;20;43;52;0;1;0;1;4;3;1;0;0;5;6;3;0;0;0;0;0;;0;0;0;0;0;0;1;1;3;2;4;5;5;10;9;12;3;52;11;64;11;40;13;88;13;16;23;52;23;72;23;32;39;84;39;20;43;52;0;1;1;3;2;4;5;5;10;9;12;3;52;11;64;11;40;13;88;13;16;23;52;23;72;23;32;39;84;39;20;43;52;0;1;1;3;2;4;5;5;10;9;12;3;52;11;64;11;40;13;88;13;16;23;52;23;72;23;32;39;84;39;20;43;52;0;1;0;1;4;3;1;0;1;5;6;3;0;0;0;0;0;;0;0;0;0;0;0;1;1;3;2;4;5;5;10;9;12;3;52;11;64;11;40;13;88;13;16;23;52;23;72;23;32;39;84;39;20;43;52;0;1;1;3;2;4;5;5;10;9;12;3;52;11;64;11;40;13;88;13;16;23;52;23;72;23;32;39;84;39;20;43;52;0;1;1;3;2;4;5;5;10;9;12;3;52;11;64;11;40;13;88;13;16;23;52;23;72;23;32;39;84;39;20;43;52;0;1;0;1;4;3;1;0;0;5;6;3;0;0;0;0;0;;0;0;0;0;0;0;1;2;3;4;5;6;7;8;9;10;11;12;13;14;15;16;17;18;19;20;21;22;23;24;25;26;27;28;29;30;31;7;7;7;7;7;7;8;255;255;255;0;0;0;0;
36;0;1;1;3;2;5;5;7;6;12;12;3;52;11;64;11;40;13;88;13;16;21;64;21;40;31;84;31;20;43;64;43;40;0;1;1;3;2;5;5;7;6;12;12;3;52;11;64;11;40;13;88;13;16;21;64;21;40;31;84;31;20;43;64;43;40;0;1;1;3;2;5;5;7;6;12;12;3;52;11;64;11;40;13;88;13;16;21;64;21;40;31;84;31;20;43;64;43;40;1;1;1;0;7;3;0;0;0;7;6;1;0;0;0;0;0;;0;0;0;0;0;0;1;1;3;2;5;5;7;6;12;12;3;52;11;64;11;40;13;88;13;16;21;64;21;40;31;84;31;20;43;64;43;40;0;1;1;3;2;5;5;7;6;12;12;3;52;11;64;11;40;13;88;13;16;21;64;21;40;31;84;31;20;43;64;43;40;0;1;1;3;2;5;5;7;6;12;12;3;52;11;64;11;40;13;88;13;16;21;64;21;40;31;84;31;20;43;64;43;40;0;1;1;0;8;2;1;0;1;8;6;2;0;0;0;0;0;;0;0;0;0;0;0;1;1;3;2;5;5;7;6;12;12;3;52;11;64;11;40;13;88;13;16;21;64;21;40;31;84;31;20;43;64;43;40;0;1;1;3;2;5;5;7;6;12;12;3;52;11;64;11;40;13;88;13;16;21;64;21;40;31;84;31;20;43;64;43;40;0;1;1;3;2;5;5;7;6;12;12;3;52;11;64;11;40;13;88;13;16;21;64;21;40;31;84;31;20;43;64;43;40;1;1;1;0;7;3;0;0;0;7;6;1;0;0;0;0;0;;0;0;0;0;0;0;1;2;3;4;5;6;7;8;9;10;11;12;13;14;15;16;17;18;19;20;21;22;23;24;25;26;27;28;29;30;31;8;8;8;8;8;10;6;255;255;255;0;0;0;0;
37;0;1;1;3;2;4;4;7;6;8;12;3;52;11;64;11;40;13;88;13;16;19;64;19;40;31;84;31;20;33;52;43;52;0;1;1;3;2;4;4;7;6;8;12;3;52;11;64;11;40;13;88;13;16;19;64;19;40;31;84;31;20;33;52;43;52;0;1;1;3;2;4;4;7;6;8;12;3;52;11;64;11;40;13;88;13;16;19;64;19;40;31;84;31;20;33;52;43;52;0;1;0;0;6;2;1;0;0;6;6;2;0;0;0;0;0;;0;0;0;0;0;0;1;1;3;2;4;4;7;6;8;12;3;52;11;64;11;40;13;88;13;16;19;64;19;40;31;84;31;20;33;52;43;52;0;1;1;3;2;4;4;7;6;8;12;3;52;11;64;11;40;13;88;13;16;19;64;19;40;31;84;31;20;33;52;43;52;0;1;1;3;2;4;4;7;6;8;12;3;52;11;64;11;40;13;88;13;16;19;64;19;40;31;84;31;20;33;52;43;52;0;1;0;0;4;2;1;0;0;4;5;2;0;0;0;0;0;;0;0;0;0;0;0;1;1;3;2;4;4;7;6;8;12;3;52;11;64;11;40;13;88;13;16;19;64;19;40;31;84;31;20;33;52;43;52;0;1;1;3;2;4;4;7;6;8;12;3;52;11;64;11;40;13;88;13;16;19;64;19;40;31;84;31;20;33;52;43;52;0;1;1;3;2;4;4;7;6;8;12;3;52;11;64;11;40;13;88;13;16;19;64;19;40;31;84;31;20;33;52;43;52;0;1;0;0;6;2;1;0;0;6;6;2;0;0;0;0;0;;0;0;0;0;0;0;1;2;3;4;5;6;7;8;9;10;11;12;13;14;15;16;17;18;19;20;21;22;23;24;25;26;27;28;29;30;31;0;5;5;9;9;10;9;255;255;255;0;0;0;0;
38;0;1;1;3;2;4;5;5;7;6;12;3;52;11;64;11;40;13;88;13;16;19;52;25;68;27;36;33;88;33;16;43;52;0;1;1;3;2;5;4;5;7;6;12;3;52;13;64;13;40;15;88;15;16;27;68;21;52;27;36;33;88;33;16;45;52;0;1;1;3;2;5;4;5;7;6;12;3;52;11;64;11;40;11;88;11;16;23;68;17;52;23;36;29;88;29;16;41;52;1;0;0;0;4;2;0;0;0;1;2;2;0;0;0;0;0;;0;0;0;0;0;0;1;1;3;2;5;4;5;7;6;12;3;52;11;64;11;40;11;88;11;16;23;68;17;52;23;36;29;88;29;16;41;52;0;1;1;3;2;5;4;5;7;6;12;3;52;11;64;11;40;11;88;11;16;23;68;17;52;23;36;29;88;29;16;41;52;0;1;1;3;2;5;4;5;7;6;12;3;52;11;64;11;40;11;88;11;16;23;68;17;52;23;36;29;88;29;16;41;52;0;1;0;1;4;2;0;0;0;3;3;2;0;0;0;0;0;;0;0;0;0;0;0;1;1;3;2;4;5;5;7;6;12;3;52;11;64;11;40;13;88;13;16;19;52;25;68;27;36;33;88;33;16;43;52;0;1;1;3;2;5;4;5;7;6;12;3;52;13;64;13;40;15;88;15;16;27;68;21;52;27;36;33;88;33;16;45;52;0;1;1;3;2;5;4;5;7;6;12;3;52;11;64;11;40;11;88;11;16;23;68;17;52;23;36;29;88;29;16;41;52;1;0;0;0;4;2;0;0;0;1;2;2;0;0;0;0;0;;0;0;0;0;0;0;1;2;3;4;5;6;7;8;9;10;11;12;13;14;15;16;17;18;19;20;21;22;23;24;25;26;27;28;29;30;31;5;7;7;7;7;8;8;255;255;255;0;0;0;0;
39;0;1;1;3;2;5;5;7;6;12;12;3;52;11;64;11;40;13;88;13;16;25;64;25;40;27;84;27;20;43;64;43;40;0;1;1;3;2;5;5;7;6;12;12;3;52;13;64;13;40;15;88;15;16;29;64;29;40;31;84;31;20;43;64;43;40;0;1;1;3;2;5;5;7;6;12;12;3;52;11;64;11;40;13;88;13;16;21;64;21;40;25;84;25;20;41;64;41;40;1;0;0;0;4;2;0;1;1;4;3;1;0;0;0;0;0;;0;0;0;0;0;0;1;1;3;2;5;5;7;6;12;12;3;52;11;64;11;40;13;88;13;16;21;64;21;40;25;84;25;20;41;64;41;40;0;1;1;3;2;5;5;7;6;12;12;3;52;11;64;11;40;13;88;13;16;21;64;21;40;25;84;25;20;41;64;41;40;0;1;1;3;2;5;5;7;6;12;12;3;52;11;64;11;40;13;88;13;16;21;64;21;40;25;84;25;20;41;64;41;40;1;1;1;1;7;1;1;0;0;6;6;3;0;0;0;0;0;;0;0;0;0;0;0;1;1;3;2;5;5;7;6;12;12;3;52;11;64;11;40;13;88;13;16;25;64;25;40;27;84;27;20;43;64;43;40;0;1;1;3;2;5;5;7;6;12;12;3;52;13;64;13;40;15;88;15;16;29;64;29;40;31;84;31;20;43;64;43;40;0;1;1;3;2;5;5;7;6;12;12;3;52;11;64;11;40;13;88;13;16;21;64;21;40;25;84;25;20;41;64;41;40;1;0;0;0;4;2;0;1;1;4;3;1;0;0;0;0;0;;0;0;0;0;0;0;1;2;3;4;5;6;7;8;9;10;11;12;13;14;15;16;17;18;19;20;21;22;23;24;25;26;27;28;29;30;31;6;6;6;6;6;6;9;255;255;255;0;0;0;0;
40;0;1;1;3;2;4;5;5;10;9;12;3;52;11;64;11;40;13;88;13;16;23;52;27;72;27;32;37;84;37;20;43;52;0;1;1;3;2;4;5;5;10;9;12;3;52;13;64;13;40;15;88;15;16;25;52;33;68;33;36;43;92;43;16;43;52;0;1;1;3;2;4;5;5;10;9;12;3;52;11;64;11;40;11;88;11;16;17;52;23;68;23;36;35;84;35;20;41;52;0;1;0;0;6;3;0;1;0;8;4;2;0;0;0;0;0;;0;0;0;0;0;0;1;1;3;2;4;5;5;10;9;12;3;52;11;64;11;40;11;88;11;16;17;52;23;68;23;36;35;84;35;20;41;52;0;1;1;3;2;4;5;5;10;9;12;3;52;11;64;11;40;11;88;11;16;17;52;23;68;23;36;35;84;35;20;41;52;0;1;1;3;2;4;5;5;10;9;12;3;52;11;64;11;40;11;88;11;16;17;52;23;68;23;36;35;84;35;20;41;52;0;1;0;0;6;2;0;1;0;7;3;2;0;0;0;0;0;;0;0;0;0;0;0;1;1;3;2;4;5;5;10;9;12;3;52;11;64;11;40;13;88;13;16;23;52;27;72;27;32;37;84;37;20;43;52;0;1;1;3;2;4;5;5;10;9;12;3;52;13;64;13;40;15;88;15;16;25;52;33;68;33;36;43;92;43;16;43;52;0;1;1;3;2;4;5;5;10;9;12;3;52;11;64;11;40;11;88;11;16;17;52;23;68;23;36;35;84;35;20;41;52;0;1;0;0;6;3;0;1;0;8;4;2;0;0;0;0;0;;0;0;0;0;0;0;1;2;3;4;5;6;7;8;9;10;11;12;13;14;15;16;17;18;19;20;21;22;23;24;25;26;27;28;29;30;31;5;5;5;7;7;9;7;255;255;255;0;0;0;0;
41;0;1;1;3;2;5;5;7;6;8;12;3;52;11;64;11;40;13;88;13;16;21;68;21;36;31;84;31;20;31;52;43;52;0;1;1;3;2;5;5;7;6;8;12;3;52;13;64;13;40;15;88;15;16;23;68;23;36;33;84;33;20;33;52;45;52;0;1;1;3;2;5;5;7;6;8;12;3;52;9;64;9;40;9;88;9;16;19;68;19;36;29;84;29;20;29;52;41;52;0;0;0;1;6;2;0;1;0;5;4;2;0;0;0;0;0;;0;0;0;0;0;0;1;1;3;2;5;5;7;6;8;12;3;52;9;64;9;40;9;88;9;16;19;68;19;36;29;84;29;20;29;52;41;52;0;1;1;3;2;5;5;7;6;8;12;3;52;9;64;9;40;9;88;9;16;19;68;19;36;29;84;29;20;29;52;41;52;0;1;1;3;2;5;5;7;6;8;12;3;52;9;64;9;40;9;88;9;16;19;68;19;36;29;84;29;20;29;52;41;52;1;1;0;0;8;1;1;1;1;8;8;3;0;0;0;0;0;;0;0;0;0;0;0;1;1;3;2;5;5;7;6;8;12;3;52;11;64;11;40;13;88;13;16;21;68;21;36;31;84;31;20;31;52;43;52;0;1;1;3;2;5;5;7;6;8;12;3;52;13;64;13;40;15;88;15;16;23;68;23;36;33;84;33;20;33;52;45;52;0;1;1;3;2;5;5;7;6;8;12;3;52;9;64;9;40;9;88;9;16;19;68;19;36;29;84;29;20;29;52;41;52;0;0;0;1;6;2;0;1;0;5;4;2;0;0;0;0;0;;0;0;0;0;0;0;1;2;3;4;5;6;7;8;9;10;11;12;13;14;15;16;17;18;19;20;21;22;23;24;25;26;27;28;29;30;31;6;6;6;6;6;6;9;255;255;255;0;0;0;0;
42;0;1;1;1;3;2;5;5;7;6;12;3;52;11;52;11;72;11;32;15;88;15;16;23;68;23;36;27;92;27;12;41;52;0;1;1;1;3;2;5;5;7;6;12;3;52;13;52;13;72;13;32;15;92;15;12;25;68;25;36;29;92;29;12;43;52;0;1;1;1;3;2;4;4;7;6;12;3;52;9;52;9;72;9;32;13;88;13;16;21;68;21;36;25;92;25;12;41;52;0;0;0;0;7;2;1;1;1;4;4;2;0;0;0;0;0;;0;0;0;0;0;0;1;1;1;3;2;4;4;7;6;12;3;52;9;52;9;72;9;32;13;88;13;16;21;68;21;36;25;92;25;12;41;52;0;1;1;1;3;2;4;4;7;6;12;3;52;9;52;9;72;9;32;13;88;13;16;21;68;21;36;25;92;25;12;41;52;0;1;1;1;3;2;4;4;7;6;12;3;52;9;52;9;72;9;32;13;88;13;16;21;68;21;36;25;92;25;12;41;52;0;0;0;0;8;2;1;1;1;4;7;2;0;0;0;0;0;;0;0;0;0;0;0;1;1;1;3;2;5;5;7;6;12;3;52;11;52;11;72;11;32;15;88;15;16;23;68;23;36;27;92;27;12;41;52;0;1;1;1;3;2;5;5;7;6;12;3;52;13;52;13;72;13;32;15;92;15;12;25;68;25;36;29;92;29;12;43;52;0;1;1;1;3;2;4;4;7;6;12;3;52;9;52;9;72;9;32;13;88;13;16;21;68;21;36;25;92;25;12;41;52;0;0;0;0;7;2;1;1;1;4;4;2;0;0;0;0;0;;0;0;0;0;0;0;1;2;3;4;5;6;7;8;9;10;11;12;13;14;15;16;17;18;19;20;21;22;23;24;25;26;27;28;29;30;31;9;9;9;9;9;9;7;255;255;255;0;0;0;0;
43;0;1;1;1;3;2;4;4;7;6;12;3;52;11;52;11;72;11;32;15;88;15;16;23;64;23;40;27;84;27;20;41;52;0;1;1;1;3;2;4;4;7;6;12;3;52;13;52;13;72;13;32;15;88;15;16;25;64;25;40;29;84;29;20;43;52;0;1;1;1;3;2;4;4;7;6;12;3;52;11;52;11;72;11;32;15;88;15;16;19;64;19;40;25;84;25;20;41;52;0;0;0;0;7;2;1;1;0;5;6;2;0;0;0;0;0;;0;0;0;0;0;0;1;1;1;3;2;4;4;7;6;12;3;52;11;52;11;72;11;32;15;88;15;16;19;64;19;40;25;84;25;20;41;52;0;1;1;1;3;2;4;4;7;6;12;3;52;11;52;11;72;11;32;15;88;15;16;19;64;19;40;25;84;25;20;41;52;0;1;1;1;3;2;4;4;7;6;12;3;52;11;52;11;72;11;32;15;88;15;16;19;64;19;40;25;84;25;20;41;52;0;0;0;0;9;2;1;1;0;4;7;2;0;0;0;0;0;;0;0;0;0;0;0;1;1;1;3;2;4;4;7;6;12;3;52;11;52;11;72;11;32;15;88;15;16;23;64;23;40;27;84;27;20;41;52;0;1;1;1;3;2;4;4;7;6;12;3;52;13;52;13;72;13;32;15;88;15;16;25;64;25;40;29;84;29;20;43;52;0;1;1;1;3;2;4;4;7;6;12;3;52;11;52;11;72;11;32;15;88;15;16;19;64;19;40;25;84;25;20;41;52;0;0;0;0;7;2;1;1;0;5;6;2;0;0;0;0;0;;0;0;0;0;0;0;1;2;3;4;5;6;7;8;9;10;11;12;13;14;15;16;17;18;19;20;21;22;23;24;25;26;27;28;29;30;31;1;8;7;7;8;10;1;255;255;255;0;0;0;0;
44;0;1;1;3;2;4;5;5;10;9;12;3;52;11;64;11;40;13;88;13;16;22;52;28;68;28;36;41;84;41;20;43;52;0;1;1;3;2;4;5;5;11;11;12;3;52;11;64;11;40;13;88;13;16;25;52;29;72;29;32;43;72;43;32;43;52;0;1;1;3;2;4;5;5;11;11;12;3;52;11;64;11;40;13;88;13;16;25;52;29;72;29;32;43;72;43;32;43;52;0;1;0;1;0;2;0;1;1;7;6;0;52;0;0;12;-1;;0;0;11;64;11;40;13;88;13;16;25;52;29;72;29;32;43;72;43;32;43;52;0;1;1;3;2;4;5;5;11;11;12;3;52;11;64;11;40;13;88;13;16;25;52;29;72;29;32;43;72;43;32;43;52;0;1;1;3;2;4;5;5;11;11;12;3;52;11;64;11;40;13;88;13;16;25;52;29;72;29;32;43;72;43;32;43;52;0;1;0;0;1;0;0;0;0;0;0;0;0;0;0;0;0;0;0;0;52;11;0;0;0;64;11;40;72;-1095115537914;-1;216455356602122240;219562623791072258;;0;0;43;32;43;52;0;1;1;3;2;4;5;5;11;11;12;3;52;11;64;11;40;13;88;13;16;25;52;29;72;29;32;43;72;43;32;43;52;0;1;1;3;2;4;5;5;11;11;12;3;52;11;64;11;40;13;88;13;16;25;52;29;72;29;32;43;72;43;32;43;52;0;1;0;1;0;1;1;0;0;0;0;0;0;0;0;0;0;0;0;0;0;0;0;0;0;6;2;7;6;1;255;255;255;255;255;255;28;29;255;255;255;30;31;7;0;216468550741655552;870892404402882064;1371653967222538763;1952896551564675604;;255;255;0;0;0;0;1;2;3;4;6;18;5;7;8;10;11;12;13;14;15;16;17;9;19;20;21;22;23;24;25;26;27;28;29;30;31;7;7;7;7;7;7;18;1;2;10;0;0;0;0;
45;0;1;1;3;2;4;5;5;10;9;12;3;52;11;64;11;40;13;88;13;16;19;52;27;68;27;36;35;84;35;20;41;52;0;1;1;3;2;4;5;5;10;9;12;3;52;11;64;11;40;15;88;15;16;23;52;31;72;31;32;41;84;41;20;45;52;0;1;1;3;2;4;5;5;10;9;12;3;52;11;64;11;40;11;88;11;16;17;52;23;68;23;36;35;84;35;20;41;52;0;1;0;1;0;3;0;1;1;5;7;0;52;0;0;-1090803924220;-1;;0;0;11;64;11;40;11;88;11;16;17;52;23;68;23;36;35;84;35;20;41;52;0;1;1;3;2;4;5;5;10;9;12;3;52;11;64;11;40;11;88;11;16;17;52;23;68;23;36;35;84;35;20;41;52;0;1;1;3;2;4;5;5;10;9;12;3;52;11;64;11;40;11;88;11;16;17;52;23;68;23;36;35;84;35;20;41;52;0;1;0;1;0;1;1;0;0;0;0;0;0;0;0;0;0;0;0;0;52;11;0;0;0;64;11;40;84;-1086492245499;-1;216455356602122240;219560420472849410;;0;0;35;20;41;52;0;1;1;3;2;4;5;5;10;9;12;3;52;11;64;11;40;15;88;15;16;23;52;31;72;31;32;41;84;41;20;45;52;0;1;1;3;2;4;5;5;10;9;12;3;52;11;64;11;40;11;88;11;16;17;52;23;68;23;36;35;84;35;20;41;52;0;1;0;1;0;1;1;0;0;0;0;0;0;0;0;0;0;0;0;0;0;0;0;0;0;4;3;5;7;2;255;255;255;255;255;255;28;29;255;255;255;30;31;6;0;216736831578832896;795458214266537220;1662691448099573004;1952900979591877908;;255;255;0;0;0;0;1;2;3;4;5;6;7;8;9;10;11;12;13;14;15;16;17;18;19;20;21;22;23;24;25;26;27;28;29;30;31;9;9;9;9;9;9;8;2;1;5;0;0;0;0;
46;0;1;1;3;2;4;5;5;7;6;12;3;52;11;64;11;40;13;88;13;16;22;52;27;70;27;34;29;92;29;12;43;52;0;1;1;3;2;4;4;7;6;8;12;3;52;11;64;11;40;13;88;13;16;19;64;19;40;31;84;31;20;33;52;43;52;0;1;1;3;2;4;4;7;6;8;12;3;52;11;64;11;40;13;88;13;16;19;64;19;40;31;84;31;20;33;52;43;52;0;0;0;1;0;2;1;0;0;4;5;0;0;0;0;-1090837544444;-1;;0;0;11;64;11;40;13;88;13;16;19;64;19;40;31;84;31;20;33;52;43;52;0;1;1;3;2;4;4;7;6;8;12;3;52;11;64;11;40;13;88;13;16;19;64;19;40;31;84;31;20;33;52;43;52;0;1;1;3;2;4;4;7;6;8;12;3;52;11;64;11;40;13;88;13;16;19;64;19;40;31;84;31;20;33;52;43;52;0;1;0;0;1;0;0;0;0;0;0;0;0;0;0;0;0;0;0;0;52;11;0;0;0;64;11;40;20;-1090837544440;-1;216455356602122240;219559303814841346;;0;0;33;52;41;52;0;1;1;3;2;4;4;7;6;8;12;3;52;11;64;11;40;13;88;13;16;19;64;19;40;31;84;31;20;33;52;43;52;0;1;1;3;2;4;4;7;6;8;12;3;52;11;64;11;40;13;88;13;16;19;64;19;40;31;84;31;20;33;52;43;52;0;0;0;1;1;0;0;0;0;0;0;0;0;0;0;0;0;0;0;0;0;0;0;0;0;4;2;4;5;2;255;255;255;255;255;255;28;29;255;255;255;30;31;2;0;216736831578832896;795458214267323652;437157096082771212;1951487012017412628;;255;255;0;0;0;0;1;2;3;4;5;6;7;8;9;10;11;12;13;14;15;16;17;18;19;20;21;22;23;24;25;26;27;28;29;30;31;1;9;6;9;9;10;7;5;1;10;0;0;0;0;
47;0;1;1;3;2;4;4;7;6;8;12;3;52;11;64;11;40;13;88;13;16;19;64;19;40;31;88;31;16;33;52;43;52;0;1;1;3;2;4;5;5;10;9;12;3;52;13;64;13;40;15;88;15;16;23;52;31;68;31;36;41;84;41;20;43;52;0;1;1;3;2;4;5;5;10;9;12;3;52;11;64;11;40;11;88;11;16;17;52;25;68;25;36;35;84;35;20;41;52;0;1;0;0;7;3;0;1;0;7;7;1;0;1122944768;1122944768;1122944768;1122944768;;0;0;11;64;11;0;1;1;3;2;4;5;5;10;9;12;3;52;11;64;11;40;11;88;11;16;17;52;25;68;25;36;35;84;35;20;41;52;0;1;1;3;2;4;5;5;10;9;12;3;52;11;64;11;40;11;88;11;16;17;52;25;68;25;36;35;84;35;20;41;52;0;1;1;3;2;4;5;5;10;9;12;3;52;11;64;11;40;11;88;11;16;17;52;25;68;25;36;35;84;35;20;41;52;0;1;0;0;6;2;0;1;0;6;7;2;0;1122944768;1122944768;1122944768;1122944768;;0;0;37;20;43;0;1;1;3;2;4;5;5;10;9;12;3;52;11;64;11;40;13;88;13;16;19;52;25;72;25;32;37;84;37;20;43;52;0;1;1;3;2;4;5;5;10;9;12;3;52;13;64;13;40;15;88;15;16;23;52;31;68;31;36;41;84;41;20;43;52;0;1;1;3;2;4;5;5;10;9;12;3;52;11;64;11;40;11;88;11;16;17;52;25;68;25;36;35;84;35;20;41;52;0;1;0;0;7;3;0;1;0;7;7;1;0;1122944768;1122944768;1122944768;1122944768;;255;255;0;0;0;0;1;2;3;4;5;6;7;8;9;10;11;12;13;14;15;16;17;18;19;20;21;22;23;24;25;26;27;28;29;30;31;2;7;6;7;7;10;9;2;1;3;0;0;0;0;
48;0;1;1;3;2;5;5;7;6;12;12;3;52;11;64;11;40;13;88;13;16;21;64;21;40;31;88;31;16;43;64;43;40;0;1;1;3;2;4;7;6;8;8;12;3;52;11;64;11;40;13;88;13;16;19;52;31;84;31;20;33;68;33;36;43;52;0;1;1;3;2;4;7;6;8;8;12;3;52;11;64;11;40;13;88;13;16;19;52;31;84;31;20;33;68;33;36;43;52;0;0;0;0;0;2;0;0;0;6;6;0;0;0;0;-1090820636155;-1;;0;0;11;64;11;40;13;88;13;16;19;52;31;84;31;20;33;68;33;36;43;52;0;1;1;3;2;4;7;6;8;8;12;3;52;11;64;11;40;13;88;13;16;19;52;31;84;31;20;33;68;33;36;43;52;0;1;1;3;2;4;7;6;8;8;12;3;52;11;64;11;40;13;88;13;16;19;52;31;84;31;20;33;68;33;36;43;52;1;1;0;0;1;0;0;0;0;0;0;0;0;0;0;0;0;0;0;0;52;11;0;0;0;64;11;40;68;-1086508826362;-1;216455356602122240;219559312388195330;;0;0;33;36;43;52;0;1;1;3;2;4;7;6;8;8;12;3;52;11;64;11;40;13;88;13;16;19;52;31;84;31;20;33;68;33;36;43;52;0;1;1;3;2;4;7;6;8;8;12;3;52;11;64;11;40;13;88;13;16;19;52;31;84;31;20;33;68;33;36;43;52;0;0;0;0;0;0;0;0;0;0;0;0;0;0;0;0;0;0;0;0;0;0;0;0;0;5;2;6;6;2;255;255;255;255;255;255;28;29;255;255;255;30;31;5;0;216736831578832896;795458214266537220;1446519769792384279;1952899845619849493;;255;255;0;0;0;0;1;2;3;4;5;6;7;8;9;10;11;12;13;14;15;16;17;18;19;20;21;22;23;24;25;26;27;28;29;30;31;1;7;5;5;5;7;5;2;1;3;0;0;0;0;
49;0;1;1;3;2;4;5;5;10;9;12;3;52;11;64;11;40;13;88;13;16;19;52;26;68;26;36;41;84;41;20;43;52;0;1;1;3;2;5;5;7;6;12;12;3;52;11;64;11;40;15;88;15;16;25;64;25;40;31;88;31;16;43;64;43;40;0;1;1;3;2;5;5;7;6;12;12;3;52;11;64;11;40;11;88;11;16;21;64;21;40;23;88;23;16;41;64;41;40;0;0;0;1;0;2;1;0;0;7;6;0;0;0;0;-1090820570619;-1;;0;0;11;64;11;40;11;88;11;16;21;64;21;40;23;88;23;16;41;64;41;40;0;1;1;3;2;5;5;7;6;12;12;3;52;11;64;11;40;11;88;11;16;21;64;21;40;23;88;23;16;41;64;41;40;0;1;1;3;2;5;5;7;6;12;12;3;52;11;64;11;40;11;88;11;16;21;64;21;40;23;88;23;16;41;64;41;40;1;1;0;0;1;0;0;0;0;0;0;0;0;0;0;0;0;0;0;0;52;11;0;0;0;64;11;40;20;-1090820570616;-1;216455356602122240;219563701861418242;;0;0;43;64;43;40;0;1;1;3;2;5;5;7;6;12;12;3;52;11;64;11;40;15;88;15;16;25;64;25;40;31;88;31;16;43;64;43;40;0;1;1;3;2;5;5;7;6;12;12;3;52;11;64;11;40;11;88;11;16;21;64;21;40;23;88;23;16;41;64;41;40;0;0;0;1;1;0;0;0;0;0;0;0;0;0;0;0;0;0;0;0;0;0;0;0;0;5;2;7;6;2;255;255;255;255;255;255;28;29;255;255;255;30;31;6;0;216736831578832896;795458214484641540;1301827333816978700;1952900979675763987;;255;255;0;0;0;0;1;2;3;4;5;6;7;8;9;10;11;12;13;14;15;16;17;18;19;20;21;22;23;24;25;26;27;28;29;30;31;6;4;6;7;7;10;6;1;2;10;0;0;0;0;
50;0;1;1;3;2;4;5;5;8;8;12;3;52;11;64;11;40;13;88;13;16;19;52;25;76;25;28;33;68;33;36;43;52;0;1;1;3;2;4;4;10;9;11;12;3;52;11;64;11;40;13;88;13;16;21;64;21;40;39;88;39;16;35;52;43;52;0;1;1;3;2;4;4;10;9;11;12;3;52;11;64;11;40;13;88;13;16;21;64;21;40;35;88;35;16;35;52;43;52;0;1;1;1;4;3;0;0;0;5;5;3;0;1122944768;1122944768;1122944768;1122944768;;0;0;11;64;11;0;1;1;3;2;4;4;10;9;11;12;3;52;11;64;11;40;13;88;13;16;21;64;21;40;35;88;35;16;35;52;43;52;0;1;1;3;2;4;4;10;9;11;12;3;52;11;64;11;40;13;88;13;16;21;64;21;40;35;88;35;16;35;52;43;52;0;1;1;3;2;4;4;10;9;11;12;3;52;11;64;11;40;13;88;13;16;21;64;21;40;35;88;35;16;35;52;43;52;0;0;0;0;5;3;1;1;0;6;5;3;0;1122944768;1122944768;1122944768;1122944768;;0;0;35;52;43;0;1;1;3;2;4;4;10;9;11;12;3;52;11;64;11;40;13;88;13;16;21;64;21;40;35;88;35;16;35;52;43;52;0;1;1;3;2;4;4;10;9;11;12;3;52;11;64;11;40;13;88;13;16;21;64;21;40;39;88;39;16;35;52;43;52;0;1;1;3;2;4;4;10;9;11;12;3;52;11;64;11;40;13;88;13;16;21;64;21;40;35;88;35;16;35;52;43;52;0;1;1;1;4;3;0;0;0;5;5;3;0;1122944768;1122944768;1122944768;1122944768;;255;255;0;0;0;0;1;2;3;4;5;6;7;8;9;10;11;12;13;14;15;16;17;18;19;20;21;22;23;24;25;26;27;28;29;30;31;8;8;8;8;8;8;10;2;1;4;0;0;0;0;
51;0;1;1;3;2;4;5;5;10;9;12;3;52;11;64;11;40;13;88;13;16;19;52;26;68;26;36;41;84;41;20;43;52;0;1;1;3;2;5;5;8;8;12;12;3;52;11;64;11;40;13;88;13;16;23;64;23;40;33;64;33;40;43;64;43;40;0;1;1;3;2;5;5;8;8;12;12;3;52;11;64;11;40;13;88;13;16;23;64;23;40;33;64;33;40;43;64;43;40;0;0;0;1;0;2;0;1;1;4;4;0;0;0;0;-1090854321658;-1;;0;0;11;64;11;40;13;88;13;16;23;64;23;40;33;64;33;40;43;64;43;40;0;1;1;3;2;5;5;8;8;12;12;3;52;11;64;11;40;13;88;13;16;23;64;23;40;33;64;33;40;43;64;43;40;0;1;1;3;2;5;5;8;8;12;12;3;52;11;64;11;40;13;88;13;16;23;64;23;40;33;64;33;40;43;64;43;40;1;1;0;0;1;1;0;0;0;0;0;0;0;0;0;0;0;0;0;0;52;11;0;0;0;64;11;40;40;-1090820505081;-1;216455356602122240;219563710468130050;;0;0;43;64;43;40;0;1;1;3;2;5;5;8;8;12;12;3;52;11;64;11;40;13;88;13;16;23;64;23;40;33;64;33;40;43;64;43;40;0;1;1;3;2;5;5;8;8;12;12;3;52;11;64;11;40;13;88;13;16;23;64;23;40;33;64;33;40;43;64;43;40;0;0;0;1;0;1;1;0;0;0;0;0;0;0;0;0;0;0;0;0;0;0;0;0;0;6;2;4;4;2;255;255;255;255;255;255;27;20;255;255;255;21;31;8;0;216468550741655552;795458214266537218;1377004281148739084;1301826230145654038;;255;255;0;0;0;0;1;2;3;4;5;6;7;8;9;10;11;12;13;14;15;16;17;18;19;20;21;22;23;24;25;26;27;28;29;30;31;10;8;5;8;8;10;10;2;1;10;0;0;0;0;
52;0;1;1;3;2;4;4;7;6;8;12;3;52;11;64;11;40;13;88;13;16;21;64;21;40;33;88;33;16;31;52;43;52;0;1;1;3;2;4;4;11;9;8;12;3;52;11;64;11;40;15;88;15;16;23;68;23;36;39;76;35;16;33;52;43;48;0;1;1;3;2;4;4;7;6;8;12;3;52;11;64;11;40;13;88;13;16;19;64;19;40;31;88;31;16;29;52;41;52;1;1;1;1;6;3;0;1;1;6;6;2;0;0;0;0;0;;0;0;0;0;0;0;1;1;3;2;4;4;7;6;8;12;3;52;11;64;11;40;13;88;13;16;19;64;19;40;31;88;31;16;29;52;41;52;0;1;1;3;2;4;4;7;6;8;12;3;52;11;64;11;40;13;88;13;16;19;64;19;40;31;88;31;16;29;52;41;52;0;1;1;3;2;4;4;7;6;8;12;3;52;11;64;11;40;13;88;13;16;19;64;19;40;31;88;31;16;29;52;41;52;0;1;0;0;5;1;1;0;1;4;5;3;0;0;0;0;0;;0;0;0;0;0;0;1;1;3;2;4;4;7;6;8;12;3;52;11;64;11;40;13;88;13;16;21;64;21;40;33;88;33;16;31;52;43;52;0;1;1;3;2;4;4;11;9;8;12;3;52;11;64;11;40;15;88;15;16;23;68;23;36;39;76;35;16;33;52;43;48;0;1;1;3;2;4;4;7;6;8;12;3;52;11;64;11;40;13;88;13;16;19;64;19;40;31;88;31;16;29;52;41;52;1;1;1;1;6;3;0;1;1;6;6;2;0;0;0;0;0;;0;0;0;0;0;0;1;2;3;4;5;6;7;8;9;10;11;12;13;14;15;16;17;18;19;20;21;22;23;24;25;26;27;28;29;30;31;1;9;9;9;9;9;6;255;255;255;0;0;0;0;
53;0;1;1;3;2;4;7;6;8;8;12;3;52;11;60;11;40;13;88;13;12;19;52;31;84;31;20;31;64;31;40;43;52;0;1;1;3;2;4;7;6;8;8;12;3;52;11;60;11;40;13;88;13;12;19;52;31;84;31;20;31;64;31;40;43;52;0;1;1;3;2;4;7;6;8;8;12;3;52;11;60;11;40;13;88;13;12;19;52;27;84;27;20;27;64;27;40;43;52;0;1;1;0;10;3;1;0;0;5;5;3;0;0;0;0;0;;0;0;0;0;0;0;1;1;3;2;4;7;6;8;8;12;3;52;11;60;11;40;13;88;13;12;19;52;27;84;27;20;27;64;27;40;43;52;0;1;1;3;2;4;7;6;8;8;12;3;52;11;60;11;40;13;88;13;12;19;52;27;84;27;20;27;64;27;40;43;52;0;1;1;3;2;4;7;6;8;8;12;3;52;11;60;11;40;13;88;13;12;19;52;27;84;27;20;27;64;27;40;43;52;0;0;1;0;6;3;1;1;0;7;6;3;0;0;0;0;0;;0;0;0;0;0;0;1;1;3;2;4;7;6;8;8;12;3;52;11;60;11;40;13;88;13;12;19;52;31;84;31;20;31;64;31;40;43;52;0;1;1;3;2;4;7;6;8;8;12;3;52;11;60;11;40;13;88;13;12;19;52;31;84;31;20;31;64;31;40;43;52;0;1;1;3;2;4;7;6;8;8;12;3;52;11;60;11;40;13;88;13;12;19;52;27;84;27;20;27;64;27;40;43;52;0;1;1;0;10;3;1;0;0;5;5;3;0;0;0;0;0;;0;0;0;0;0;0;1;2;3;4;5;6;7;8;9;10;11;12;13;14;15;16;17;18;19;20;21;22;23;24;25;26;27;28;29;30;31;5;5;5;5;5;5;9;255;255;255;0;0;0;0;
54;0;1;1;3;2;4;5;5;7;6;12;3;52;11;60;11;40;13;88;13;12;19;52;25;68;25;40;33;84;33;20;43;52;0;1;1;3;2;4;5;5;7;6;12;3;52;11;60;11;40;13;88;13;12;19;52;25;68;25;40;33;84;33;20;43;52;0;1;1;3;2;4;5;5;7;6;12;3;52;11;60;11;40;13;88;13;12;19;52;25;68;25;40;33;84;33;20;43;52;0;0;1;0;10;1;1;1;0;4;7;3;0;0;0;0;0;;0;0;0;0;0;0;1;1;3;2;4;5;5;7;6;12;3;52;11;60;11;40;13;88;13;12;19;52;25;68;25;40;33;84;33;20;43;52;0;1;1;3;2;4;5;5;7;6;12;3;52;11;60;11;40;13;88;13;12;19;52;25;68;25;40;33;84;33;20;43;52;0;1;1;3;2;4;5;5;7;6;12;3;52;11;60;11;40;13;88;13;12;19;52;25;68;25;40;33;84;33;20;43;52;0;0;1;0;7;1;1;1;1;4;7;3;0;0;0;0;0;;0;0;0;0;0;0;1;1;3;2;4;5;5;7;6;12;3;52;11;60;11;40;13;88;13;12;19;52;25;68;25;40;33;84;33;20;43;52;0;1;1;3;2;4;5;5;7;6;12;3;52;11;60;11;40;13;88;13;12;19;52;25;68;25;40;33;84;33;20;43;52;0;1;1;3;2;4;5;5;7;6;12;3;52;11;60;11;40;13;88;13;12;19;52;25;68;25;40;33;84;33;20;43;52;0;0;1;0;10;1;1;1;0;4;7;3;0;0;0;0;0;;0;0;0;0;0;0;1;2;3;4;5;6;7;8;9;10;11;12;13;14;15;16;17;18;19;20;21;22;23;24;25;26;27;28;29;30;31;5;5;5;5;5;5;7;255;255;255;0;0;0;0;
55;0;1;1;3;2;4;5;5;10;9;12;3;52;11;64;11;40;13;92;13;12;21;52;27;68;27;36;41;84;41;20;45;52;0;1;1;3;2;4;5;5;10;9;12;3;52;13;64;13;40;15;92;15;12;23;52;29;68;29;36;43;84;43;20;45;52;0;1;1;3;2;4;5;5;10;9;12;3;52;9;64;9;40;9;84;9;20;17;52;23;68;23;36;37;84;37;20;41;52;0;1;1;0;4;1;1;0;0;3;7;3;0;0;0;0;0;;0;0;0;0;0;0;1;1;3;2;4;5;5;10;9;12;3;52;9;64;9;40;9;84;9;20;17;52;23;68;23;36;37;84;37;20;41;52;0;1;1;3;2;4;5;5;10;9;12;3;52;9;64;9;40;9;84;9;20;17;52;23;68;23;36;37;84;37;20;41;52;0;1;1;3;2;4;5;5;10;9;12;3;52;9;64;9;40;9;84;9;20;17;52;23;68;23;36;37;84;37;20;41;52;0;0;1;0;2;1;1;0;0;4;6;3;0;0;0;0;0;;0;0;0;0;0;0;1;1;3;2;4;5;5;10;9;12;3;52;11;64;11;40;13;92;13;12;21;52;27;68;27;36;41;84;41;20;45;52;0;1;1;3;2;4;5;5;10;9;12;3;52;13;64;13;40;15;92;15;12;23;52;29;68;29;36;43;84;43;20;45;52;0;1;1;3;2;4;5;5;10;9;12;3;52;9;64;9;40;9;84;9;20;17;52;23;68;23;36;37;84;37;20;41;52;0;1;1;0;4;1;1;0;0;3;7;3;0;0;0;0;0;;0;0;0;0;0;0;1;2;3;4;5;6;7;8;9;10;11;12;13;14;15;16;17;18;19;20;21;22;23;24;25;26;27;28;29;30;31;7;8;8;7;7;10;7;255;255;255;0;0;0;0;
56;0;1;1;3;2;4;4;7;6;8;12;3;52;11;64;11;40;11;92;11;12;21;68;21;36;31;92;31;12;31;52;43;52;0;1;1;3;2;4;4;7;6;8;12;3;52;13;64;13;40;13;92;13;12;23;68;23;36;33;92;33;12;33;52;45;52;0;1;1;3;2;4;4;7;6;8;12;3;52;11;64;11;40;11;88;11;16;17;68;17;36;27;88;27;16;27;52;41;52;1;1;1;1;8;3;0;0;0;6;5;1;0;0;0;0;0;;0;0;0;0;0;0;1;1;3;2;4;4;7;6;8;12;3;52;11;64;11;40;11;88;11;16;17;68;17;36;27;88;27;16;27;52;41;52;0;1;1;3;2;4;4;7;6;8;12;3;52;11;64;11;40;11;88;11;16;17;68;17;36;27;88;27;16;27;52;41;52;0;1;1;3;2;4;4;7;6;8;12;3;52;11;64;11;40;11;88;11;16;17;68;17;36;27;88;27;16;27;52;41;52;0;0;0;0;4;1;1;1;0;8;7;3;0;0;0;0;0;;0;0;0;0;0;0;1;1;3;2;4;4;7;6;8;12;3;52;11;64;11;40;11;92;11;12;21;68;21;36;31;92;31;12;31;52;43;52;0;1;1;3;2;4;4;7;6;8;12;3;52;13;64;13;40;13;92;13;12;23;68;23;36;33;92;33;12;33;52;45;52;0;1;1;3;2;4;4;7;6;8;12;3;52;11;64;11;40;11;88;11;16;17;68;17;36;27;88;27;16;27;52;41;52;1;1;1;1;8;3;0;0;0;6;5;1;0;0;0;0;0;;0;0;0;0;0;0;1;2;3;4;5;6;7;8;9;10;11;12;13;14;15;16;17;18;19;20;21;22;23;24;25;26;27;28;29;30;31;2;9;8;7;7;10;5;255;255;255;0;0;0;0;
57;0;1;1;3;2;5;5;5;8;12;12;3;52;11;64;11;40;13;92;13;12;25;52;25;80;25;24;31;52;43;64;43;40;0;1;1;3;2;5;5;5;8;12;12;3;52;13;64;13;40;15;92;15;12;27;52;27;80;27;24;33;52;45;64;45;40;0;1;1;3;2;5;5;5;8;12;12;3;52;9;64;9;40;9;88;9;16;21;52;21;80;21;24;27;52;41;64;41;40;1;1;0;0;4;3;0;1;1;7;5;3;0;0;0;0;0;;0;0;0;0;0;0;1;1;3;2;5;5;5;8;12;12;3;52;9;64;9;40;9;88;9;16;21;52;21;80;21;24;27;52;41;64;41;40;0;1;1;3;2;5;5;5;8;12;12;3;52;9;64;9;40;9;88;9;16;21;52;21;80;21;24;27;52;41;64;41;40;0;1;1;3;2;5;5;5;8;12;12;3;52;9;64;9;40;9;88;9;16;21;52;21;80;21;24;27;52;41;64;41;40;1;1;0;0;4;1;0;1;1;7;5;3;0;0;0;0;0;;0;0;0;0;0;0;1;1;3;2;5;5;5;8;12;12;3;52;11;64;11;40;13;92;13;12;25;52;25;80;25;24;31;52;43;64;43;40;0;1;1;3;2;5;5;5;8;12;12;3;52;13;64;13;40;15;92;15;12;27;52;27;80;27;24;33;52;45;64;45;40;0;1;1;3;2;5;5;5;8;12;12;3;52;9;64;9;40;9;88;9;16;21;52;21;80;21;24;27;52;41;64;41;40;1;1;0;0;4;3;0;1;1;7;5;3;0;0;0;0;0;;0;0;0;0;0;0;1;2;3;4;5;6;7;8;9;10;11;12;13;14;15;16;17;18;19;20;21;22;23;24;25;26;27;28;29;30;31;5;6;6;8;7;9;5;255;255;255;0;0;0;0;
100;0;1;1;3;2;4;4;7;6;8;12;3;52;11;64;11;40;13;88;13;16;19;64;19;40;31;88;31;16;33;52;43;52;0;1;1;3;2;5;5;7;6;8;12;3;52;11;64;11;40;13;88;13;16;19;64;19;40;31;88;31;16;31;52;43;52;0;1;1;3;2;5;5;7;6;8;12;3;52;11;64;11;40;13;88;13;16;19;64;19;40;31;88;31;16;31;52;43;52;1;0;1;0;0;3;0;1;1;5;4;0;0;0;0;-1086559288572;-1;;0;0;11;64;11;40;13;88;13;16;19;64;19;40;31;88;31;16;31;52;43;52;0;1;1;3;2;5;5;7;6;8;12;3;52;11;64;11;40;13;88;13;16;19;64;19;40;31;88;31;16;31;52;43;52;0;1;1;3;2;5;5;7;6;8;12;3;52;11;64;11;40;13;88;13;16;19;64;19;40;31;88;31;16;31;52;43;52;0;0;1;0;0;1;1;0;0;0;0;0;0;0;0;0;0;0;0;0;52;11;0;0;0;64;11;40;16;-1095132380667;-1;216455357725067008;219559303814907138;;0;0;31;52;43;52;0;1;1;3;2;5;5;7;6;8;12;3;52;11;64;11;40;13;88;13;16;19;64;19;40;31;88;31;16;31;52;43;52;0;1;1;3;2;5;5;7;6;8;12;3;52;11;64;11;40;13;88;13;16;19;64;19;40;31;88;31;16;31;52;43;52;1;0;1;0;0;1;1;0;0;0;0;0;0;0;0;0;0;0;0;0;0;0;0;0;0;4;3;5;4;3;255;255;255;255;255;255;28;29;255;255;255;30;31;7;0;1081440055784818432;793485716193674500;652178715141542676;1952898784846024728;;255;255;0;0;0;0;1;2;3;4;5;6;7;8;9;10;11;12;13;14;15;16;17;18;19;20;21;22;23;24;25;26;27;28;29;30;31;9;9;9;9;10;9;10;1;2;5;0;0;0;0;
101;0;1;1;3;2;4;5;5;10;9;12;3;52;11;64;11;40;13;88;13;16;21;52;27;68;27;36;41;84;41;20;43;52;0;1;1;3;2;5;5;5;10;9;12;3;52;11;64;11;40;13;88;13;16;25;52;25;72;25;32;39;84;39;20;43;52;0;1;1;3;2;5;5;5;10;9;12;3;52;11;64;11;40;13;88;13;16;25;52;25;72;25;32;39;84;39;20;43;52;0;1;0;0;6;3;0;0;1;6;6;3;0;1122944768;1122944768;1122944768;1122944768;;0;0;11;64;11;0;1;1;3;2;5;5;5;10;9;12;3;52;11;64;11;40;13;88;13;16;25;52;25;72;25;32;39;84;39;20;43;52;0;1;1;3;2;5;5;5;10;9;12;3;52;11;64;11;40;13;88;13;16;25;52;25;72;25;32;39;84;39;20;43;52;0;1;1;3;2;5;5;5;10;9;12;3;52;11;64;11;40;13;88;13;16;25;52;25;72;25;32;39;84;39;20;43;52;1;1;0;1;5;3;0;1;1;5;6;3;0;1122944768;1122944768;1122944768;1122944768;;0;0;39;20;43;0;1;1;3;2;5;5;5;10;9;12;3;52;11;64;11;40;13;88;13;16;25;52;25;72;25;32;39;84;39;20;43;52;0;1;1;3;2;5;5;5;10;9;12;3;52;11;64;11;40;13;88;13;16;25;52;25;72;25;32;39;84;39;20;43;52;0;1;1;3;2;5;5;5;10;9;12;3;52;11;64;11;40;13;88;13;16;25;52;25;72;25;32;39;84;39;20;43;52;1;1;0;0;7;3;0;1;1;5;5;3;0;1122944768;1122944768;1122944768;1122944768;;255;255;0;0;0;0;1;2;3;4;5;6;7;8;9;10;11;12;13;14;15;16;17;18;19;20;21;22;23;24;25;26;27;28;29;30;31;6;7;7;7;8;10;6;2;1;10;0;0;0;0;
102;0;1;1;3;2;4;5;7;6;8;12;3;52;11;64;11;40;13;88;13;16;19;65;20;39;31;88;31;16;33;52;43;52;0;1;1;1;5;5;7;6;10;9;12;3;52;11;52;11;72;11;32;21;64;21;40;25;88;25;16;39;84;39;20;43;52;0;1;1;1;5;5;7;6;10;9;12;3;52;11;52;11;72;11;32;21;64;21;40;25;88;25;16;39;84;39;20;43;52;0;1;0;0;5;3;0;0;1;5;4;3;0;1122944768;1122944768;1122944768;1122944768;;0;0;11;52;11;0;1;1;1;5;5;7;6;10;9;12;3;52;11;52;11;72;11;32;21;64;21;40;25;88;25;16;39;84;39;20;43;52;0;1;1;1;5;5;7;6;10;9;12;3;52;11;52;11;72;11;32;21;64;21;40;25;88;25;16;39;84;39;20;43;52;0;1;1;1;5;5;7;6;10;9;12;3;52;11;52;11;72;11;32;21;64;21;40;25;88;25;16;39;84;39;20;43;52;0;1;0;0;4;3;0;0;1;6;5;3;0;1122944768;1122944768;1122944768;1122944768;;0;0;33;52;43;0;1;1;1;5;5;7;6;10;9;12;3;52;11;52;11;72;11;32;21;64;21;40;25;88;25;16;39;84;39;20;43;52;0;1;1;1;5;5;7;6;10;9;12;3;52;11;52;11;72;11;32;21;64;21;40;25;88;25;16;39;84;39;20;43;52;0;1;1;1;5;5;7;6;10;9;12;3;52;11;52;11;72;11;32;21;64;21;40;25;88;25;16;39;84;39;20;43;52;0;1;0;0;5;3;0;0;1;5;4;3;0;1122944768;1122944768;1122944768;1122944768;;255;255;0;0;0;0;1;2;3;4;5;6;7;8;9;10;11;12;13;14;15;16;17;18;19;20;21;22;23;24;25;26;27;28;29;30;31;3;9;9;6;7;9;3;2;1;10;0;0;0;0;
103;0;1;1;3;2;4;5;7;6;8;12;3;52;11;64;11;40;13;88;13;16;19;64;20;40;31;88;31;16;33;52;43;52;0;1;1;3;2;5;5;5;10;9;12;3;52;11;64;11;40;13;88;13;16;25;52;25;72;25;32;39;84;39;20;43;52;0;1;1;3;2;5;5;5;10;9;12;3;52;11;64;11;40;13;88;13;16;25;52;25;72;25;32;39;84;39;20;43;52;1;1;1;1;7;3;0;0;0;8;8;3;0;1122944768;1122944768;1122944768;1122944768;;0;0;11;64;11;0;1;1;3;2;5;5;5;10;9;12;3;52;11;64;11;40;13;88;13;16;25;52;25;72;25;32;39;84;39;20;43;52;0;1;1;3;2;5;5;5;10;9;12;3;52;11;64;11;40;13;88;13;16;25;52;25;72;25;32;39;84;39;20;43;52;0;1;1;3;2;5;5;5;10;9;12;3;52;11;64;11;40;13;88;13;16;25;52;25;72;25;32;39;84;39;20;43;52;1;1;1;1;3;3;0;0;0;8;10;3;0;1122944768;1122944768;1122944768;1122944768;;0;0;39;20;43;0;1;1;3;2;5;5;5;10;9;12;3;52;11;64;11;40;13;88;13;16;25;52;25;72;25;32;39;84;39;20;43;52;0;1;1;3;2;5;5;5;10;9;12;3;52;11;64;11;40;13;88;13;16;25;52;25;72;25;32;39;84;39;20;43;52;0;1;1;3;2;5;5;5;10;9;12;3;52;11;64;11;40;13;88;13;16;25;52;25;72;25;32;39;84;39;20;43;52;1;1;1;1;7;3;0;0;0;8;8;3;0;1122944768;1122944768;1122944768;1122944768;;255;255;0;0;0;0;1;2;3;4;5;6;7;8;9;10;11;12;13;14;15;16;17;18;19;20;21;22;23;24;25;26;27;28;29;30;31;2;3;3;9;3;7;6;2;1;10;0;0;0;0;
104;0;1;1;1;3;2;4;5;5;12;12;3;52;11;52;11;72;11;32;15;88;15;16;21;52;27;68;27;36;43;64;43;40;0;1;1;3;2;5;5;5;10;9;12;3;52;11;64;11;40;13;88;13;16;25;52;25;72;25;32;39;84;39;20;43;52;0;1;1;3;2;5;5;5;10;9;12;3;52;11;64;11;40;13;88;13;16;25;52;25;72;25;32;39;84;39;20;43;52;1;1;0;0;0;3;1;1;1;4;3;0;0;0;0;-1095166065915;-1;;0;0;11;64;11;40;13;88;13;16;25;52;25;72;25;32;39;84;39;20;43;52;0;1;1;3;2;5;5;5;10;9;12;3;52;11;64;11;40;13;88;13;16;25;52;25;72;25;32;39;84;39;20;43;52;0;1;1;3;2;5;5;5;10;9;12;3;52;11;64;11;40;13;88;13;16;25;52;25;72;25;32;39;84;39;20;43;52;0;1;0;0;1;0;1;0;0;0;0;0;0;0;0;0;0;0;0;0;52;11;0;0;0;64;11;40;84;-1086525603065;-1;216455357725067008;219560420472849666;;0;0;39;20;43;52;0;1;1;3;2;5;5;5;10;9;12;3;52;11;64;11;40;13;88;13;16;25;52;25;72;25;32;39;84;39;20;43;52;0;1;1;3;2;5;5;5;10;9;12;3;52;11;64;11;40;13;88;13;16;25;52;25;72;25;32;39;84;39;20;43;52;1;1;0;0;1;1;1;0;0;0;0;0;0;0;0;0;0;0;0;0;0;0;0;0;0;5;3;4;3;1;255;255;255;255;255;255;28;29;255;255;255;30;31;20;0;72062023272154880;363953828208510991;1732209183212243984;1951776136228903191;;255;255;0;0;0;0;1;2;3;4;5;6;7;8;9;10;11;12;13;14;15;16;17;18;19;20;21;22;23;24;25;26;27;28;29;30;31;6;8;8;5;8;9;7;3;1;9;0;0;0;0;
105;0;1;1;3;2;4;4;7;6;12;12;3;52;11;64;11;40;13;88;13;16;21;64;21;40;31;88;31;16;43;64;43;40;0;1;1;1;5;5;7;6;10;9;12;3;52;11;52;11;72;11;32;21;64;21;40;25;88;25;16;39;84;39;20;43;52;0;1;1;1;5;5;7;6;10;9;12;3;52;11;52;11;72;11;32;21;64;21;40;25;88;25;16;39;84;39;20;43;52;1;0;0;1;5;3;0;1;0;5;6;3;0;1122944768;1122944768;1122944768;1122944768;;0;0;11;52;11;0;1;1;1;5;5;7;6;10;9;12;3;52;11;52;11;72;11;32;21;64;21;40;25;88;25;16;39;84;39;20;43;52;0;1;1;1;5;5;7;6;10;9;12;3;52;11;52;11;72;11;32;21;64;21;40;25;88;25;16;39;84;39;20;43;52;0;1;1;1;5;5;7;6;10;9;12;3;52;11;52;11;72;11;32;21;64;21;40;25;88;25;16;39;84;39;20;43;52;0;0;1;1;4;3;0;1;0;5;5;3;0;1122944768;1122944768;1122944768;1122944768;;0;0;33;40;43;0;1;1;1;5;5;7;6;10;9;12;3;52;11;52;11;72;11;32;21;64;21;40;25;88;25;16;39;84;39;20;43;52;0;1;1;1;5;5;7;6;10;9;12;3;52;11;52;11;72;11;32;21;64;21;40;25;88;25;16;39;84;39;20;43;52;0;1;1;1;5;5;7;6;10;9;12;3;52;11;52;11;72;11;32;21;64;21;40;25;88;25;16;39;84;39;20;43;52;1;0;0;1;5;3;0;1;0;5;6;3;0;1122944768;1122944768;1122944768;1122944768;;255;255;0;0;0;0;1;2;3;4;5;6;7;8;9;10;11;12;13;14;15;16;17;18;19;20;21;22;23;24;25;26;27;28;29;30;31;7;6;6;8;7;7;7;2;1;5;0;0;0;0;
106;0;1;1;3;2;4;5;5;10;9;12;3;52;11;64;11;40;13;88;13;16;20;52;27;71;27;33;41;84;41;20;43;52;0;1;1;3;2;5;5;7;6;8;12;3;52;11;64;11;40;13;88;13;16;23;64;23;40;23;84;23;20;33;52;43;52;0;1;1;3;2;5;5;7;6;8;12;3;52;11;64;11;40;13;88;13;16;23;64;23;40;23;84;23;20;33;52;43;52;1;0;0;1;5;3;1;0;1;2;3;3;0;1122944768;1122944768;1122944768;1122944768;;0;0;11;64;11;0;1;1;3;2;5;5;7;6;8;12;3;52;11;64;11;40;13;88;13;16;23;64;23;40;23;84;23;20;33;52;43;52;0;1;1;3;2;5;5;7;6;8;12;3;52;11;64;11;40;13;88;13;16;23;64;23;40;23;84;23;20;33;52;43;52;0;1;1;3;2;5;5;7;6;8;12;3;52;11;64;11;40;13;88;13;16;23;64;23;40;23;84;23;20;33;52;43;52;1;0;0;1;6;1;0;0;1;5;5;3;0;1122944768;1122944768;1122944768;1122944768;;0;0;33;52;43;0;1;1;3;2;5;5;7;6;8;12;3;52;11;64;11;40;13;88;13;16;23;64;23;40;23;84;23;20;33;52;43;52;0;1;1;3;2;5;5;7;6;8;12;3;52;11;64;11;40;13;88;13;16;23;64;23;40;23;84;23;20;33;52;43;52;0;1;1;3;2;5;5;7;6;8;12;3;52;11;64;11;40;13;88;13;16;23;64;23;40;23;84;23;20;33;52;43;52;1;0;0;1;5;3;1;0;1;2;3;3;0;1122944768;1122944768;1122944768;1122944768;;255;255;0;0;0;0;1;2;3;4;5;6;7;8;9;10;11;12;13;14;15;16;17;18;19;20;21;22;23;24;25;26;27;28;29;30;31;3;5;3;5;4;10;3;1;10;7;0;0;0;0;
107;0;1;1;3;2;4;5;7;6;8;12;3;52;11;64;11;40;13;88;13;16;19;64;19;40;31;88;31;16;33;52;43;52;0;1;1;3;2;4;5;5;7;6;12;3;52;11;64;11;40;13;88;13;16;19;52;25;68;25;36;33;84;33;20;43;52;0;1;1;3;2;4;5;5;7;6;12;3;52;11;64;11;40;13;88;13;16;19;52;25;68;25;36;33;84;33;20;43;52;0;1;0;0;6;3;1;0;1;7;6;3;0;1122944768;1122944768;1122944768;1122944768;;0;0;11;64;11;0;1;1;3;2;4;5;5;7;6;12;3;52;11;64;11;40;13;88;13;16;19;52;25;68;25;36;33;84;33;20;43;52;0;1;1;3;2;4;5;5;7;6;12;3;52;11;64;11;40;13;88;13;16;19;52;25;68;25;36;33;84;33;20;43;52;0;1;1;3;2;4;5;5;7;6;12;3;52;11;64;11;40;13;88;13;16;19;52;25;68;25;36;33;84;33;20;43;52;0;1;0;0;7;3;1;0;1;8;6;3;0;1122944768;1122944768;1122944768;1122944768;;0;0;33;20;43;0;1;1;3;2;4;5;5;7;6;12;3;52;11;64;11;40;13;88;13;16;19;52;25;68;25;36;33;84;33;20;43;52;0;1;1;3;2;4;5;5;7;6;12;3;52;11;64;11;40;13;88;13;16;19;52;25;68;25;36;33;84;33;20;43;52;0;1;1;3;2;4;5;5;7;6;12;3;52;11;64;11;40;13;88;13;16;19;52;25;68;25;36;33;84;33;20;43;52;0;1;0;0;6;3;1;0;1;7;6;3;0;1122944768;1122944768;1122944768;1122944768;;255;255;0;0;0;0;1;2;3;4;5;6;7;8;9;10;11;12;13;14;15;16;17;18;19;20;21;22;23;24;25;26;27;28;29;30;31;1;4;4;3;4;10;8;1;5;10;0;0;0;0;
108;0;1;1;3;2;5;5;7;6;8;12;3;52;11;64;11;40;13;88;13;16;21;64;21;40;31;88;31;16;33;52;43;52;0;1;1;3;2;5;5;7;6;12;12;3;52;11;64;11;40;13;88;13;16;21;64;21;40;31;84;31;20;43;64;43;40;0;1;1;3;2;5;5;7;6;12;12;3;52;11;64;11;40;13;88;13;16;21;64;21;40;31;84;31;20;43;64;43;40;1;1;1;1;5;3;0;0;0;8;8;3;0;1122944768;1122944768;1122944768;1122944768;;0;0;11;64;11;0;1;1;3;2;5;5;7;6;12;12;3;52;11;64;11;40;13;88;13;16;21;64;21;40;31;84;31;20;43;64;43;40;0;1;1;3;2;5;5;7;6;12;12;3;52;11;64;11;40;13;88;13;16;21;64;21;40;31;84;31;20;43;64;43;40;0;1;1;3;2;5;5;7;6;12;12;3;52;11;64;11;40;13;88;13;16;21;64;21;40;31;84;31;20;43;64;43;40;1;1;1;1;5;3;0;0;0;8;8;3;0;1122944768;1122944768;1122944768;1122944768;;0;0;31;88;31;0;1;1;3;2;5;5;7;6;12;12;3;52;11;64;11;40;13;88;13;16;21;64;21;40;31;84;31;20;43;64;43;40;0;1;1;3;2;5;5;7;6;12;12;3;52;11;64;11;40;13;88;13;16;21;64;21;40;31;84;31;20;43;64;43;40;0;1;1;3;2;5;5;7;6;12;12;3;52;11;64;11;40;13;88;13;16;21;64;21;40;31;84;31;20;43;64;43;40;1;1;1;1;5;3;0;0;0;8;8;3;0;1122944768;1122944768;1122944768;1122944768;;255;255;0;0;0;0;1;2;3;4;5;6;7;8;9;10;11;12;13;14;15;16;17;18;19;20;21;22;23;24;25;26;27;28;29;30;31;8;8;8;9;8;7;7;2;1;255;0;0;0;0;
109;0;1;1;3;2;5;5;7;6;12;11;3;52;11;64;11;40;13;88;13;16;21;64;21;40;31;88;31;16;43;64;41;40;0;1;1;3;2;5;5;7;6;12;12;3;52;11;64;11;40;13;88;13;16;25;64;25;40;25;88;25;16;43;64;43;40;0;1;1;3;2;5;5;7;6;12;12;3;52;11;64;11;40;13;88;13;16;25;64;25;40;25;88;25;16;43;64;43;40;0;1;0;1;4;3;0;1;0;6;6;3;0;1122944768;1122944768;1122944768;1122944768;;0;0;11;64;11;0;1;1;3;2;5;5;7;6;12;12;3;52;11;64;11;40;13;88;13;16;25;64;25;40;25;88;25;16;43;64;43;40;0;1;1;3;2;5;5;7;6;12;12;3;52;11;64;11;40;13;88;13;16;25;64;25;40;25;88;25;16;43;64;43;40;0;1;1;3;2;5;5;7;6;12;12;3;52;11;64;11;40;13;88;13;16;25;64;25;40;25;88;25;16;43;64;43;40;0;1;0;1;4;3;0;1;0;6;6;3;0;1122944768;1122944768;1122944768;1122944768;;0;0;43;64;43;0;1;1;3;2;5;5;7;6;12;12;3;52;11;64;11;40;13;88;13;16;25;64;25;40;25;88;25;16;43;64;43;40;0;1;1;3;2;5;5;7;6;12;12;3;52;11;64;11;40;13;88;13;16;25;64;25;40;25;88;25;16;43;64;43;40;0;1;1;3;2;5;5;7;6;12;12;3;52;11;64;11;40;13;88;13;16;25;64;25;40;25;88;25;16;43;64;43;40;0;1;0;1;4;3;0;1;0;6;6;3;0;1122944768;1122944768;1122944768;1122944768;;255;255;0;2;0;0;1;2;3;4;5;6;7;8;9;10;11;12;13;14;15;16;17;18;19;20;21;22;23;24;25;26;27;28;29;30;31;5;7;5;7;7;9;3;2;1;8;0;0;0;0;
110;0;1;1;3;2;4;4;7;6;8;12;3;52;11;64;11;40;13;88;13;16;19;64;19;40;31;88;31;16;33;52;43;52;0;1;1;3;2;5;5;7;6;12;12;3;52;11;64;11;40;15;88;15;16;25;64;25;40;33;84;33;20;43;64;43;40;0;1;1;3;2;5;5;7;6;12;12;3;52;11;64;11;40;11;88;11;16;19;64;19;40;27;84;27;20;41;64;41;40;1;1;1;0;7;3;1;0;0;4;8;3;0;1122944768;1122944768;1122944768;1122944768;;0;0;11;64;11;0;1;1;3;2;5;5;7;6;12;12;3;52;11;64;11;40;11;88;11;16;19;64;19;40;27;84;27;20;41;64;41;40;0;1;1;3;2;5;5;7;6;12;12;3;52;11;64;11;40;11;88;11;16;19;64;19;40;27;84;27;20;41;64;41;40;0;1;1;3;2;5;5;7;6;12;12;3;52;11;64;11;40;11;88;11;16;19;64;19;40;27;84;27;20;41;64;41;40;0;1;1;0;6;3;1;1;0;4;8;3;0;1122944768;1122944768;1122944768;1122944768;;0;0;33;52;43;0;1;1;3;2;5;5;7;6;12;12;3;52;11;64;11;40;13;88;13;16;21;64;21;40;31;84;31;20;41;64;41;40;0;1;1;3;2;5;5;7;6;12;12;3;52;11;64;11;40;15;88;15;16;25;64;25;40;33;84;33;20;43;64;43;40;0;1;1;3;2;5;5;7;6;12;12;3;52;11;64;11;40;11;88;11;16;19;64;19;40;27;84;27;20;41;64;41;40;1;1;1;0;7;3;1;0;0;4;8;3;0;1122944768;1122944768;1122944768;1122944768;;255;255;0;0;0;0;1;2;3;4;5;6;7;8;9;10;11;12;13;14;15;16;17;18;19;20;21;22;23;24;25;26;27;28;29;30;31;4;6;6;8;8;7;8;1;2;10;0;0;0;0;
111;0;1;1;3;2;4;4;7;6;8;12;3;52;11;64;11;40;13;88;13;16;19;64;19;40;31;84;31;20;33;52;43;52;0;1;1;3;2;4;4;7;6;8;12;3;52;11;64;11;40;13;88;13;16;19;64;19;40;31;84;31;20;33;52;43;52;0;1;1;3;2;4;4;7;6;8;12;3;52;11;64;11;40;13;88;13;16;19;64;19;40;31;84;31;20;33;52;43;52;1;0;0;1;6;3;0;0;1;4;4;3;0;0;0;0;0;;0;0;0;0;0;0;1;1;3;2;4;4;7;6;8;12;3;52;11;64;11;40;13;88;13;16;19;64;19;40;31;84;31;20;33;52;43;52;0;1;1;3;2;4;4;7;6;8;12;3;52;11;64;11;40;13;88;13;16;19;64;19;40;31;84;31;20;33;52;43;52;0;1;1;3;2;4;4;7;6;8;12;3;52;11;64;11;40;13;88;13;16;19;64;19;40;31;84;31;20;33;52;43;52;0;0;1;1;5;1;0;1;1;3;4;3;0;0;0;0;0;;0;0;0;0;0;0;1;1;3;2;4;4;7;6;8;12;3;52;11;64;11;40;13;88;13;16;19;64;19;40;31;84;31;20;33;52;43;52;0;1;1;3;2;4;4;7;6;8;12;3;52;11;64;11;40;13;88;13;16;19;64;19;40;31;84;31;20;33;52;43;52;0;1;1;3;2;4;4;7;6;8;12;3;52;11;64;11;40;13;88;13;16;19;64;19;40;31;84;31;20;33;52;43;52;1;0;0;1;6;3;0;0;1;4;4;3;0;0;0;0;0;;0;0;0;0;0;0;1;2;3;4;5;6;7;8;9;10;11;12;13;14;15;16;17;18;19;20;21;22;23;24;25;26;27;28;29;30;31;1;10;10;10;10;10;7;255;255;255;0;0;0;0;
112;0;1;1;1;4;4;7;6;8;11;12;3;52;11;52;11;72;11;32;19;64;19;40;31;88;31;16;33;52;41;64;43;40;0;1;1;1;4;4;7;6;8;11;12;3;52;11;52;11;72;11;32;19;64;19;40;31;88;31;16;33;52;41;64;43;40;0;1;1;1;4;4;7;6;8;11;12;3;52;11;52;11;72;11;32;19;64;19;40;31;88;31;16;33;52;41;64;43;40;0;1;0;1;0;0;1;1;0;0;0;0;52;0;0;-1090837413116;-1;;0;0;11;64;11;40;11;88;11;16;21;64;21;40;25;84;25;20;31;52;43;52;0;1;1;3;2;5;5;7;6;8;12;3;52;11;64;11;40;11;88;11;16;21;64;21;40;25;84;25;20;31;52;43;52;0;1;1;3;2;5;5;7;6;8;12;3;52;11;64;11;40;11;88;11;16;21;64;21;40;25;84;25;20;31;52;43;52;0;0;0;0;1;0;0;0;0;0;0;0;0;0;0;0;0;0;0;0;52;11;0;0;0;64;11;40;20;-1086559288827;-1;216455356602122240;219559303814907138;;0;0;31;52;43;52;0;1;1;3;2;5;5;7;6;8;12;3;52;11;64;11;40;11;88;11;16;25;64;25;40;33;84;33;20;33;52;43;52;0;1;1;3;2;5;5;7;6;8;12;3;52;11;64;11;40;11;88;11;16;21;64;21;40;25;84;25;20;31;52;43;52;0;1;0;1;1;1;0;0;0;0;0;0;0;0;0;0;0;0;0;0;0;0;0;0;0;4;3;6;5;2;255;255;255;255;255;255;255;255;255;255;255;255;255;2;0;220125565070344192;435728778988228365;1369375791897381393;1952900979675763988;;255;255;0;0;0;0;0;0;0;0;0;0;0;0;0;0;0;0;0;0;0;0;0;0;0;0;0;0;0;0;0;0;0;0;0;0;0;0;0;0;0;0;0;0;0;0;0;0;0;0;0;
113;0;1;1;1;4;4;7;6;8;12;12;3;52;11;52;11;72;11;32;22;64;22;40;28;88;28;16;32;52;43;64;43;40;0;1;1;1;4;4;7;6;8;8;12;3;52;11;52;11;72;11;32;19;64;19;40;31;88;31;16;33;68;33;36;43;52;0;1;1;1;4;4;7;6;8;8;12;3;52;11;52;11;72;11;32;19;64;19;40;31;88;31;16;33;68;33;36;43;52;1;1;0;0;0;0;0;0;1;0;0;0;52;0;0;-1090854190587;-1;;0;0;11;64;11;40;13;88;13;16;21;64;21;40;27;88;27;16;27;52;41;52;0;1;1;3;2;4;4;7;6;8;12;3;52;11;64;11;40;13;88;13;16;21;64;21;40;27;88;27;16;27;52;41;52;0;1;1;3;2;4;4;7;6;8;12;3;52;11;64;11;40;13;88;13;16;21;64;21;40;27;88;27;16;27;52;41;52;0;1;0;0;1;1;1;0;0;0;0;0;0;0;0;0;0;0;0;0;52;11;0;0;0;64;11;40;16;-1086508957180;-1;216455356602122240;219559303814841346;;0;0;33;52;43;52;0;1;1;3;2;4;4;7;6;8;12;3;52;11;64;11;40;13;88;13;16;21;64;21;40;33;88;33;16;33;52;43;52;0;1;1;3;2;4;4;7;6;8;12;3;52;11;64;11;40;13;88;13;16;21;64;21;40;27;88;27;16;27;52;41;52;1;1;0;0;0;0;1;0;0;0;0;0;0;0;0;0;0;0;0;0;0;0;0;0;0;5;2;6;4;2;255;255;255;255;255;255;255;255;255;255;255;255;255;8;0;292185323771789312;146943132083488777;1374179596904105731;-996045089516;;255;255;0;0;0;0;0;0;0;0;0;0;0;0;0;0;0;0;0;0;0;0;0;0;0;0;0;0;0;0;0;0;0;0;0;0;0;0;0;0;0;0;0;0;0;0;0;0;0;0;0;
114;0;1;1;3;2;4;5;5;10;9;11;3;52;11;64;11;40;13;88;13;16;23;52;25;72;25;32;39;84;39;20;39;52;0;1;1;3;2;4;5;5;10;9;12;3;52;11;64;11;40;13;88;13;16;25;52;25;72;25;32;39;84;39;20;43;52;0;1;1;3;2;4;5;5;10;9;12;3;52;11;64;11;40;13;88;13;16;25;52;25;72;25;32;39;84;39;20;43;52;1;1;0;1;5;3;0;0;0;7;6;2;0;1122944768;1122944768;1122944768;1122944768;;0;0;11;64;11;0;1;1;3;2;4;5;5;10;9;12;3;52;11;64;11;40;13;88;13;16;25;52;25;72;25;32;39;84;39;20;43;52;0;1;1;3;2;4;5;5;10;9;12;3;52;11;64;11;40;13;88;13;16;25;52;25;72;25;32;39;84;39;20;43;52;0;1;1;3;2;4;5;5;10;9;12;3;52;11;64;11;40;13;88;13;16;25;52;25;72;25;32;39;84;39;20;43;52;1;1;0;1;6;2;0;1;0;5;7;3;0;1122944768;1122944768;1122944768;1122944768;;0;0;39;20;43;0;1;1;3;2;4;5;5;10;9;12;3;52;11;64;11;40;13;88;13;16;25;52;25;72;25;32;39;84;39;20;43;52;0;1;1;3;2;4;5;5;10;9;12;3;52;11;64;11;40;13;88;13;16;25;52;25;72;25;32;39;84;39;20;43;52;0;1;1;3;2;4;5;5;10;9;12;3;52;11;64;11;40;13;88;13;16;25;52;25;72;25;32;39;84;39;20;43;52;1;1;0;1;5;3;0;0;0;7;6;2;0;1122944768;1122944768;1122944768;1122944768;;255;255;0;0;0;0;2;12;3;9;7;17;6;16;19;8;15;4;21;10;13;22;5;18;14;1;20;11;23;24;25;26;27;28;29;30;31;2;8;6;8;8;8;7;12;2;6;0;0;0;0;
115;0;1;1;3;2;4;8;8;10;9;12;3;52;11;64;11;40;11;88;11;16;19;52;33;68;33;36;43;84;43;20;43;52;0;1;1;3;2;4;8;8;10;9;12;3;52;11;64;11;40;11;88;11;16;19;52;33;68;33;36;43;84;43;20;43;52;0;1;1;3;2;4;8;8;10;9;12;3;52;11;64;11;40;11;88;11;16;19;52;29;68;29;36;39;84;39;20;43;52;1;1;0;0;5;2;1;0;0;5;5;2;0;0;0;0;0;;0;0;0;0;0;0;1;1;3;2;4;8;8;10;9;12;3;52;11;64;11;40;11;88;11;16;19;52;29;68;29;36;39;84;39;20;43;52;0;1;1;3;2;4;8;8;10;9;12;3;52;11;64;11;40;11;88;11;16;19;52;29;68;29;36;39;84;39;20;43;52;0;1;1;3;2;4;8;8;10;9;12;3;52;11;64;11;40;11;88;11;16;19;52;29;68;29;36;39;84;39;20;43;52;0;1;1;0;3;1;1;1;1;4;6;3;0;0;0;0;0;;0;0;0;0;0;0;1;1;3;2;4;8;8;10;9;12;3;52;11;64;11;40;11;88;11;16;19;52;33;68;33;36;43;84;43;20;43;52;0;1;1;3;2;4;8;8;10;9;12;3;52;11;64;11;40;11;88;11;16;19;52;33;68;33;36;43;84;43;20;43;52;0;1;1;3;2;4;8;8;10;9;12;3;52;11;64;11;40;11;88;11;16;19;52;29;68;29;36;39;84;39;20;43;52;1;1;0;0;5;2;1;0;0;5;5;2;0;0;0;0;0;;0;0;0;0;0;0;1;2;3;4;5;6;7;8;9;10;11;12;13;14;15;16;17;18;19;20;21;22;23;24;25;26;27;28;29;30;31;0;8;5;4;3;8;9;255;255;255;0;0;0;0;
116;0;1;1;3;2;4;5;5;10;9;12;3;52;11;64;11;40;13;88;13;16;19;52;25;68;25;36;39;84;39;20;43;52;0;1;1;3;2;4;5;5;10;9;12;3;52;11;64;11;40;13;88;13;16;19;52;25;68;25;36;39;84;39;20;43;52;0;1;1;3;2;4;5;5;10;9;12;3;52;11;64;11;40;13;88;13;16;19;52;25;68;25;36;35;84;35;20;43;52;0;1;1;0;4;3;0;1;0;7;7;3;0;0;0;0;0;;0;0;0;0;0;0;1;1;3;2;4;5;5;10;9;12;3;52;11;64;11;40;13;88;13;16;19;52;25;68;25;36;35;84;35;20;43;52;0;1;1;3;2;4;5;5;10;9;12;3;52;11;64;11;40;13;88;13;16;19;52;25;68;25;36;35;84;35;20;43;52;0;1;1;3;2;4;5;5;10;9;12;3;52;11;64;11;40;13;88;13;16;19;52;25;68;25;36;35;84;35;20;43;52;1;1;1;0;7;3;0;1;1;7;7;3;0;0;0;0;0;;0;0;0;0;0;0;1;1;3;2;4;5;5;10;9;12;3;52;11;64;11;40;13;88;13;16;19;52;25;68;25;36;39;84;39;20;43;52;0;1;1;3;2;4;5;5;10;9;12;3;52;11;64;11;40;13;88;13;16;19;52;25;68;25;36;39;84;39;20;43;52;0;1;1;3;2;4;5;5;10;9;12;3;52;11;64;11;40;13;88;13;16;19;52;25;68;25;36;35;84;35;20;43;52;0;1;1;0;4;3;0;1;0;7;7;3;0;0;0;0;0;;0;0;0;0;0;0;1;2;3;4;5;6;7;8;9;10;11;12;13;14;15;16;17;18;19;20;21;22;23;24;25;26;27;28;29;30;31;3;5;6;6;5;5;4;255;255;255;0;0;0;0;
117;0;1;1;3;2;5;5;8;10;9;12;3;52;11;64;11;40;13;88;13;16;21;64;21;40;31;52;39;84;39;20;43;52;0;1;1;3;2;5;5;8;10;9;12;3;52;11;64;11;40;13;88;13;16;21;64;21;40;31;52;39;84;39;20;43;52;0;1;1;3;2;5;5;8;10;9;12;3;52;11;64;11;40;13;88;13;16;21;64;21;40;31;52;39;84;39;20;43;52;1;1;0;0;6;3;0;1;0;5;6;3;0;0;0;0;0;;0;0;0;0;0;0;1;1;3;2;5;5;8;10;9;12;3;52;11;64;11;40;13;88;13;16;21;64;21;40;31;52;39;84;39;20;43;52;0;1;1;3;2;5;5;8;10;9;12;3;52;11;64;11;40;13;88;13;16;21;64;21;40;31;52;39;84;39;20;43;52;0;1;1;3;2;5;5;8;10;9;12;3;52;11;64;11;40;13;88;13;16;21;64;21;40;31;52;39;84;39;20;43;52;1;1;0;0;6;3;0;1;0;7;4;3;0;0;0;0;0;;0;0;0;0;0;0;1;1;3;2;5;5;8;10;9;12;3;52;11;64;11;40;13;88;13;16;21;64;21;40;31;52;39;84;39;20;43;52;0;1;1;3;2;5;5;8;10;9;12;3;52;11;64;11;40;13;88;13;16;21;64;21;40;31;52;39;84;39;20;43;52;0;1;1;3;2;5;5;8;10;9;12;3;52;11;64;11;40;13;88;13;16;21;64;21;40;31;52;39;84;39;20;43;52;1;1;0;0;6;3;0;1;0;5;6;3;0;0;0;0;0;;0;0;0;0;0;0;1;2;3;4;5;6;7;8;9;10;11;12;13;14;15;16;17;18;19;20;21;22;23;24;25;26;27;28;29;30;31;5;7;8;8;8;10;6;255;255;255;0;0;0;0;
118;0;1;1;3;2;5;5;5;10;9;12;3;52;11;64;11;40;13;88;13;16;25;52;25;72;25;32;39;84;39;20;43;52;0;1;1;3;2;5;5;5;10;9;12;3;52;11;64;11;40;13;88;13;16;25;52;25;72;25;32;39;84;39;20;43;52;0;1;1;3;2;5;5;5;10;9;12;3;52;11;64;11;40;13;88;13;16;25;52;25;72;25;32;39;84;39;20;43;52;1;1;0;0;8;3;0;0;0;6;7;3;0;0;0;0;0;;0;0;0;0;0;0;1;1;3;2;5;5;5;10;9;12;3;52;11;64;11;40;13;88;13;16;25;52;25;72;25;32;39;84;39;20;43;52;0;1;1;3;2;5;5;5;10;9;12;3;52;11;64;11;40;13;88;13;16;25;52;25;72;25;32;39;84;39;20;43;52;0;1;1;3;2;5;5;5;10;9;12;3;52;11;64;11;40;13;88;13;16;25;52;25;72;25;32;39;84;39;20;43;52;1;1;0;1;7;3;0;1;0;6;7;3;0;0;0;0;0;;0;0;0;0;0;0;1;1;3;2;5;5;5;10;9;12;3;52;11;64;11;40;13;88;13;16;25;52;25;72;25;32;39;84;39;20;43;52;0;1;1;3;2;5;5;5;10;9;12;3;52;11;64;11;40;13;88;13;16;25;52;25;72;25;32;39;84;39;20;43;52;0;1;1;3;2;5;5;5;10;9;12;3;52;11;64;11;40;13;88;13;16;25;52;25;72;25;32;39;84;39;20;43;52;1;1;0;0;8;3;0;0;0;6;7;3;0;0;0;0;0;;0;0;0;0;0;0;1;2;3;4;5;6;7;8;9;10;11;12;13;14;15;16;17;18;19;20;21;22;23;24;25;26;27;28;29;30;31;10;8;7;8;8;10;3;255;255;255;0;0;0;0;
119;0;1;1;1;4;5;5;7;6;12;12;3;52;11;52;11;72;11;32;21;52;27;68;27;36;27;88;27;16;43;64;43;40;0;1;1;3;2;5;5;5;8;12;12;3;52;11;64;11;40;13;88;13;16;23;52;23;72;23;32;33;52;43;64;43;40;0;1;1;3;2;5;5;5;8;12;12;3;52;11;64;11;40;13;88;13;16;23;52;23;72;23;32;33;52;43;64;43;40;0;1;1;1;6;3;0;0;1;5;5;3;0;1122944768;1122944768;1122944768;1122944768;;0;0;11;64;11;0;1;1;3;2;5;5;5;8;12;12;3;52;11;64;11;40;13;88;13;16;23;52;23;72;23;32;33;52;43;64;43;40;0;1;1;3;2;5;5;5;8;12;12;3;52;11;64;11;40;13;88;13;16;23;52;23;72;23;32;33;52;43;64;43;40;0;1;1;3;2;5;5;5;8;12;12;3;52;11;64;11;40;13;88;13;16;23;52;23;72;23;32;33;52;43;64;43;40;0;0;1;0;6;2;1;1;1;6;7;3;0;1122944768;1122944768;1122944768;1122944768;;0;0;43;64;43;0;1;1;3;2;5;5;5;8;12;12;3;52;11;64;11;40;13;88;13;16;23;52;23;72;23;32;33;52;43;64;43;40;0;1;1;3;2;5;5;5;8;12;12;3;52;11;64;11;40;13;88;13;16;23;52;23;72;23;32;33;52;43;64;43;40;0;1;1;3;2;5;5;5;8;12;12;3;52;11;64;11;40;13;88;13;16;23;52;23;72;23;32;33;52;43;64;43;40;0;1;1;1;6;3;0;0;1;5;5;3;0;1122944768;1122944768;1122944768;1122944768;;255;255;0;0;0;14;3;12;13;8;7;0;4;5;6;10;17;2;1;15;18;19;9;21;22;20;23;16;11;255;255;255;255;255;255;255;255;10;8;8;8;8;10;5;13;3;6;0;0;0;0;
120;0;1;1;1;4;4;7;6;8;8;12;3;52;11;52;11;72;11;32;19;64;19;40;31;88;31;16;33;68;33;36;43;52;0;1;1;3;2;4;5;5;10;9;12;3;52;11;64;11;40;15;88;15;16;23;52;29;72;29;32;41;88;41;16;43;52;0;1;1;3;2;4;5;5;10;9;12;3;52;11;64;11;40;11;88;11;16;19;52;25;72;25;32;37;88;37;16;41;52;1;1;0;0;6;3;0;1;0;6;6;2;0;1122944768;1122944768;1122944768;1122944768;;0;0;11;64;11;0;1;1;3;2;4;5;5;10;9;12;3;52;11;64;11;40;11;88;11;16;19;52;25;72;25;32;37;88;37;16;41;52;0;1;1;3;2;4;5;5;10;9;12;3;52;11;64;11;40;11;88;11;16;19;52;25;72;25;32;37;88;37;16;41;52;0;1;1;3;2;4;5;5;10;9;12;3;52;11;64;11;40;11;88;11;16;19;52;25;72;25;32;37;88;37;16;41;52;0;0;1;0;4;1;1;1;0;5;7;3;0;1122944768;1122944768;1122944768;1122944768;;0;0;35;20;43;0;1;1;3;2;4;5;5;10;9;12;3;52;11;64;11;40;13;88;13;16;21;52;27;72;27;32;39;88;39;16;43;52;0;1;1;3;2;4;5;5;10;9;12;3;52;11;64;11;40;15;88;15;16;23;52;29;72;29;32;41;88;41;16;43;52;0;1;1;3;2;4;5;5;10;9;12;3;52;11;64;11;40;11;88;11;16;19;52;25;72;25;32;37;88;37;16;41;52;1;1;0;0;6;3;0;1;0;6;6;2;0;1122944768;1122944768;1122944768;1122944768;;255;255;0;0;0;7;1;11;19;17;4;23;0;5;8;25;14;12;20;15;2;10;21;22;24;18;6;9;3;13;16;26;27;28;29;30;31;17;5;17;5;5;8;8;1;11;25;0;0;0;0;
121;0;1;1;1;5;5;7;6;10;9;12;3;52;11;52;11;72;11;32;21;68;21;36;31;84;31;16;41;84;41;20;43;52;0;1;1;3;2;5;5;5;10;9;12;3;52;11;64;11;40;13;88;13;16;25;52;25;72;25;32;39;84;39;20;43;52;0;1;1;3;2;5;5;5;10;9;12;3;52;11;64;11;40;13;88;13;16;25;52;25;72;25;32;39;84;39;20;43;52;1;0;0;0;4;3;1;1;0;6;5;3;0;1122944768;1122944768;1122944768;1122944768;;0;0;11;64;11;0;1;1;3;2;5;5;5;10;9;12;3;52;11;64;11;40;13;88;13;16;25;52;25;72;25;32;39;84;39;20;43;52;0;1;1;3;2;5;5;5;10;9;12;3;52;11;64;11;40;13;88;13;16;25;52;25;72;25;32;39;84;39;20;43;52;0;1;1;3;2;5;5;5;10;9;12;3;52;11;64;11;40;13;88;13;16;25;52;25;72;25;32;39;84;39;20;43;52;1;0;0;0;5;3;1;1;0;7;6;3;0;1122944768;1122944768;1122944768;1122944768;;0;0;39;20;43;0;1;1;3;2;5;5;5;10;9;12;3;52;11;64;11;40;13;88;13;16;25;52;25;72;25;32;39;84;39;20;43;52;0;1;1;3;2;5;5;5;10;9;12;3;52;11;64;11;40;13;88;13;16;25;52;25;72;25;32;39;84;39;20;43;52;0;1;1;3;2;5;5;5;10;9;12;3;52;11;64;11;40;13;88;13;16;25;52;25;72;25;32;39;84;39;20;43;52;1;0;0;0;4;3;1;1;0;6;5;3;0;1122944768;1122944768;1122944768;1122944768;;255;255;0;0;0;13;11;1;12;14;7;2;8;9;6;5;10;23;18;20;19;17;21;4;22;15;16;3;0;24;25;26;27;28;29;30;31;13;14;14;14;14;9;9;12;1;11;0;0;0;0;
122;0;1;1;3;2;4;5;5;10;9;12;3;52;11;64;11;40;13;88;13;16;23;52;25;72;25;32;41;84;41;20;43;52;0;1;1;3;2;4;5;5;10;9;12;3;52;11;64;11;40;15;88;15;16;25;52;31;72;31;32;43;84;43;20;45;52;0;1;1;3;2;4;5;5;10;9;12;3;52;11;64;11;40;11;88;11;16;19;52;23;72;23;32;37;84;37;20;41;52;0;1;0;0;0;0;0;1;0;0;0;0;52;0;0;-1090854255867;-1;;0;0;11;64;11;40;11;88;11;16;19;52;23;72;23;32;37;84;37;20;41;52;0;1;1;3;2;4;5;5;10;9;12;3;52;11;64;11;40;11;88;11;16;19;52;23;72;23;32;37;84;37;20;41;52;0;1;1;3;2;4;5;5;10;9;12;3;52;11;64;11;40;11;88;11;16;19;52;23;72;23;32;37;84;37;20;41;52;0;0;0;0;1;1;0;0;0;0;0;0;0;0;0;0;0;0;0;0;52;11;0;0;0;64;11;40;84;-1086542577404;-1;216455356602122240;219560420472849410;;0;0;41;20;43;52;0;1;1;3;2;4;5;5;10;9;12;3;52;11;64;11;40;15;88;15;16;25;52;31;72;31;32;43;84;43;20;45;52;0;1;1;3;2;4;5;5;10;9;12;3;52;11;64;11;40;11;88;11;16;19;52;23;72;23;32;37;84;37;20;41;52;0;1;0;0;0;1;0;0;0;0;0;0;0;0;0;0;0;0;0;0;0;0;0;0;0;5;3;5;4;2;255;255;255;255;255;255;28;29;255;255;255;30;31;5;0;216736831578832896;795458214266537220;1374179596971150604;1952900979675763988;;255;255;0;0;0;0;0;0;0;0;0;0;0;0;0;0;0;0;0;0;0;0;0;0;0;0;0;0;0;0;0;0;0;0;0;0;0;0;0;0;0;0;0;0;0;0;0;0;0;0;0;
123;0;1;1;3;2;4;5;5;10;9;12;3;52;11;64;11;40;13;88;13;16;21;52;25;68;25;36;37;84;37;20;43;52;0;1;1;3;2;4;5;5;10;9;12;3;52;11;64;11;40;15;88;15;16;23;52;29;68;29;36;43;84;43;20;43;52;0;1;1;3;2;4;5;5;10;9;12;3;52;11;64;11;40;13;88;13;16;19;52;25;68;25;36;35;84;35;20;43;52;1;1;0;0;0;0;1;0;1;0;0;0;52;0;0;-1086542576891;-1;;0;0;11;64;11;40;13;88;13;16;19;52;25;68;25;36;35;84;35;20;43;52;0;1;1;3;2;4;5;5;10;9;12;3;52;11;64;11;40;13;88;13;16;19;52;25;68;25;36;35;84;35;20;43;52;0;1;1;3;2;4;5;5;10;9;12;3;52;11;64;11;40;13;88;13;16;19;52;25;68;25;36;35;84;35;20;43;52;1;1;0;0;1;0;1;0;0;0;0;0;0;0;0;0;0;0;0;0;52;11;0;0;0;64;11;40;84;-1086525734138;-1;216455356602122240;219560420472849410;;0;0;37;20;43;52;0;1;1;3;2;4;5;5;10;9;12;3;52;11;64;11;40;15;88;15;16;23;52;29;68;29;36;43;84;43;20;43;52;0;1;1;3;2;4;5;5;10;9;12;3;52;11;64;11;40;13;88;13;16;19;52;25;68;25;36;35;84;35;20;43;52;1;1;0;0;1;0;1;0;0;0;0;0;0;0;0;0;0;0;0;0;0;0;0;0;0;5;3;4;5;3;255;255;255;255;255;255;28;29;255;255;255;30;31;6;0;216736831578832896;795458214266537220;1374179596971150604;1952900979675763988;;255;255;0;0;0;0;0;0;0;0;0;0;0;0;0;0;0;0;0;0;0;0;0;0;0;0;0;0;0;0;0;0;0;0;0;0;0;0;0;0;0;0;0;0;0;0;0;0;0;0;0;
124;0;1;1;1;5;5;7;6;8;8;12;3;52;11;52;11;72;11;32;21;64;21;40;23;92;23;12;31;72;31;32;43;52;0;1;1;1;5;5;7;6;8;8;12;3;52;11;52;13;72;13;32;23;64;23;40;27;92;27;12;33;72;33;32;43;52;0;1;1;1;5;5;7;6;8;8;12;3;52;11;52;11;72;11;32;19;64;19;40;19;92;19;12;29;72;29;32;41;52;1;1;0;0;0;0;0;0;0;0;0;0;52;0;0;-1090837413116;-1;;0;0;11;52;11;72;11;32;19;64;19;40;19;92;19;12;29;72;29;32;41;52;0;1;1;1;5;5;7;6;8;8;12;3;52;11;52;11;72;11;32;19;64;19;40;19;92;19;12;29;72;29;32;41;52;0;1;1;1;5;5;7;6;8;8;12;3;52;11;52;11;72;11;32;19;64;19;40;19;92;19;12;29;72;29;32;41;52;1;1;0;0;1;0;0;0;0;0;0;0;0;0;0;0;0;0;0;0;52;11;0;0;0;52;11;72;72;-1086525800188;-1;72340168526266368;219559312388195589;;0;0;31;32;43;52;0;1;1;1;5;5;7;6;8;8;12;3;52;11;52;13;72;13;32;23;64;23;40;27;92;27;12;33;72;33;32;43;52;0;1;1;1;5;5;7;6;8;8;12;3;52;11;52;11;72;11;32;19;64;19;40;19;92;19;12;29;72;29;32;41;52;1;1;0;0;0;0;0;0;0;0;0;0;0;0;0;0;0;0;0;0;0;0;0;0;0;4;3;6;5;2;255;255;255;255;255;255;28;29;255;255;255;30;31;8;0;216736831578832896;795458214266537220;1374179596971150604;1952900979675763988;;255;255;0;0;0;0;0;0;0;0;0;0;0;0;0;0;0;0;0;0;0;0;0;0;0;0;0;0;0;0;0;0;0;0;0;0;0;0;0;0;0;0;0;0;0;0;0;0;0;0;0;
125;0;1;1;1;4;4;7;6;8;8;12;3;52;11;52;11;72;11;32;19;64;19;40;31;88;31;16;33;68;33;36;43;52;0;1;1;3;2;5;5;7;6;8;12;3;52;11;64;11;40;13;88;13;16;19;64;19;40;31;88;31;16;31;52;43;52;0;1;1;3;2;5;5;7;6;8;12;3;52;11;64;11;40;13;88;13;16;19;64;19;40;31;88;31;16;31;52;43;52;1;1;0;0;6;3;1;1;0;4;5;3;0;1122944768;1122944768;1122944768;1122944768;;0;0;11;64;11;0;1;1;3;2;5;5;7;6;8;12;3;52;11;64;11;40;13;88;13;16;19;64;19;40;31;88;31;16;31;52;43;52;0;1;1;3;2;5;5;7;6;8;12;3;52;11;64;11;40;13;88;13;16;19;64;19;40;31;88;31;16;31;52;43;52;0;1;1;3;2;5;5;7;6;8;12;3;52;11;64;11;40;13;88;13;16;19;64;19;40;31;88;31;16;31;52;43;52;1;1;0;0;5;3;1;1;1;5;6;3;0;1122944768;1122944768;1122944768;1122944768;;0;0;39;20;43;0;1;1;3;2;5;5;7;6;8;12;3;52;11;64;11;40;13;88;13;16;19;64;19;40;31;88;31;16;31;52;43;52;0;1;1;3;2;5;5;7;6;8;12;3;52;11;64;11;40;13;88;13;16;19;64;19;40;31;88;31;16;31;52;43;52;0;1;1;3;2;5;5;7;6;8;12;3;52;11;64;11;40;13;88;13;16;19;64;19;40;31;88;31;16;31;52;43;52;1;1;0;0;6;3;1;1;0;4;5;3;0;1122944768;1122944768;1122944768;1122944768;;255;255;0;0;0;1;10;16;19;8;11;13;5;4;15;9;7;2;24;18;14;0;21;12;6;17;22;20;23;3;255;255;255;255;255;255;255;10;4;5;4;4;4;5;10;19;9;0;0;0;0;
126;0;1;1;1;5;5;7;6;8;8;12;3;52;11;52;11;72;11;32;19;64;19;40;31;88;31;16;33;68;33;36;43;52;0;1;1;3;2;4;4;7;6;8;12;3;52;11;64;11;40;13;88;13;16;19;64;19;40;31;88;31;16;31;52;43;52;0;1;1;3;2;4;4;7;6;8;12;3;52;11;64;11;40;13;88;13;16;19;64;19;40;31;88;31;16;31;52;43;52;1;1;0;1;4;3;0;0;0;5;6;2;0;0;0;0;0;;0;0;11;64;11;0;1;1;3;2;4;4;7;6;8;12;3;52;11;64;11;40;13;88;13;16;19;64;19;40;31;88;31;16;31;52;43;52;0;1;1;3;2;4;4;7;6;8;12;3;52;11;64;11;40;13;88;13;16;19;64;19;40;31;88;31;16;31;52;43;52;0;1;1;3;2;4;4;7;6;8;12;3;52;11;64;11;40;13;88;13;16;19;64;19;40;31;88;31;16;31;52;43;52;0;1;0;0;5;2;0;0;0;4;6;2;0;0;0;0;0;;0;0;31;52;43;0;1;1;3;2;4;4;7;6;8;12;3;52;11;64;11;40;13;88;13;16;19;64;19;40;31;88;31;16;31;52;43;52;0;1;1;3;2;4;4;7;6;8;12;3;52;11;64;11;40;13;88;13;16;19;64;19;40;31;88;31;16;31;52;43;52;0;1;1;3;2;4;4;7;6;8;12;3;52;11;64;11;40;13;88;13;16;19;64;19;40;31;88;31;16;31;52;43;52;1;1;0;1;4;3;0;0;0;5;6;2;0;0;0;0;0;;255;255;0;0;0;0;23;16;5;3;9;10;12;13;15;6;11;4;7;14;20;1;17;21;19;2;22;24;25;8;18;255;255;255;255;255;255;9;9;9;9;9;6;15;6;16;23;0;0;0;0;
130;0;1;1;3;2;4;5;7;6;8;12;3;52;11;64;11;40;13;88;13;16;19;64;19;40;31;88;31;16;31;52;43;52;0;1;1;3;2;4;5;7;6;8;12;3;52;11;64;11;40;13;88;13;16;19;64;19;40;31;88;31;16;31;52;43;52;0;1;1;3;2;4;4;8;8;8;12;3;52;11;64;11;40;13;88;13;16;19;64;19;40;31;52;31;80;31;24;43;52;0;1;0;0;7;2;1;0;1;5;6;2;0;0;0;0;0;;0;0;0;0;0;0;1;1;3;2;4;4;8;8;8;12;3;52;11;64;11;40;13;88;13;16;19;64;19;40;31;52;31;80;31;24;43;52;0;1;1;3;2;4;4;8;8;8;12;3;52;11;64;11;40;13;88;13;16;19;64;19;40;31;52;31;80;31;24;43;52;0;1;1;3;2;4;4;8;8;8;12;3;52;11;64;11;40;13;88;13;16;19;64;19;40;31;52;31;80;31;24;43;52;0;1;0;0;7;2;1;0;1;5;6;2;0;0;0;0;0;;0;0;0;0;0;0;1;1;3;2;4;5;7;6;8;12;3;52;11;64;11;40;13;88;13;16;19;64;19;40;31;88;31;16;31;52;43;52;0;1;1;3;2;4;5;7;6;8;12;3;52;11;64;11;40;13;88;13;16;19;64;19;40;31;88;31;16;31;52;43;52;0;1;1;3;2;4;4;8;8;8;12;3;52;11;64;11;40;13;88;13;16;19;64;19;40;31;52;31;80;31;24;43;52;0;1;0;0;7;2;1;0;1;5;6;2;0;0;0;0;0;;0;0;0;0;0;0;1;2;3;4;5;6;7;8;9;10;11;12;13;14;15;16;17;18;19;20;21;22;23;24;25;26;27;28;29;30;31;0;9;6;9;9;10;7;255;255;255;0;0;0;0;
133;0;1;1;3;2;4;4;7;6;8;12;3;52;11;64;11;40;13;88;13;16;19;64;19;40;31;88;31;16;31;52;43;52;0;1;1;3;2;4;4;7;6;8;12;3;52;11;64;11;40;13;88;13;16;19;64;19;40;31;88;31;16;31;52;43;52;0;1;1;3;2;4;4;7;6;8;12;3;52;11;64;11;40;13;88;13;16;19;64;19;40;31;88;31;16;31;52;43;52;1;1;0;1;5;3;0;1;0;6;5;2;0;0;0;0;0;;0;0;0;0;0;0;1;1;3;2;4;4;7;6;8;12;3;52;11;64;11;40;13;88;13;16;19;64;19;40;31;88;31;16;31;52;43;52;0;1;1;3;2;4;4;7;6;8;12;3;52;11;64;11;40;13;88;13;16;19;64;19;40;31;88;31;16;31;52;43;52;0;1;1;3;2;4;4;7;6;8;12;3;52;11;64;11;40;13;88;13;16;19;64;19;40;31;88;31;16;31;52;43;52;0;0;0;1;7;3;0;1;1;3;5;2;0;0;0;0;0;;0;0;0;0;0;0;1;1;3;2;4;4;7;6;8;12;3;52;11;64;11;40;13;88;13;16;19;64;19;40;31;88;31;16;31;52;43;52;0;1;1;3;2;4;4;7;6;8;12;3;52;11;64;11;40;13;88;13;16;19;64;19;40;31;88;31;16;31;52;43;52;0;1;1;3;2;4;4;7;6;8;12;3;52;11;64;11;40;13;88;13;16;19;64;19;40;31;88;31;16;31;52;43;52;1;1;0;1;5;3;0;1;0;6;5;2;0;0;0;0;0;;0;0;0;0;0;0;1;2;3;4;5;6;7;8;9;10;11;12;13;14;15;16;17;18;19;20;21;22;23;24;25;26;27;28;29;30;31;9;9;5;9;9;10;8;255;255;255;0;0;0;0;
134;0;1;1;3;2;4;4;8;8;8;12;3;52;11;64;11;40;13;88;13;16;19;64;19;40;31;52;31;80;31;24;43;52;0;1;1;3;2;4;4;8;8;8;12;3;52;11;64;11;40;13;88;13;16;19;64;19;40;31;52;31;80;31;24;43;52;0;1;1;3;2;4;4;8;8;8;12;3;52;11;64;11;40;13;88;13;16;19;64;19;40;31;52;31;80;31;24;43;52;1;1;0;1;5;2;1;0;0;5;6;1;0;0;0;0;0;;0;0;0;0;0;0;1;1;3;2;4;4;8;8;8;12;3;52;11;64;11;40;13;88;13;16;19;64;19;40;31;52;31;80;31;24;43;52;0;1;1;3;2;4;4;8;8;8;12;3;52;11;64;11;40;13;88;13;16;19;64;19;40;31;52;31;80;31;24;43;52;0;1;1;3;2;4;4;8;8;8;12;3;52;11;64;11;40;13;88;13;16;19;64;19;40;31;52;31;80;31;24;43;52;1;1;0;1;5;1;1;0;0;5;6;2;0;0;0;0;0;;0;0;0;0;0;0;1;1;3;2;4;4;8;8;8;12;3;52;11;64;11;40;13;88;13;16;19;64;19;40;31;52;31;80;31;24;43;52;0;1;1;3;2;4;4;8;8;8;12;3;52;11;64;11;40;13;88;13;16;19;64;19;40;31;52;31;80;31;24;43;52;0;1;1;3;2;4;4;8;8;8;12;3;52;11;64;11;40;13;88;13;16;19;64;19;40;31;52;31;80;31;24;43;52;1;1;0;1;5;2;1;0;0;5;6;1;0;0;0;0;0;;0;0;0;0;0;0;1;2;3;4;5;6;7;8;9;10;11;12;13;14;15;16;17;18;19;20;21;22;23;24;25;26;27;28;29;30;31;8;8;8;8;8;10;4;255;255;255;0;0;0;0;
135;0;1;1;3;2;4;4;7;6;8;12;3;52;11;64;11;40;13;88;13;16;19;64;19;40;31;88;31;16;31;52;43;52;0;1;1;3;2;4;4;7;6;8;12;3;52;11;64;11;40;13;88;13;16;19;64;19;40;31;88;31;16;31;52;43;52;0;1;1;3;2;4;4;7;6;8;12;3;52;11;64;11;40;13;88;13;16;19;64;19;40;31;88;31;16;31;52;43;52;0;0;0;0;1;2;0;0;0;1;1;2;0;0;0;0;0;;0;0;0;0;0;0;1;1;3;2;4;4;7;6;8;12;3;52;11;64;11;40;13;88;13;16;19;64;19;40;31;88;31;16;31;52;43;52;0;1;1;3;2;4;4;7;6;8;12;3;52;11;64;11;40;13;88;13;16;19;64;19;40;31;88;31;16;31;52;43;52;0;1;1;3;2;4;4;7;6;8;12;3;52;11;64;11;40;13;88;13;16;19;64;19;40;31;88;31;16;31;52;43;52;0;0;0;0;1;2;0;0;0;1;1;2;0;0;0;0;0;;0;0;0;0;0;0;1;1;3;2;4;4;7;6;8;12;3;52;11;64;11;40;13;88;13;16;19;64;19;40;31;88;31;16;31;52;43;52;0;1;1;3;2;4;4;7;6;8;12;3;52;11;64;11;40;13;88;13;16;19;64;19;40;31;88;31;16;31;52;43;52;0;1;1;3;2;4;4;7;6;8;12;3;52;11;64;11;40;13;88;13;16;19;64;19;40;31;88;31;16;31;52;43;52;0;0;0;0;1;2;0;0;0;1;1;2;0;0;0;0;0;;0;0;0;0;0;0;1;2;3;4;5;6;7;8;9;10;11;12;13;14;15;16;17;18;19;20;21;22;23;24;25;26;27;28;29;30;31;6;5;5;5;5;10;9;255;255;255;0;0;0;0;
136;0;1;1;3;2;4;4;7;6;8;12;3;52;11;64;11;40;13;88;13;16;19;64;19;40;31;84;31;20;33;52;43;52;0;1;1;3;2;4;4;7;6;8;12;3;52;11;64;11;40;13;88;13;16;19;64;19;40;31;84;31;20;33;52;43;52;0;1;1;3;2;4;4;7;6;8;12;3;52;11;64;11;40;13;88;13;16;19;64;19;40;31;84;31;20;33;52;43;52;1;1;0;0;5;2;0;1;0;6;6;2;0;1122944768;1122944768;1122944768;1122944768;;0;0;11;64;11;0;1;1;3;2;4;4;7;6;8;12;3;52;11;64;11;40;13;88;13;16;19;64;19;40;31;84;31;20;33;52;43;52;0;1;1;3;2;4;4;7;6;8;12;3;52;11;64;11;40;13;88;13;16;19;64;19;40;31;84;31;20;33;52;43;52;0;1;1;3;2;4;4;7;6;8;12;3;52;11;64;11;40;13;88;13;16;19;64;19;40;31;84;31;20;33;52;43;52;0;1;0;0;5;2;1;1;1;5;5;3;0;1122944768;1122944768;1122944768;1122944768;;0;0;31;52;43;0;1;1;3;2;4;4;7;6;8;12;3;52;11;64;11;40;13;88;13;16;19;64;19;40;31;84;31;20;33;52;43;52;0;1;1;3;2;4;4;7;6;8;12;3;52;11;64;11;40;13;88;13;16;19;64;19;40;31;84;31;20;33;52;43;52;0;1;1;3;2;4;4;7;6;8;12;3;52;11;64;11;40;13;88;13;16;19;64;19;40;31;84;31;20;33;52;43;52;1;1;0;0;5;2;0;1;0;6;6;2;0;1122944768;1122944768;1122944768;1122944768;;255;255;0;0;0;12;11;29;13;14;17;15;21;19;1;0;9;4;8;2;3;20;7;24;23;27;6;26;16;28;18;25;10;22;5;255;255;1;1;1;1;1;1;14;29;11;0;0;0;0;0;
137;0;1;1;3;2;4;7;6;8;12;12;3;52;11;64;11;40;13;88;13;16;19;52;27;91;27;13;33;52;43;64;43;40;0;1;1;3;2;4;5;5;10;9;12;3;52;11;64;11;40;13;88;13;16;21;52;29;68;29;36;43;84;43;20;43;52;0;1;1;3;2;4;5;5;10;9;12;3;52;11;64;11;40;13;88;13;16;19;52;23;68;23;36;39;84;39;20;41;52;1;1;0;1;6;3;0;1;0;6;4;3;0;1122944768;1122944768;1122944768;1122944768;;0;0;11;64;11;0;1;1;3;2;4;5;5;10;9;12;3;52;11;64;11;40;13;88;13;16;19;52;23;68;23;36;39;84;39;20;41;52;0;1;1;3;2;4;5;5;10;9;12;3;52;11;64;11;40;13;88;13;16;19;52;23;68;23;36;39;84;39;20;41;52;0;1;1;3;2;4;5;5;10;9;12;3;52;11;64;11;40;13;88;13;16;19;52;23;68;23;36;39;84;39;20;41;52;0;0;0;0;7;2;1;1;1;4;5;3;0;1122944768;1122944768;1122944768;1122944768;;0;0;43;64;43;0;1;1;3;2;4;5;5;10;9;12;3;52;11;64;11;40;13;88;13;16;21;52;29;68;29;36;43;84;43;20;43;52;0;1;1;3;2;4;5;5;10;9;12;3;52;11;64;11;40;13;88;13;16;21;52;29;68;29;36;43;84;43;20;43;52;0;1;1;3;2;4;5;5;10;9;12;3;52;11;64;11;40;13;88;13;16;19;52;23;68;23;36;39;84;39;20;41;52;1;1;0;1;6;3;0;1;0;6;4;3;0;1122944768;1122944768;1122944768;1122944768;;255;255;0;2;0;13;0;2;9;14;21;17;7;16;12;8;26;11;1;19;5;23;3;22;20;6;15;10;27;4;24;25;18;255;255;255;255;0;16;16;16;16;12;17;2;0;12;0;0;0;0;
138;0;1;1;3;2;4;4;7;6;8;12;3;52;11;64;11;40;13;88;13;16;19;64;19;40;31;88;31;16;33;52;43;52;0;1;1;3;2;5;5;7;6;12;12;3;52;11;64;11;40;15;88;15;16;23;64;23;40;31;84;31;20;41;64;41;40;0;1;1;3;2;5;5;7;6;12;12;3;52;11;64;11;40;13;88;13;16;21;64;21;40;27;84;27;20;41;64;41;40;1;1;0;1;7;3;0;0;0;6;4;3;0;1122944768;1122944768;1122944768;1122944768;;0;0;11;64;11;0;1;1;3;2;5;5;7;6;12;12;3;52;11;64;11;40;13;88;13;16;21;64;21;40;27;84;27;20;41;64;41;40;0;1;1;3;2;5;5;7;6;12;12;3;52;11;64;11;40;13;88;13;16;21;64;21;40;27;84;27;20;41;64;41;40;0;1;1;3;2;5;5;7;6;12;12;3;52;11;64;11;40;13;88;13;16;21;64;21;40;27;84;27;20;41;64;41;40;0;0;0;0;3;3;1;1;0;4;6;3;0;1122944768;1122944768;1122944768;1122944768;;0;0;43;64;43;0;1;1;3;2;5;5;7;6;12;12;3;52;11;64;11;40;13;88;13;16;23;64;23;40;29;84;29;20;41;64;41;40;0;1;1;3;2;5;5;7;6;12;12;3;52;11;64;11;40;15;88;15;16;23;64;23;40;31;84;31;20;41;64;41;40;0;1;1;3;2;5;5;7;6;12;12;3;52;11;64;11;40;13;88;13;16;21;64;21;40;27;84;27;20;41;64;41;40;1;1;0;1;7;3;0;0;0;6;4;3;0;1122944768;1122944768;1122944768;1122944768;;255;255;0;0;0;28;23;20;22;12;26;25;29;13;27;10;0;2;5;17;24;18;14;6;11;9;15;19;21;16;4;1;3;7;8;30;31;22;12;12;12;12;22;22;20;23;255;0;0;0;0;
139;0;1;1;3;2;4;4;5;6;12;12;3;52;11;64;11;40;13;88;13;16;24;64;24;40;31;85;31;20;43;64;43;40;0;1;1;3;2;4;5;5;8;11;12;3;52;11;64;11;40;13;88;13;16;19;52;25;68;25;36;33;52;43;64;43;40;0;1;1;3;2;4;5;5;8;11;12;3;52;11;64;11;40;13;88;13;16;19;52;25;68;25;36;33;52;43;64;43;40;0;1;0;0;6;3;0;0;1;6;7;3;0;0;0;0;0;;0;0;11;64;11;0;1;1;3;2;4;5;5;8;11;12;3;52;11;64;11;40;13;88;13;16;19;52;25;68;25;36;33;52;43;64;43;40;0;1;1;3;2;4;5;5;8;11;12;3;52;11;64;11;40;13;88;13;16;19;52;25;68;25;36;33;52;43;64;43;40;0;1;1;3;2;4;5;5;8;11;12;3;52;11;64;11;40;13;88;13;16;19;52;25;68;25;36;33;52;43;64;43;40;0;0;0;1;8;2;1;1;0;7;7;3;0;0;0;0;0;;0;0;43;40;43;0;1;1;3;2;4;5;5;8;11;12;3;52;11;64;11;40;13;88;13;16;19;52;25;68;25;36;33;52;43;64;43;40;0;1;1;3;2;4;5;5;8;11;12;3;52;11;64;11;40;13;88;13;16;19;52;25;68;25;36;33;52;43;64;43;40;0;1;1;3;2;4;5;5;8;11;12;3;52;11;64;11;40;13;88;13;16;19;52;25;68;25;36;33;52;43;64;43;40;0;1;0;0;6;3;0;0;1;6;7;3;0;0;0;0;0;;255;255;0;0;0;0;1;2;3;4;5;6;7;8;9;10;11;12;13;14;15;16;17;18;19;20;21;22;23;24;25;26;27;28;29;30;31;5;5;5;5;5;5;8;2;1;9;0;0;0;0;
140;0;1;1;3;2;4;4;7;6;8;12;3;52;9;64;9;40;13;88;11;16;21;60;21;40;29;88;29;20;31;52;41;52;0;1;1;3;2;4;4;7;6;8;12;3;52;9;64;9;40;13;88;11;16;21;60;21;40;29;88;29;20;31;52;41;52;0;1;1;3;2;4;4;7;6;8;12;3;52;9;64;9;40;13;88;11;16;21;60;21;40;29;88;29;20;31;52;41;52;0;0;1;0;10;1;1;1;1;1;5;2;0;0;0;0;0;;0;0;0;0;0;0;1;1;3;2;4;4;7;6;8;12;3;52;9;64;9;40;13;88;11;16;21;60;21;40;29;88;29;20;31;52;41;52;0;1;1;3;2;4;4;7;6;8;12;3;52;9;64;9;40;13;88;11;16;21;60;21;40;29;88;29;20;31;52;41;52;0;1;1;3;2;4;4;7;6;8;12;3;52;9;64;9;40;13;88;11;16;21;60;21;40;29;88;29;20;31;52;41;52;0;0;1;0;9;1;1;1;1;1;7;2;0;0;0;0;0;;0;0;0;0;0;0;1;1;3;2;4;4;7;6;8;12;3;52;9;64;9;40;13;88;11;16;21;60;21;40;29;88;29;20;31;52;41;52;0;1;1;3;2;4;4;7;6;8;12;3;52;9;64;9;40;13;88;11;16;21;60;21;40;29;88;29;20;31;52;41;52;0;1;1;3;2;4;4;7;6;8;12;3;52;9;64;9;40;13;88;11;16;21;60;21;40;29;88;29;20;31;52;41;52;0;0;1;0;10;1;1;1;1;1;5;2;0;0;0;0;0;;0;0;0;0;0;0;1;2;3;4;5;6;7;8;9;10;11;12;13;14;15;16;17;18;19;20;21;22;23;24;25;26;27;28;29;30;31;2;2;2;2;2;2;9;255;255;255;0;0;0;0;
172;0;1;1;3;2;5;5;7;6;12;12;3;52;11;64;11;40;13;88;13;16;25;64;25;40;31;88;31;16;43;64;43;40;0;1;1;3;2;5;5;7;6;12;12;3;52;11;64;11;40;13;88;13;16;21;64;21;40;31;84;31;20;43;64;43;40;0;1;1;3;2;5;5;7;6;12;12;3;52;11;64;11;40;13;88;13;16;21;64;21;40;31;84;31;20;43;64;43;40;0;1;1;0;9;2;1;0;0;7;9;3;0;1122944768;1122944768;1122944768;1122944768;;0;0;11;64;11;0;1;1;3;2;5;5;7;6;12;12;3;52;11;64;11;40;13;88;13;16;21;64;21;40;31;84;31;20;43;64;43;40;0;1;1;3;2;5;5;7;6;12;12;3;52;11;64;11;40;13;88;13;16;21;64;21;40;31;84;31;20;43;64;43;40;0;1;1;3;2;5;5;7;6;12;12;3;52;11;64;11;40;13;88;13;16;21;64;21;40;31;84;31;20;43;64;43;40;0;0;1;0;9;1;1;0;0;5;10;3;0;1122944768;1122944768;1122944768;1122944768;;0;0;43;64;43;0;1;1;3;2;5;5;7;6;12;12;3;52;11;64;11;40;13;88;13;16;21;64;21;40;31;84;31;20;43;64;43;40;0;1;1;3;2;5;5;7;6;12;12;3;52;11;64;11;40;13;88;13;16;21;64;21;40;31;84;31;20;43;64;43;40;0;1;1;3;2;5;5;7;6;12;12;3;52;11;64;11;40;13;88;13;16;21;64;21;40;31;84;31;20;43;64;43;40;0;1;1;0;9;2;1;0;0;7;9;3;0;1122944768;1122944768;1122944768;1122944768;;255;255;0;0;0;0;1;2;3;4;5;6;7;8;9;10;11;12;13;14;15;16;17;18;19;20;21;22;23;24;25;26;27;28;29;30;31;6;10;10;8;10;10;8;2;9;1;0;0;0;0;
173;0;1;1;3;2;4;5;5;10;9;12;3;52;11;64;11;40;13;88;13;16;21;52;27;68;27;36;41;84;41;20;43;52;0;1;1;3;2;5;5;5;10;9;12;3;52;11;64;11;40;13;88;13;16;25;52;25;72;25;32;39;84;39;20;43;52;0;1;1;3;2;5;5;5;10;9;12;3;52;11;64;11;40;13;88;13;16;25;52;25;72;25;32;39;84;39;20;43;52;1;1;0;1;6;3;0;1;0;7;7;3;0;1122944768;1122944768;1122944768;1122944768;;0;0;11;64;11;0;1;1;3;2;5;5;5;10;9;12;3;52;11;64;11;40;13;88;13;16;25;52;25;72;25;32;39;84;39;20;43;52;0;1;1;3;2;5;5;5;10;9;12;3;52;11;64;11;40;13;88;13;16;25;52;25;72;25;32;39;84;39;20;43;52;0;1;1;3;2;5;5;5;10;9;12;3;52;11;64;11;40;13;88;13;16;25;52;25;72;25;32;39;84;39;20;43;52;1;1;1;1;5;3;1;1;1;6;6;3;0;1122944768;1122944768;1122944768;1122944768;;0;0;39;20;43;0;1;1;3;2;5;5;5;10;9;12;3;52;11;64;11;40;13;88;13;16;25;52;25;72;25;32;39;84;39;20;43;52;0;1;1;3;2;5;5;5;10;9;12;3;52;11;64;11;40;13;88;13;16;25;52;25;72;25;32;39;84;39;20;43;52;0;1;1;3;2;5;5;5;10;9;12;3;52;11;64;11;40;13;88;13;16;25;52;25;72;25;32;39;84;39;20;43;52;1;1;0;1;6;3;0;1;0;7;7;3;0;1122944768;1122944768;1122944768;1122944768;;255;255;0;0;0;0;1;2;3;4;5;6;7;8;9;10;11;12;13;14;15;16;17;18;19;20;21;22;23;24;25;26;27;28;29;30;31;6;7;7;7;7;10;8;2;1;10;0;0;0;0;
174;0;1;1;3;2;4;4;8;8;8;12;3;52;11;64;11;40;13;88;13;16;19;64;19;40;31;52;31;80;31;24;43;52;0;1;1;3;2;4;4;8;8;8;12;3;52;11;64;11;40;13;88;13;16;19;64;19;40;31;52;31;80;31;24;43;52;0;1;1;3;2;4;4;8;8;8;12;3;52;11;64;11;40;13;88;13;16;19;64;19;40;31;52;31;80;31;24;43;52;0;1;1;0;5;3;1;0;0;6;7;3;0;0;0;0;0;;0;0;0;0;0;0;1;1;3;2;4;4;8;8;8;12;3;52;11;64;11;40;13;88;13;16;19;64;19;40;31;52;31;80;31;24;43;52;0;1;1;3;2;4;4;8;8;8;12;3;52;11;64;11;40;13;88;13;16;19;64;19;40;31;52;31;80;31;24;43;52;0;1;1;3;2;4;4;8;8;8;12;3;52;11;64;11;40;13;88;13;16;19;64;19;40;31;52;31;80;31;24;43;52;0;1;0;0;4;1;1;0;0;4;7;3;0;0;0;0;0;;0;0;0;0;0;0;1;1;3;2;4;4;8;8;8;12;3;52;11;64;11;40;13;88;13;16;19;64;19;40;31;52;31;80;31;24;43;52;0;1;1;3;2;4;4;8;8;8;12;3;52;11;64;11;40;13;88;13;16;19;64;19;40;31;52;31;80;31;24;43;52;0;1;1;3;2;4;4;8;8;8;12;3;52;11;64;11;40;13;88;13;16;19;64;19;40;31;52;31;80;31;24;43;52;0;1;1;0;5;3;1;0;0;6;7;3;0;0;0;0;0;;0;0;0;0;0;0;1;2;3;4;5;6;7;8;9;10;11;12;13;14;15;16;17;18;19;20;21;22;23;24;25;26;27;28;29;30;31;1;6;6;6;6;7;9;255;255;255;0;0;0;0;
177;0;1;1;3;2;4;4;7;6;8;12;3;52;11;64;11;40;13;88;13;16;19;64;19;40;31;88;31;16;33;52;43;52;0;1;1;3;2;5;5;8;8;8;12;3;52;11;64;11;40;13;88;13;16;19;64;19;40;31;52;31;80;31;24;43;52;0;1;1;3;2;5;5;8;8;8;12;3;52;11;64;11;40;13;88;13;16;19;64;19;40;31;52;31;80;31;24;43;52;1;1;0;0;6;3;1;1;1;7;8;3;0;1122944768;1122944768;1122944768;1122944768;;0;0;11;64;11;0;1;1;3;2;5;5;8;8;8;12;3;52;11;64;11;40;13;88;13;16;19;64;19;40;31;52;31;80;31;24;43;52;0;1;1;3;2;5;5;8;8;8;12;3;52;11;64;11;40;13;88;13;16;19;64;19;40;31;52;31;80;31;24;43;52;0;1;1;3;2;5;5;8;8;8;12;3;52;11;64;11;40;13;88;13;16;19;64;19;40;31;52;31;80;31;24;43;52;1;1;0;0;6;3;0;1;1;5;9;3;0;1122944768;1122944768;1122944768;1122944768;;0;0;31;52;43;0;1;1;3;2;5;5;8;8;8;12;3;52;11;64;11;40;13;88;13;16;19;64;19;40;31;52;31;80;31;24;43;52;0;1;1;3;2;5;5;8;8;8;12;3;52;11;64;11;40;13;88;13;16;19;64;19;40;31;52;31;80;31;24;43;52;0;1;1;3;2;5;5;8;8;8;12;3;52;11;64;11;40;13;88;13;16;19;64;19;40;31;52;31;80;31;24;43;52;1;1;0;0;6;3;1;1;1;7;8;3;0;1122944768;1122944768;1122944768;1122944768;;255;255;0;0;0;0;1;2;3;4;5;6;7;8;9;10;11;12;13;14;15;16;17;18;19;20;21;22;23;24;25;26;27;28;29;30;31;0;5;9;5;9;7;9;2;1;3;0;0;0;0;
178;0;1;1;3;2;4;4;7;6;8;12;3;52;11;64;11;40;13;88;13;16;19;64;19;40;31;88;31;16;33;52;43;52;0;1;1;3;2;4;4;7;6;8;12;3;52;11;64;11;40;13;88;13;16;19;64;19;40;31;88;31;16;31;52;43;52;0;1;1;3;2;4;4;7;6;8;12;3;52;11;64;11;40;13;88;13;16;19;64;19;40;31;88;31;16;31;52;43;52;1;1;1;1;6;3;0;1;1;5;5;3;0;1122944768;1122944768;1122944768;1122944768;;0;0;11;64;11;0;1;1;3;2;4;4;7;6;8;12;3;52;11;64;11;40;13;88;13;16;19;64;19;40;31;88;31;16;31;52;43;52;0;1;1;3;2;4;4;7;6;8;12;3;52;11;64;11;40;13;88;13;16;19;64;19;40;31;88;31;16;31;52;43;52;0;1;1;3;2;4;4;7;6;8;12;3;52;11;64;11;40;13;88;13;16;19;64;19;40;31;88;31;16;31;52;43;52;1;1;0;1;5;3;0;1;1;6;6;3;0;1122944768;1122944768;1122944768;1122944768;;0;0;39;20;43;0;1;1;3;2;4;4;7;6;8;12;3;52;11;64;11;40;13;88;13;16;19;64;19;40;31;88;31;16;31;52;43;52;0;1;1;3;2;4;4;7;6;8;12;3;52;11;64;11;40;13;88;13;16;19;64;19;40;31;88;31;16;31;52;43;52;0;1;1;3;2;4;4;7;6;8;12;3;52;11;64;11;40;13;88;13;16;19;64;19;40;31;88;31;16;31;52;43;52;1;1;1;1;6;3;0;1;1;5;5;3;0;1122944768;1122944768;1122944768;1122944768;;255;255;0;0;0;0;1;2;3;4;5;6;7;8;9;10;11;12;13;14;15;16;17;18;19;20;21;22;23;24;25;26;27;28;29;30;31;0;7;6;6;6;7;6;2;1;10;0;0;0;0;
179;0;1;1;3;2;4;4;7;6;8;12;3;52;11;64;11;40;13;88;13;16;19;64;19;40;31;88;31;16;33;52;43;52;0;1;1;3;2;4;4;7;6;8;12;3;52;11;64;11;40;13;88;13;16;19;64;19;40;31;88;31;16;31;52;43;52;0;1;1;3;2;4;4;7;6;8;12;3;52;11;64;11;40;13;88;13;16;19;64;19;40;31;88;31;16;31;52;43;52;1;1;0;1;6;3;0;1;0;6;6;3;0;1122944768;1122944768;1122944768;1122944768;;0;0;11;64;11;0;1;1;3;2;4;4;7;6;8;12;3;52;11;64;11;40;13;88;13;16;19;64;19;40;31;88;31;16;31;52;43;52;0;1;1;3;2;4;4;7;6;8;12;3;52;11;64;11;40;13;88;13;16;19;64;19;40;31;88;31;16;31;52;43;52;0;1;1;3;2;4;4;7;6;8;12;3;52;11;64;11;40;13;88;13;16;19;64;19;40;31;88;31;16;31;52;43;52;0;1;0;1;5;3;1;1;1;5;5;3;0;1122944768;1122944768;1122944768;1122944768;;0;0;31;52;43;0;1;1;3;2;4;4;7;6;8;12;3;52;11;64;11;40;13;88;13;16;19;64;19;40;31;88;31;16;31;52;43;52;0;1;1;3;2;4;4;7;6;8;12;3;52;11;64;11;40;13;88;13;16;19;64;19;40;31;88;31;16;31;52;43;52;0;1;1;3;2;4;4;7;6;8;12;3;52;11;64;11;40;13;88;13;16;19;64;19;40;31;88;31;16;31;52;43;52;1;1;0;1;6;3;0;1;0;6;6;3;0;1122944768;1122944768;1122944768;1122944768;;255;255;0;0;0;0;1;2;3;4;5;6;7;8;9;10;11;12;13;14;15;16;17;18;19;20;21;22;23;24;25;26;27;28;29;30;31;1;3;3;3;3;10;9;2;1;10;0;0;0;0;
180;0;1;1;3;2;5;5;7;6;8;12;3;52;11;64;11;40;13;88;13;16;21;72;21;32;29;92;29;12;29;52;43;52;0;1;1;3;2;5;5;7;6;8;12;3;52;11;64;11;40;15;88;15;16;23;72;23;32;31;92;31;12;31;52;45;52;0;1;1;3;2;5;5;7;6;8;12;3;52;11;64;11;40;11;88;11;16;19;72;19;32;27;92;27;12;27;52;41;52;1;0;0;0;3;3;1;1;1;4;3;3;0;1;4;10;-1052266987762;;0;0;0;0;0;0;1;1;3;2;5;5;7;6;8;12;3;52;11;64;11;40;11;88;11;16;19;72;19;32;27;92;27;12;27;52;41;52;0;1;1;3;2;5;5;7;6;8;12;3;52;11;64;11;40;11;88;11;16;19;72;19;32;27;92;27;12;27;52;41;52;0;1;1;3;2;5;5;7;6;8;12;3;52;11;64;11;40;11;88;11;16;19;72;19;32;27;92;27;12;27;52;41;52;1;0;0;1;5;2;0;0;0;1;4;3;0;0;0;0;0;;0;0;0;0;0;0;1;1;3;2;5;5;7;6;8;12;3;52;11;64;11;40;13;88;13;16;21;72;21;32;29;92;29;12;29;52;43;52;0;1;1;3;2;5;5;7;6;8;12;3;52;11;64;11;40;15;88;15;16;23;72;23;32;31;92;31;12;31;52;45;52;0;1;1;3;2;5;5;7;6;8;12;3;52;11;64;11;40;11;88;11;16;19;72;19;32;27;92;27;12;27;52;41;52;1;0;0;0;3;3;1;1;1;4;3;3;0;0;0;0;0;;0;0;0;0;0;0;1;2;3;4;5;6;7;8;9;10;11;12;13;14;15;16;17;18;19;20;21;22;23;24;25;26;27;28;29;30;31;5;9;9;8;7;10;7;255;255;255;0;0;0;0;
181;0;1;1;3;2;4;8;8;10;9;12;3;52;11;64;11;40;13;88;13;16;21;52;30;73;30;31;41;87;41;17;44;52;0;1;1;3;2;4;8;8;10;9;12;3;52;11;64;11;40;13;88;13;16;21;52;30;73;30;31;41;87;41;17;44;52;0;1;1;3;2;4;8;8;10;9;12;3;52;11;64;11;40;13;88;13;16;21;52;30;73;30;31;41;87;41;17;44;52;1;1;1;1;0;0;0;1;0;0;0;0;52;0;0;-1086525668603;-1;;0;0;11;64;11;40;13;88;13;16;19;64;19;40;31;88;31;16;31;52;43;52;0;1;1;3;2;4;4;7;6;8;12;3;52;11;64;11;40;13;88;13;16;19;64;19;40;31;88;31;16;31;52;43;52;0;1;1;3;2;4;4;7;6;8;12;3;52;11;64;11;40;13;88;13;16;19;64;19;40;31;88;31;16;31;52;43;52;1;1;1;0;0;1;1;0;0;0;0;0;0;0;0;0;0;0;0;0;52;11;0;0;0;64;11;40;16;-1086542511355;-1;216455356602122240;219559303814841346;;0;0;31;52;43;52;0;1;1;3;2;4;4;7;6;8;12;3;52;11;64;11;40;13;88;13;16;19;64;19;40;31;88;31;16;31;52;43;52;0;1;1;3;2;4;4;7;6;8;12;3;52;11;64;11;40;13;88;13;16;19;64;19;40;31;88;31;16;31;52;43;52;1;1;1;1;0;1;0;0;0;0;0;0;0;0;0;0;0;0;0;0;0;0;0;0;0;5;3;6;6;3;255;255;255;255;255;255;255;255;255;255;255;255;255;11;0;144972807145521152;1082838676503463937;1374179596953783561;1952900979675763988;;255;255;0;0;0;0;0;0;0;0;0;0;0;0;0;0;0;0;0;0;0;0;0;0;0;0;0;0;0;0;0;0;0;0;0;0;0;0;0;0;0;0;0;0;0;0;0;0;0;0;0;
182;0;1;1;3;2;4;5;5;10;9;12;3;52;11;64;11;40;13;88;13;16;19;52;25;68;25;36;39;84;39;20;43;52;0;1;1;3;2;4;5;5;10;9;12;3;52;11;64;11;40;13;88;13;16;19;52;25;68;25;36;39;84;39;20;43;52;0;1;1;3;2;4;5;5;10;9;12;3;52;11;64;11;40;13;88;13;16;19;52;25;68;25;36;39;84;39;20;43;52;1;1;0;0;5;3;0;1;1;6;5;3;0;0;0;0;0;;0;0;0;0;0;0;1;1;3;2;4;5;5;10;9;12;3;52;11;64;11;40;13;88;13;16;19;52;25;68;25;36;39;84;39;20;43;52;0;1;1;3;2;4;5;5;10;9;12;3;52;11;64;11;40;13;88;13;16;19;52;25;68;25;36;39;84;39;20;43;52;0;1;1;3;2;4;5;5;10;9;12;3;52;11;64;11;40;13;88;13;16;19;52;25;68;25;36;39;84;39;20;43;52;0;1;0;0;5;3;0;1;1;6;5;3;0;0;0;0;0;;0;0;0;0;0;0;1;1;3;2;4;5;5;10;9;12;3;52;11;64;11;40;13;88;13;16;19;52;25;68;25;36;39;84;39;20;43;52;0;1;1;3;2;4;5;5;10;9;12;3;52;11;64;11;40;13;88;13;16;19;52;25;68;25;36;39;84;39;20;43;52;0;1;1;3;2;4;5;5;10;9;12;3;52;11;64;11;40;13;88;13;16;19;52;25;68;25;36;39;84;39;20;43;52;1;1;0;0;5;3;0;1;1;6;5;3;0;0;0;0;0;;0;0;0;0;0;0;1;2;3;4;5;6;7;8;9;10;11;12;13;14;15;16;17;18;19;20;21;22;23;24;25;26;27;28;29;30;31;5;7;9;9;7;10;6;255;255;255;0;0;0;0;
184;0;1;1;1;5;5;7;6;8;12;12;3;52;11;52;11;72;11;32;19;64;19;40;25;84;25;20;33;52;43;64;43;40;0;1;1;1;4;4;7;6;8;12;12;3;52;11;52;11;72;11;32;19;64;19;40;25;84;25;20;33;52;43;64;43;40;0;1;1;1;4;4;7;6;8;12;12;3;52;11;52;11;72;11;32;19;64;19;40;25;84;25;20;33;52;43;64;43;40;1;1;0;0;5;2;1;0;1;6;6;3;0;0;0;0;0;;0;0;0;0;0;0;1;1;1;4;4;7;6;8;12;12;3;52;11;52;11;72;11;32;19;64;19;40;25;84;25;20;33;52;43;64;43;40;0;1;1;1;4;4;7;6;8;12;12;3;52;11;52;11;72;11;32;19;64;19;40;25;84;25;20;33;52;43;64;43;40;0;1;1;1;4;4;7;6;8;12;12;3;52;11;52;11;72;11;32;19;64;19;40;25;84;25;20;33;52;43;64;43;40;0;1;0;0;5;2;1;0;1;6;7;3;0;0;0;0;0;;0;0;0;0;0;0;1;1;1;5;5;7;6;8;12;12;3;52;11;52;11;72;11;32;19;64;19;40;25;84;25;20;33;52;43;64;43;40;0;1;1;1;4;4;7;6;8;12;12;3;52;11;52;11;72;11;32;19;64;19;40;25;84;25;20;33;52;43;64;43;40;0;1;1;1;4;4;7;6;8;12;12;3;52;11;52;11;72;11;32;19;64;19;40;25;84;25;20;33;52;43;64;43;40;1;1;0;0;5;2;1;0;1;6;6;3;0;0;0;0;0;;0;0;0;0;0;0;1;2;3;4;5;6;7;8;9;10;11;12;13;14;15;16;17;18;19;20;21;22;23;24;25;26;27;28;29;30;31;0;1;7;7;7;7;4;255;255;255;0;0;0;0;
186;0;1;1;3;2;5;5;7;6;8;12;3;52;11;64;11;40;13;88;13;16;23;64;23;40;31;84;31;20;31;52;41;52;0;1;1;3;2;5;5;7;6;8;12;3;52;13;64;13;40;15;88;15;16;25;64;25;40;33;84;33;20;33;52;43;52;0;1;1;3;2;5;5;7;6;8;12;3;52;11;64;11;40;11;88;11;16;21;64;21;40;25;84;25;20;29;52;41;52;0;1;1;0;0;0;0;0;0;0;0;0;52;0;0;-1086525734139;-1;;0;0;11;64;11;40;11;88;11;16;21;64;21;40;25;84;25;20;29;52;41;52;0;1;1;3;2;5;5;7;6;8;12;3;52;11;64;11;40;11;88;11;16;21;64;21;40;25;84;25;20;29;52;41;52;0;1;1;3;2;5;5;7;6;8;12;3;52;11;64;11;40;11;88;11;16;21;64;21;40;25;84;25;20;29;52;41;52;0;0;0;0;0;1;0;0;0;0;0;0;0;0;0;0;0;0;0;0;52;11;0;0;0;64;11;40;20;-1086508957434;-1;216455356602122240;219559303814907138;;0;0;31;52;41;52;0;1;1;3;2;5;5;7;6;8;12;3;52;13;64;13;40;15;88;15;16;25;64;25;40;33;84;33;20;33;52;43;52;0;1;1;3;2;5;5;7;6;8;12;3;52;11;64;11;40;11;88;11;16;21;64;21;40;25;84;25;20;29;52;41;52;0;1;1;0;0;0;0;0;0;0;0;0;0;0;0;0;0;0;0;0;0;0;0;0;0;5;3;5;6;3;255;255;255;255;255;255;28;29;255;255;255;30;31;6;0;216736831578832896;795458214266537220;1374179596971150604;1952900979675763988;;255;255;0;0;0;0;0;0;0;0;0;0;0;0;0;0;0;0;0;0;0;0;0;0;0;0;0;0;0;0;0;0;0;0;0;0;0;0;0;0;0;0;0;0;0;0;0;0;0;0;0;
187;0;1;1;3;2;4;5;5;8;11;12;3;52;11;64;11;40;13;88;13;16;19;52;25;68;25;36;33;52;43;64;43;40;0;1;1;3;2;4;5;5;8;11;12;3;52;11;64;11;40;13;88;13;16;19;52;25;68;25;36;33;52;43;64;43;40;0;1;1;3;2;4;5;5;8;11;12;3;52;11;64;11;40;13;88;13;16;19;52;25;68;25;36;33;52;43;64;43;40;0;1;0;0;6;3;0;0;0;6;7;3;0;0;0;0;0;;0;0;0;0;0;0;1;1;3;2;4;5;5;8;11;12;3;52;11;64;11;40;13;88;13;16;19;52;25;68;25;36;33;52;43;64;43;40;0;1;1;3;2;4;5;5;8;11;12;3;52;11;64;11;40;13;88;13;16;19;52;25;68;25;36;33;52;43;64;43;40;0;1;1;3;2;4;5;5;8;11;12;3;52;11;64;11;40;13;88;13;16;19;52;25;68;25;36;33;52;43;64;43;40;0;1;0;0;5;3;1;0;0;4;8;3;0;0;0;0;0;;0;0;0;0;0;0;1;1;3;2;4;5;5;8;11;12;3;52;11;64;11;40;13;88;13;16;19;52;25;68;25;36;33;52;43;64;43;40;0;1;1;3;2;4;5;5;8;11;12;3;52;11;64;11;40;13;88;13;16;19;52;25;68;25;36;33;52;43;64;43;40;0;1;1;3;2;4;5;5;8;11;12;3;52;11;64;11;40;13;88;13;16;19;52;25;68;25;36;33;52;43;64;43;40;0;1;0;0;6;3;0;0;0;6;7;3;0;0;0;0;0;;0;0;0;0;0;0;1;2;3;4;5;6;7;8;9;10;11;12;13;14;15;16;17;18;19;20;21;22;23;24;25;26;27;28;29;30;31;2;5;5;7;7;7;4;255;255;255;0;0;0;0;
188;0;1;1;3;2;4;5;5;8;11;12;3;52;11;64;11;40;13;88;13;16;19;52;25;68;25;36;33;52;43;64;43;40;0;1;1;3;2;4;5;5;8;11;12;3;52;11;64;11;40;13;88;13;16;19;52;25;68;25;36;33;52;43;64;43;40;0;1;1;3;2;4;5;5;8;11;12;3;52;11;64;11;40;13;88;13;16;19;52;25;68;25;36;33;52;43;64;43;40;0;0;1;0;6;2;1;1;0;4;6;3;0;0;0;0;0;;0;0;0;0;0;0;1;1;3;2;4;5;5;8;11;12;3;52;11;64;11;40;13;88;13;16;19;52;25;68;25;36;33;52;43;64;43;40;0;1;1;3;2;4;5;5;8;11;12;3;52;11;64;11;40;13;88;13;16;19;52;25;68;25;36;33;52;43;64;43;40;0;1;1;3;2;4;5;5;8;11;12;3;52;11;64;11;40;13;88;13;16;19;52;25;68;25;36;33;52;43;64;43;40;0;0;1;0;5;1;1;1;0;3;7;3;0;0;0;0;0;;0;0;0;0;0;0;1;1;3;2;4;5;5;8;11;12;3;52;11;64;11;40;13;88;13;16;19;52;25;68;25;36;33;52;43;64;43;40;0;1;1;3;2;4;5;5;8;11;12;3;52;11;64;11;40;13;88;13;16;19;52;25;68;25;36;33;52;43;64;43;40;0;1;1;3;2;4;5;5;8;11;12;3;52;11;64;11;40;13;88;13;16;19;52;25;68;25;36;33;52;43;64;43;40;0;0;1;0;6;2;1;1;0;4;6;3;0;0;0;0;0;;0;0;0;0;0;0;1;2;3;4;5;6;7;8;9;10;11;12;13;14;15;16;17;18;19;20;21;22;23;24;25;26;27;28;29;30;31;9;8;8;8;8;10;7;255;255;255;0;0;0;0;
190;0;1;1;3;2;5;5;7;6;11;12;3;52;11;64;11;40;15;88;15;16;25;64;25;40;31;92;31;12;41;64;43;40;0;1;1;3;2;5;5;7;6;11;12;3;52;11;64;11;40;15;88;15;16;25;64;25;40;33;92;33;12;41;64;43;40;0;1;1;3;2;5;5;7;6;11;12;3;52;11;64;11;40;11;88;11;16;23;64;23;40;29;92;29;12;39;64;41;40;0;1;0;0;0;0;1;1;1;0;0;0;52;0;0;-1086508891641;-1;;0;0;11;64;11;40;11;88;11;16;23;64;23;40;29;92;29;12;39;64;41;40;0;1;1;3;2;5;5;7;6;11;12;3;52;11;64;11;40;11;88;11;16;23;64;23;40;29;92;29;12;39;64;41;40;0;1;1;3;2;5;5;7;6;11;12;3;52;11;64;11;40;11;88;11;16;23;64;23;40;29;92;29;12;39;64;41;40;0;0;0;0;1;1;1;0;0;0;0;0;0;0;0;0;0;0;0;0;52;11;0;0;0;64;11;40;12;-1086492180218;-1;216455356602122240;219562602349790466;;0;0;41;64;43;40;0;1;1;3;2;5;5;7;6;11;12;3;52;11;64;11;40;15;88;15;16;25;64;25;40;33;92;33;12;41;64;43;40;0;1;1;3;2;5;5;7;6;11;12;3;52;11;64;11;40;11;88;11;16;23;64;23;40;29;92;29;12;39;64;41;40;0;1;0;0;1;1;1;0;0;0;0;0;0;0;0;0;0;0;0;0;0;0;0;0;0;7;2;6;7;3;255;255;255;255;255;255;28;29;255;255;255;30;31;7;0;216736831578832896;795458214266537220;1374179596971150604;1952900979675763988;;255;255;0;0;0;0;0;0;0;0;0;0;0;0;0;0;0;0;0;0;0;0;0;0;0;0;0;0;0;0;0;0;0;0;0;0;0;0;0;0;0;0;0;0;0;0;0;0;0;0;0;
191;0;1;1;3;2;4;5;5;10;9;12;3;52;11;64;11;40;13;88;13;16;19;52;27;72;27;32;37;88;37;16;43;52;0;1;1;3;2;4;5;5;10;9;12;3;52;11;64;11;40;13;88;13;16;19;52;27;72;27;32;37;88;37;16;43;52;0;1;1;3;2;4;5;5;10;9;12;3;52;11;64;11;40;13;88;13;16;19;52;27;72;27;32;37;88;37;16;43;52;1;1;1;1;3;3;0;1;1;7;8;3;0;0;0;0;0;;0;0;0;0;0;0;1;1;3;2;4;5;5;10;9;12;3;52;11;64;11;40;13;88;13;16;19;52;27;72;27;32;37;88;37;16;43;52;0;1;1;3;2;4;5;5;10;9;12;3;52;11;64;11;40;13;88;13;16;19;52;27;72;27;32;37;88;37;16;43;52;0;1;1;3;2;4;5;5;10;9;12;3;52;11;64;11;40;13;88;13;16;19;52;27;72;27;32;37;88;37;16;43;52;1;0;0;1;4;3;0;1;0;5;7;3;0;0;0;0;0;;0;0;0;0;0;0;1;1;3;2;4;5;5;10;9;12;3;52;11;64;11;40;13;88;13;16;19;52;27;72;27;32;37;88;37;16;43;52;0;1;1;3;2;4;5;5;10;9;12;3;52;11;64;11;40;13;88;13;16;19;52;27;72;27;32;37;88;37;16;43;52;0;1;1;3;2;4;5;5;10;9;12;3;52;11;64;11;40;13;88;13;16;19;52;27;72;27;32;37;88;37;16;43;52;1;1;1;1;3;3;0;1;1;7;8;3;0;0;0;0;0;;0;0;0;0;0;0;1;2;3;4;5;6;7;8;9;10;11;12;13;14;15;16;17;18;19;20;21;22;23;24;25;26;27;28;29;30;31;2;9;6;9;6;10;4;255;255;255;0;0;0;0;
192;0;1;1;3;2;5;5;7;6;12;12;3;52;11;64;11;40;13;88;13;16;21;64;21;40;31;84;31;20;43;64;43;40;0;1;1;3;2;5;5;7;6;12;12;3;52;11;64;11;40;13;88;13;16;21;64;21;40;31;84;31;20;43;64;43;40;0;1;1;3;2;5;5;7;6;12;12;3;52;11;64;11;40;13;88;13;16;21;64;21;40;31;84;31;20;43;64;43;40;0;1;0;1;7;3;0;1;1;6;7;3;0;0;0;0;0;;0;0;0;0;0;0;1;1;3;2;5;5;7;6;12;12;3;52;11;64;11;40;13;88;13;16;21;64;21;40;31;84;31;20;43;64;43;40;0;1;1;3;2;5;5;7;6;12;12;3;52;11;64;11;40;13;88;13;16;21;64;21;40;31;84;31;20;43;64;43;40;0;1;1;3;2;5;5;7;6;12;12;3;52;11;64;11;40;13;88;13;16;21;64;21;40;31;84;31;20;43;64;43;40;0;1;0;1;8;3;0;1;1;8;9;3;0;0;0;0;0;;0;0;0;0;0;0;1;1;3;2;5;5;7;6;12;12;3;52;11;64;11;40;13;88;13;16;21;64;21;40;31;84;31;20;43;64;43;40;0;1;1;3;2;5;5;7;6;12;12;3;52;11;64;11;40;13;88;13;16;21;64;21;40;31;84;31;20;43;64;43;40;0;1;1;3;2;5;5;7;6;12;12;3;52;11;64;11;40;13;88;13;16;21;64;21;40;31;84;31;20;43;64;43;40;0;1;0;1;7;3;0;1;1;6;7;3;0;0;0;0;0;;0;0;0;0;0;0;1;2;3;4;5;6;7;8;9;10;11;12;13;14;15;16;17;18;19;20;21;22;23;24;25;26;27;28;29;30;31;5;6;6;7;8;10;8;255;255;255;0;0;0;0;
193;0;1;1;3;2;4;5;7;6;11;12;3;52;11;64;11;40;13;88;13;16;21;52;29;52;31;84;31;20;39;64;43;40;0;1;1;3;2;4;5;7;6;11;12;3;52;13;64;13;40;15;88;15;16;23;52;31;52;33;84;33;20;41;64;45;40;0;1;1;3;2;4;5;7;6;11;12;3;52;9;64;9;40;11;84;11;20;17;52;27;52;29;84;29;20;35;64;41;40;0;1;0;1;8;3;0;1;0;9;9;3;0;0;0;0;0;;0;0;0;0;0;0;1;1;3;2;4;5;7;6;11;12;3;52;9;64;9;40;11;84;11;20;17;52;27;52;29;84;29;20;35;64;41;40;0;1;1;3;2;4;5;7;6;11;12;3;52;9;64;9;40;11;84;11;20;17;52;27;52;29;84;29;20;35;64;41;40;0;1;1;3;2;4;5;7;6;11;12;3;52;9;64;9;40;11;84;11;20;17;52;27;52;29;84;29;20;35;64;41;40;0;1;0;1;9;3;0;1;0;1;9;3;0;0;0;0;0;;0;0;0;0;0;0;1;1;3;2;4;5;7;6;11;12;3;52;11;64;11;40;13;88;13;16;21;52;29;52;31;84;31;20;39;64;43;40;0;1;1;3;2;4;5;7;6;11;12;3;52;13;64;13;40;15;88;15;16;23;52;31;52;33;84;33;20;41;64;45;40;0;1;1;3;2;4;5;7;6;11;12;3;52;9;64;9;40;11;84;11;20;17;52;27;52;29;84;29;20;35;64;41;40;0;1;0;1;8;3;0;1;0;9;9;3;0;0;0;0;0;;0;0;0;0;0;0;1;2;3;4;5;6;7;8;9;10;11;12;13;14;15;16;17;18;19;20;21;22;23;24;25;26;27;28;29;30;31;5;6;5;6;6;10;2;255;255;255;0;0;0;0;
194;0;1;1;3;2;4;5;5;10;9;12;3;52;11;64;11;40;13;88;13;16;19;52;26;68;26;36;41;84;41;20;43;52;0;1;1;1;4;5;5;7;6;12;12;3;52;13;52;13;76;13;28;23;52;29;64;29;40;33;88;33;16;45;64;45;40;0;1;1;1;4;5;5;7;6;12;12;3;52;9;52;9;72;9;32;17;52;25;64;25;40;17;88;17;16;41;72;41;32;1;1;1;0;3;2;0;0;1;7;3;1;0;1122944768;1122944768;1122944768;1122944768;;0;0;11;64;11;0;1;1;1;4;5;5;7;6;12;12;3;52;9;52;9;72;9;32;17;52;25;64;25;40;17;88;17;16;41;72;41;32;0;1;1;1;4;5;5;7;6;12;12;3;52;9;52;9;72;9;32;17;52;25;64;25;40;17;88;17;16;41;72;41;32;0;1;1;1;4;5;5;7;6;12;12;3;52;9;52;9;72;9;32;17;52;25;64;25;40;17;88;17;16;41;72;41;32;0;1;1;0;4;2;1;1;1;5;4;1;0;1122944768;1122944768;1122944768;1122944768;;0;0;33;52;43;0;1;1;1;4;5;5;7;6;12;12;3;52;11;52;11;72;11;32;19;52;25;64;25;40;25;88;25;16;43;64;43;40;0;1;1;1;4;5;5;7;6;12;12;3;52;13;52;13;76;13;28;23;52;29;64;29;40;33;88;33;16;45;64;45;40;0;1;1;1;4;5;5;7;6;12;12;3;52;9;52;9;72;9;32;17;52;25;64;25;40;17;88;17;16;41;72;41;32;1;1;1;0;3;2;0;0;1;7;3;1;0;1122944768;1122944768;1122944768;1122944768;;255;255;0;0;0;0;1;2;3;4;5;6;7;8;9;10;11;12;13;14;15;16;17;18;19;20;21;22;23;24;25;26;27;28;29;30;31;1;6;6;6;6;10;8;2;1;10;0;0;0;0;
195;0;1;1;1;5;5;7;6;8;8;12;3;52;11;52;11;72;11;32;23;64;23;40;31;88;31;16;33;68;33;36;43;52;0;1;1;3;2;5;5;7;6;12;12;3;52;11;64;11;40;13;88;13;16;25;64;25;40;25;88;25;16;43;64;43;40;0;1;1;3;2;5;5;7;6;12;12;3;52;11;64;11;40;13;88;13;16;25;64;25;40;25;88;25;16;43;64;43;40;1;1;0;1;6;2;0;1;0;6;6;2;0;1122944768;1122944768;1122944768;1122944768;;0;0;9;64;9;0;1;1;3;2;5;5;7;6;12;12;3;52;11;64;11;40;13;88;13;16;25;64;25;40;25;88;25;16;43;64;43;40;0;1;1;3;2;5;5;7;6;12;12;3;52;11;64;11;40;13;88;13;16;25;64;25;40;25;88;25;16;43;64;43;40;0;1;1;3;2;5;5;7;6;12;12;3;52;11;64;11;40;13;88;13;16;25;64;25;40;25;88;25;16;43;64;43;40;1;0;0;0;6;2;1;1;1;4;7;2;0;1122944768;1122944768;1122944768;1122944768;;0;0;31;52;41;0;1;1;3;2;5;5;7;6;12;12;3;52;11;64;11;40;13;88;13;16;25;64;25;40;25;88;25;16;43;64;43;40;0;1;1;3;2;5;5;7;6;12;12;3;52;11;64;11;40;13;88;13;16;25;64;25;40;25;88;25;16;43;64;43;40;0;1;1;3;2;5;5;7;6;12;12;3;52;11;64;11;40;13;88;13;16;25;64;25;40;25;88;25;16;43;64;43;40;1;1;0;1;6;2;0;1;0;6;6;2;0;1122944768;1122944768;1122944768;1122944768;;255;255;0;0;0;0;1;2;3;4;5;6;7;8;9;10;11;12;13;14;15;16;17;18;19;20;21;22;23;24;25;26;27;28;29;30;31;1;3;7;7;7;10;7;1;3;10;0;0;0;0;
196;0;1;1;3;2;4;5;5;7;6;12;3;52;11;64;11;40;13;88;13;16;19;52;26;68;26;36;29;90;29;14;43;52;0;1;1;3;2;5;5;7;6;11;12;3;52;11;64;11;40;13;88;13;16;25;64;25;40;25;88;25;16;43;64;43;40;0;1;1;3;2;5;5;7;6;11;12;3;52;11;64;11;40;13;88;13;16;25;64;25;40;25;88;25;16;43;64;43;40;1;1;0;1;6;3;0;0;0;6;4;1;0;1122944768;1122944768;1122944768;1122944768;;0;0;11;64;11;0;1;1;3;2;5;5;7;6;11;12;3;52;11;64;11;40;13;88;13;16;25;64;25;40;25;88;25;16;43;64;43;40;0;1;1;3;2;5;5;7;6;11;12;3;52;11;64;11;40;13;88;13;16;25;64;25;40;25;88;25;16;43;64;43;40;0;1;1;3;2;5;5;7;6;11;12;3;52;11;64;11;40;13;88;13;16;25;64;25;40;25;88;25;16;43;64;43;40;1;0;0;0;6;2;1;0;0;5;4;2;0;1122944768;1122944768;1122944768;1122944768;;0;0;35;20;43;0;1;1;3;2;5;5;7;6;11;12;3;52;11;64;11;40;13;88;13;16;25;64;25;40;25;88;25;16;43;64;43;40;0;1;1;3;2;5;5;7;6;11;12;3;52;11;64;11;40;13;88;13;16;25;64;25;40;25;88;25;16;43;64;43;40;0;1;1;3;2;5;5;7;6;11;12;3;52;11;64;11;40;13;88;13;16;25;64;25;40;25;88;25;16;43;64;43;40;1;1;0;1;6;3;0;0;0;6;4;1;0;1122944768;1122944768;1122944768;1122944768;;255;255;0;0;0;0;1;2;3;4;5;6;7;8;9;10;11;12;13;14;15;16;17;18;19;20;21;22;23;24;25;26;27;28;29;30;31;10;6;4;7;4;10;7;2;1;10;0;0;0;0;
197;0;1;1;3;2;5;5;7;6;11;12;3;52;11;64;11;40;13;88;13;16;25;64;25;40;25;88;25;16;43;40;43;64;0;1;1;3;2;5;5;7;6;11;12;3;52;11;64;11;40;13;88;13;16;21;64;21;40;31;84;31;20;43;40;43;64;0;1;1;3;2;5;5;7;6;11;12;3;52;11;64;11;40;13;88;13;16;25;64;25;40;25;88;25;16;43;40;43;64;1;1;1;1;3;2;0;1;0;8;4;1;0;0;0;0;0;;0;0;0;0;0;0;1;1;3;2;5;5;7;6;11;12;3;52;11;64;11;40;13;88;13;16;25;64;25;40;25;88;25;16;43;40;43;64;0;1;1;3;2;5;5;7;6;11;12;3;52;11;64;11;40;13;88;13;16;25;64;25;40;25;88;25;16;43;40;43;64;0;1;1;3;2;5;5;7;6;11;12;3;52;11;64;11;40;13;88;13;16;25;64;25;40;25;88;25;16;43;40;43;64;1;1;1;1;3;2;0;1;0;8;4;1;0;0;0;0;0;;0;0;0;0;0;0;1;1;3;2;5;5;7;6;11;12;3;52;11;64;11;40;13;88;13;16;25;64;25;40;25;88;25;16;43;40;43;64;0;1;1;3;2;5;5;7;6;11;12;3;52;11;64;11;40;13;88;13;16;21;64;21;40;31;84;31;20;43;40;43;64;0;1;1;3;2;5;5;7;6;11;12;3;52;11;64;11;40;13;88;13;16;25;64;25;40;25;88;25;16;43;40;43;64;1;1;1;1;3;2;0;1;0;8;4;1;0;0;0;0;0;;0;0;0;0;0;0;1;2;3;4;5;6;7;8;9;10;11;12;13;14;15;16;17;18;19;20;21;22;23;24;25;26;27;28;29;30;31;0;9;9;9;9;9;4;255;255;255;0;0;0;0;
198;0;1;1;1;5;5;5;7;6;12;12;3;52;11;52;11;72;11;32;21;52;21;72;21;32;29;88;29;16;43;64;43;40;0;1;1;1;5;5;5;7;6;12;12;3;52;11;52;11;72;11;32;21;52;21;72;21;32;29;88;29;16;43;64;43;40;0;1;1;1;5;5;5;7;6;12;12;3;52;11;52;11;72;11;32;21;52;21;72;21;32;29;88;29;16;43;64;43;40;0;0;1;1;10;2;0;0;0;3;7;3;0;0;0;0;0;;0;0;0;0;0;0;1;1;1;5;5;5;7;6;12;12;3;52;11;52;11;72;11;32;21;52;21;72;21;32;29;88;29;16;43;64;43;40;0;1;1;1;5;5;5;7;6;12;12;3;52;11;52;11;72;11;32;21;52;21;72;21;32;29;88;29;16;43;64;43;40;0;1;1;1;5;5;5;7;6;12;12;3;52;11;52;11;72;11;32;21;52;21;72;21;32;29;88;29;16;43;64;43;40;0;0;0;1;10;1;0;1;0;2;10;3;0;0;0;0;0;;0;0;0;0;0;0;1;1;1;5;5;5;7;6;12;12;3;52;11;52;11;72;11;32;21;52;21;72;21;32;29;88;29;16;43;64;43;40;0;1;1;1;5;5;5;7;6;12;12;3;52;11;52;11;72;11;32;21;52;21;72;21;32;29;88;29;16;43;64;43;40;0;1;1;1;5;5;5;7;6;12;12;3;52;11;52;11;72;11;32;21;52;21;72;21;32;29;88;29;16;43;64;43;40;0;0;1;1;10;2;0;0;0;3;7;3;0;0;0;0;0;;0;0;0;0;0;0;1;2;3;4;5;6;7;8;9;10;11;12;13;14;15;16;17;18;19;20;21;22;23;24;25;26;27;28;29;30;31;10;6;6;6;6;10;4;255;255;255;0;0;0;0;
199;0;1;1;3;2;4;4;8;8;12;12;3;52;7;60;7;40;9;84;9;20;19;60;21;40;29;76;29;24;41;60;41;40;0;1;1;3;2;4;4;8;8;12;12;3;52;7;60;7;40;9;84;9;20;19;60;21;40;29;76;29;24;41;60;41;40;0;1;1;3;2;4;4;8;8;12;12;3;52;7;60;7;40;9;84;9;20;19;60;21;40;29;76;29;24;41;60;41;40;0;0;1;0;10;1;1;1;1;1;5;2;0;0;0;0;0;;0;0;0;0;0;0;1;1;3;2;4;4;8;8;12;12;3;52;7;60;7;40;9;84;9;20;19;60;21;40;29;76;29;24;41;60;41;40;0;1;1;3;2;4;4;8;8;12;12;3;52;7;60;7;40;9;84;9;20;19;60;21;40;29;76;29;24;41;60;41;40;0;1;1;3;2;4;4;8;8;12;12;3;52;7;60;7;40;9;84;9;20;19;60;21;40;29;76;29;24;41;60;41;40;0;0;1;0;9;1;1;1;1;1;7;2;0;0;0;0;0;;0;0;0;0;0;0;1;1;3;2;4;4;8;8;12;12;3;52;7;60;7;40;9;84;9;20;19;60;21;40;29;76;29;24;41;60;41;40;0;1;1;3;2;4;4;8;8;12;12;3;52;7;60;7;40;9;84;9;20;19;60;21;40;29;76;29;24;41;60;41;40;0;1;1;3;2;4;4;8;8;12;12;3;52;7;60;7;40;9;84;9;20;19;60;21;40;29;76;29;24;41;60;41;40;0;0;1;0;10;1;1;1;1;1;5;2;0;0;0;0;0;;0;0;0;0;0;0;1;2;3;4;5;6;7;8;9;10;11;12;13;14;15;16;17;18;19;20;21;22;23;24;25;26;27;28;29;30;31;3;3;3;3;3;3;7;255;255;255;0;0;0;0;
200;0;1;1;3;2;4;4;8;8;12;12;3;52;9;60;9;40;9;84;9;20;21;60;19;40;31;80;31;24;41;60;41;40;0;1;1;3;2;4;4;8;8;12;12;3;52;9;60;9;40;9;84;9;20;21;60;19;40;31;80;31;24;41;60;41;40;0;1;1;3;2;4;4;8;8;12;12;3;52;9;60;9;40;9;84;9;20;21;60;19;40;31;80;31;24;41;60;41;40;0;1;0;0;5;2;1;0;1;7;8;3;0;0;0;0;0;;0;0;0;0;0;0;1;1;3;2;4;4;8;8;12;12;3;52;9;60;9;40;9;84;9;20;21;60;19;40;31;80;31;24;41;60;41;40;0;1;1;3;2;4;4;8;8;12;12;3;52;9;60;9;40;9;84;9;20;21;60;19;40;31;80;31;24;41;60;41;40;0;1;1;3;2;4;4;8;8;12;12;3;52;9;60;9;40;9;84;9;20;21;60;19;40;31;80;31;24;41;60;41;40;0;1;0;0;4;1;1;0;1;8;8;3;0;0;0;0;0;;0;0;0;0;0;0;1;1;3;2;4;4;8;8;12;12;3;52;9;60;9;40;9;84;9;20;21;60;19;40;31;80;31;24;41;60;41;40;0;1;1;3;2;4;4;8;8;12;12;3;52;9;60;9;40;9;84;9;20;21;60;19;40;31;80;31;24;41;60;41;40;0;1;1;3;2;4;4;8;8;12;12;3;52;9;60;9;40;9;84;9;20;21;60;19;40;31;80;31;24;41;60;41;40;0;1;0;0;5;2;1;0;1;7;8;3;0;0;0;0;0;;0;0;0;0;0;0;1;2;3;4;5;6;7;8;9;10;11;12;13;14;15;16;17;18;19;20;21;22;23;24;25;26;27;28;29;30;31;8;8;8;8;8;8;7;255;255;255;0;0;0;0;
201;0;1;1;3;2;4;4;7;6;8;12;3;52;11;64;11;40;13;88;13;16;19;64;19;40;31;88;31;16;31;52;43;52;0;1;1;3;2;4;4;7;6;8;12;3;52;11;64;11;40;13;88;13;16;19;64;19;40;31;88;31;16;31;52;43;52;0;1;1;3;2;4;4;7;6;8;12;3;52;11;64;11;40;13;88;13;16;19;64;19;40;31;88;31;16;31;52;43;52;0;0;1;0;10;1;1;1;1;1;5;3;0;0;0;0;0;;0;0;0;0;0;0;1;1;3;2;4;4;7;6;8;12;3;52;11;64;11;40;13;88;13;16;19;64;19;40;31;88;31;16;31;52;43;52;0;1;1;3;2;4;4;7;6;8;12;3;52;11;64;11;40;13;88;13;16;19;64;19;40;31;88;31;16;31;52;43;52;0;1;1;3;2;4;4;7;6;8;12;3;52;11;64;11;40;13;88;13;16;19;64;19;40;31;88;31;16;31;52;43;52;0;0;1;0;9;1;1;1;1;1;7;3;0;0;0;0;0;;0;0;0;0;0;0;1;1;3;2;4;4;7;6;8;12;3;52;11;64;11;40;13;88;13;16;19;64;19;40;31;88;31;16;31;52;43;52;0;1;1;3;2;4;4;7;6;8;12;3;52;11;64;11;40;13;88;13;16;19;64;19;40;31;88;31;16;31;52;43;52;0;1;1;3;2;4;4;7;6;8;12;3;52;11;64;11;40;13;88;13;16;19;64;19;40;31;88;31;16;31;52;43;52;0;0;1;0;10;1;1;1;1;1;5;3;0;0;0;0;0;;0;0;0;0;0;0;1;2;3;4;5;6;7;8;9;10;11;12;13;14;15;16;17;18;19;20;21;22;23;24;25;26;27;28;29;30;31;2;8;8;8;8;8;3;255;255;255;0;0;0;0;
202;0;1;1;1;4;5;5;7;6;12;12;3;52;11;52;11;72;11;32;21;52;27;68;27;36;27;88;27;16;43;64;43;40;0;1;1;1;4;5;5;7;6;12;12;3;52;11;52;11;72;11;32;21;52;27;68;27;36;27;88;27;16;43;64;43;40;0;1;1;1;4;5;5;7;6;12;12;3;52;11;52;11;72;11;32;21;52;27;68;27;36;27;88;27;16;43;64;43;40;1;1;1;1;4;3;1;1;0;5;4;3;0;0;0;0;0;;0;0;0;0;0;0;1;1;1;4;5;5;7;6;12;12;3;52;11;52;11;72;11;32;21;52;27;68;27;36;27;88;27;16;43;64;43;40;0;1;1;1;4;5;5;7;6;12;12;3;52;11;52;11;72;11;32;21;52;27;68;27;36;27;88;27;16;43;64;43;40;0;1;1;1;4;5;5;7;6;12;12;3;52;11;52;11;72;11;32;21;52;27;68;27;36;27;88;27;16;43;64;43;40;0;1;0;0;4;1;1;0;1;8;8;3;0;0;0;0;0;;0;0;0;0;0;0;1;1;1;4;5;5;7;6;12;12;3;52;11;52;11;72;11;32;21;52;27;68;27;36;27;88;27;16;43;64;43;40;0;1;1;1;4;5;5;7;6;12;12;3;52;11;52;11;72;11;32;21;52;27;68;27;36;27;88;27;16;43;64;43;40;0;1;1;1;4;5;5;7;6;12;12;3;52;11;52;11;72;11;32;21;52;27;68;27;36;27;88;27;16;43;64;43;40;1;1;1;1;4;3;1;1;0;5;4;3;0;0;0;0;0;;0;0;0;0;0;0;1;2;3;4;5;6;7;8;9;10;11;12;13;14;15;16;17;18;19;20;21;22;23;24;25;26;27;28;29;30;31;1;6;5;6;6;10;9;255;255;255;0;0;0;0;
204;0;1;1;1;5;5;5;7;6;12;12;3;52;11;52;11;72;11;32;21;52;21;72;21;32;29;88;29;16;43;64;43;40;0;1;1;1;5;5;5;7;6;12;12;3;52;11;52;11;72;11;32;21;52;21;72;21;32;29;88;29;16;43;64;43;40;0;1;1;1;5;5;5;7;6;12;12;3;52;11;52;11;72;11;32;21;52;21;72;21;32;29;88;29;16;43;64;43;40;0;1;0;0;4;3;1;0;0;5;3;3;0;0;0;0;0;;0;0;0;0;0;0;1;1;1;5;5;5;7;6;12;12;3;52;11;52;11;72;11;32;21;52;21;72;21;32;29;88;29;16;43;64;43;40;0;1;1;1;5;5;5;7;6;12;12;3;52;11;52;11;72;11;32;21;52;21;72;21;32;29;88;29;16;43;64;43;40;0;1;1;1;5;5;5;7;6;12;12;3;52;11;52;11;72;11;32;21;52;21;72;21;32;29;88;29;16;43;64;43;40;0;1;0;0;4;3;0;1;0;5;3;3;0;0;0;0;0;;0;0;0;0;0;0;1;1;1;5;5;5;7;6;12;12;3;52;11;52;11;72;11;32;21;52;21;72;21;32;29;88;29;16;43;64;43;40;0;1;1;1;5;5;5;7;6;12;12;3;52;11;52;11;72;11;32;21;52;21;72;21;32;29;88;29;16;43;64;43;40;0;1;1;1;5;5;5;7;6;12;12;3;52;11;52;11;72;11;32;21;52;21;72;21;32;29;88;29;16;43;64;43;40;0;1;0;0;4;3;1;0;0;5;3;3;0;0;0;0;0;;0;0;0;0;0;0;1;2;3;4;5;6;7;8;9;10;11;12;13;14;15;16;17;18;19;20;21;22;23;24;25;26;27;28;29;30;31;3;3;7;7;3;9;6;255;255;255;0;0;0;0;
205;0;1;1;3;2;5;5;5;10;9;12;3;52;11;64;11;40;13;88;13;16;25;52;25;72;25;32;39;84;39;20;43;52;0;1;1;3;2;5;5;5;10;9;12;3;52;11;64;11;40;13;88;13;16;25;52;25;72;25;32;39;84;39;20;43;52;0;1;1;3;2;5;5;5;10;9;12;3;52;11;64;11;40;13;88;13;16;25;52;25;72;25;32;39;84;39;20;43;52;1;1;0;0;5;3;0;1;0;5;4;3;0;0;0;0;0;;0;0;0;0;0;0;1;1;3;2;5;5;5;10;9;12;3;52;11;64;11;40;13;88;13;16;25;52;25;72;25;32;39;84;39;20;43;52;0;1;1;3;2;5;5;5;10;9;12;3;52;11;64;11;40;13;88;13;16;25;52;25;72;25;32;39;84;39;20;43;52;0;1;1;3;2;5;5;5;10;9;12;3;52;11;64;11;40;13;88;13;16;25;52;25;72;25;32;39;84;39;20;43;52;1;0;0;1;3;3;0;0;1;5;5;3;0;0;0;0;0;;0;0;0;0;0;0;1;1;3;2;5;5;5;10;9;12;3;52;11;64;11;40;13;88;13;16;25;52;25;72;25;32;39;84;39;20;43;52;0;1;1;3;2;5;5;5;10;9;12;3;52;11;64;11;40;13;88;13;16;25;52;25;72;25;32;39;84;39;20;43;52;0;1;1;3;2;5;5;5;10;9;12;3;52;11;64;11;40;13;88;13;16;25;52;25;72;25;32;39;84;39;20;43;52;1;1;0;0;5;3;0;1;0;5;4;3;0;0;0;0;0;;0;0;0;0;0;0;1;2;3;4;5;6;7;8;9;10;11;12;13;14;15;16;17;18;19;20;21;22;23;24;25;26;27;28;29;30;31;2;7;5;5;7;7;6;255;255;255;0;0;0;0;
207;0;1;1;3;2;4;4;8;8;8;12;3;52;11;64;11;40;13;88;13;16;19;64;19;40;31;52;31;80;31;24;43;52;0;1;1;3;2;4;4;8;8;8;12;3;52;11;64;11;40;13;88;13;16;19;64;19;40;31;52;31;80;31;24;43;52;0;1;1;3;2;4;4;8;8;8;12;3;52;11;64;11;40;13;88;13;16;19;64;19;40;31;52;31;80;31;24;43;52;1;1;0;1;6;3;1;1;1;5;4;3;0;0;0;0;0;;0;0;0;0;0;0;1;1;3;2;4;4;8;8;8;12;3;52;11;64;11;40;13;88;13;16;19;64;19;40;31;52;31;80;31;24;43;52;0;1;1;3;2;4;4;8;8;8;12;3;52;11;64;11;40;13;88;13;16;19;64;19;40;31;52;31;80;31;24;43;52;0;1;1;3;2;4;4;8;8;8;12;3;52;11;64;11;40;13;88;13;16;19;64;19;40;31;52;31;80;31;24;43;52;0;1;0;1;5;3;1;1;1;7;5;3;0;0;0;0;0;;0;0;0;0;0;0;1;1;3;2;4;4;8;8;8;12;3;52;11;64;11;40;13;88;13;16;19;64;19;40;31;52;31;80;31;24;43;52;0;1;1;3;2;4;4;8;8;8;12;3;52;11;64;11;40;13;88;13;16;19;64;19;40;31;52;31;80;31;24;43;52;0;1;1;3;2;4;4;8;8;8;12;3;52;11;64;11;40;13;88;13;16;19;64;19;40;31;52;31;80;31;24;43;52;1;1;0;1;6;3;1;1;1;5;4;3;0;0;0;0;0;;0;0;0;0;0;0;1;2;3;4;5;6;7;8;9;10;11;12;13;14;15;16;17;18;19;20;21;22;23;24;25;26;27;28;29;30;31;4;9;9;8;8;8;8;255;255;255;0;0;0;0;
208;0;1;1;1;3;2;4;5;5;12;12;3;52;11;52;11;72;11;32;15;88;15;16;21;52;27;68;27;36;43;64;43;40;0;1;1;1;5;5;7;6;10;9;12;3;52;11;52;11;72;11;32;21;64;21;40;25;88;25;16;39;84;39;20;43;52;0;1;1;1;5;5;7;6;10;9;12;3;52;11;52;11;72;11;32;21;64;21;40;25;88;25;16;39;84;39;20;43;52;1;1;0;0;7;3;0;1;0;5;7;3;0;1122944768;1122944768;1122944768;1122944768;;0;0;11;52;11;0;1;1;1;5;5;7;6;10;9;12;3;52;11;52;11;72;11;32;21;64;21;40;25;88;25;16;39;84;39;20;43;52;0;1;1;1;5;5;7;6;10;9;12;3;52;11;52;11;72;11;32;21;64;21;40;25;88;25;16;39;84;39;20;43;52;0;1;1;1;5;5;7;6;10;9;12;3;52;11;52;11;72;11;32;21;64;21;40;25;88;25;16;39;84;39;20;43;52;1;0;0;1;4;3;1;1;0;4;3;3;0;1122944768;1122944768;1122944768;1122944768;;0;0;39;20;43;0;1;1;1;5;5;7;6;10;9;12;3;52;11;52;11;72;11;32;21;64;21;40;25;88;25;16;39;84;39;20;43;52;0;1;1;1;5;5;7;6;10;9;12;3;52;11;52;11;72;11;32;21;64;21;40;25;88;25;16;39;84;39;20;43;52;0;1;1;1;5;5;7;6;10;9;12;3;52;11;52;11;72;11;32;21;64;21;40;25;88;25;16;39;84;39;20;43;52;1;1;0;0;7;3;0;1;0;5;7;3;0;1122944768;1122944768;1122944768;1122944768;;255;255;0;0;0;0;1;2;3;4;5;6;7;8;9;10;11;12;13;14;15;16;17;18;19;20;21;22;23;24;25;26;27;28;29;30;31;7;5;5;8;5;10;6;2;9;3;0;0;0;0;
209;0;1;1;3;2;5;5;7;6;8;12;3;52;11;64;11;40;13;88;13;16;21;72;21;32;29;92;29;12;29;52;43;52;0;1;1;3;2;5;5;7;6;8;12;3;52;11;64;11;40;15;88;15;16;23;72;23;32;31;92;31;12;31;52;45;52;0;1;1;3;2;5;5;7;6;8;12;3;52;11;64;11;40;11;88;11;16;19;72;19;32;27;92;27;12;27;52;41;52;1;0;1;1;5;3;0;1;1;7;6;3;0;9;-1052266987768;15;11;;0;0;0;0;0;0;1;1;3;2;5;5;7;6;8;12;3;52;11;64;11;40;11;88;11;16;19;72;19;32;27;92;27;12;27;52;41;52;0;1;1;3;2;5;5;7;6;8;12;3;52;11;64;11;40;11;88;11;16;19;72;19;32;27;92;27;12;27;52;41;52;0;1;1;3;2;5;5;7;6;8;12;3;52;11;64;11;40;11;88;11;16;19;72;19;32;27;92;27;12;27;52;41;52;0;0;0;1;5;3;1;0;0;7;6;3;0;0;0;0;0;;0;0;0;0;0;0;1;1;3;2;5;5;7;6;8;12;3;52;11;64;11;40;13;88;13;16;21;72;21;32;29;92;29;12;29;52;43;52;0;1;1;3;2;5;5;7;6;8;12;3;52;11;64;11;40;15;88;15;16;23;72;23;32;31;92;31;12;31;52;45;52;0;1;1;3;2;5;5;7;6;8;12;3;52;11;64;11;40;11;88;11;16;19;72;19;32;27;92;27;12;27;52;41;52;0;0;0;1;5;3;1;0;0;7;6;3;0;0;0;0;0;;0;0;0;0;0;0;1;2;3;4;5;6;7;8;9;10;11;12;13;14;15;16;17;18;19;20;21;22;23;24;25;26;27;28;29;30;31;9;9;9;8;7;10;6;255;255;255;0;0;0;0;
210;0;1;1;3;2;4;4;7;6;8;12;3;52;11;64;11;40;13;88;13;16;19;64;19;40;31;84;31;20;33;52;43;52;0;1;1;3;2;4;4;7;6;8;12;3;52;11;64;11;40;15;88;15;16;23;64;23;40;33;84;33;20;33;52;43;52;0;1;1;3;2;4;4;7;6;8;12;3;52;11;64;11;40;11;88;11;16;17;64;17;40;25;84;25;20;29;52;41;52;0;1;1;0;6;2;0;0;0;7;7;2;0;0;0;0;0;;0;0;0;0;0;0;1;1;3;2;4;4;7;6;8;12;3;52;11;64;11;40;11;88;11;16;17;64;17;40;25;84;25;20;29;52;41;52;0;1;1;3;2;4;4;7;6;8;12;3;52;11;64;11;40;11;88;11;16;17;64;17;40;25;84;25;20;29;52;41;52;0;1;1;3;2;4;4;7;6;8;12;3;52;11;64;11;40;11;88;11;16;17;64;17;40;25;84;25;20;29;52;41;52;0;0;1;0;3;1;1;0;0;5;5;3;0;0;0;0;0;;0;0;0;0;0;0;1;1;3;2;4;4;7;6;8;12;3;52;11;64;11;40;13;88;13;16;19;64;19;40;31;84;31;20;33;52;43;52;0;1;1;3;2;4;4;7;6;8;12;3;52;11;64;11;40;15;88;15;16;23;64;23;40;33;84;33;20;33;52;43;52;0;1;1;3;2;4;4;7;6;8;12;3;52;11;64;11;40;11;88;11;16;17;64;17;40;25;84;25;20;29;52;41;52;0;1;1;0;6;2;0;0;0;7;7;2;0;0;0;0;0;;0;0;0;0;0;0;1;2;3;4;5;6;7;8;9;10;11;12;13;14;15;16;17;18;19;20;21;22;23;24;25;26;27;28;29;30;31;0;8;5;8;8;10;9;255;255;255;0;0;0;0;
211;0;1;1;3;2;5;5;5;10;9;12;3;52;11;64;11;40;11;88;11;16;29;52;29;80;29;24;43;92;43;12;43;52;0;1;1;3;2;5;5;5;10;9;12;3;52;11;64;11;40;11;88;11;16;29;52;29;80;29;24;43;92;43;12;43;52;0;1;1;3;2;5;5;5;10;9;12;3;52;11;64;11;40;11;88;11;16;25;52;25;80;25;24;43;92;43;12;43;52;1;0;0;1;3;3;1;1;0;5;4;3;0;0;0;0;0;;0;0;0;0;0;0;1;1;3;2;5;5;5;10;9;12;3;52;11;64;11;40;11;88;11;16;25;52;25;80;25;24;43;92;43;12;43;52;0;1;1;3;2;5;5;5;10;9;12;3;52;11;64;11;40;11;88;11;16;25;52;25;80;25;24;43;92;43;12;43;52;0;1;1;3;2;5;5;5;10;9;12;3;52;11;64;11;40;11;88;11;16;25;52;25;80;25;24;43;92;43;12;43;52;1;0;1;0;5;2;1;1;0;4;4;2;0;0;0;0;0;;0;0;0;0;0;0;1;1;3;2;5;5;5;10;9;12;3;52;11;64;11;40;11;88;11;16;29;52;29;80;29;24;43;92;43;12;43;52;0;1;1;3;2;5;5;5;10;9;12;3;52;11;64;11;40;11;88;11;16;29;52;29;80;29;24;43;92;43;12;43;52;0;1;1;3;2;5;5;5;10;9;12;3;52;11;64;11;40;11;88;11;16;25;52;25;80;25;24;43;92;43;12;43;52;1;0;0;1;3;3;1;1;0;5;4;3;0;0;0;0;0;;0;0;0;0;0;0;1;2;3;4;5;6;7;8;9;10;11;12;13;14;15;16;17;18;19;20;21;22;23;24;25;26;27;28;29;30;31;10;10;10;7;7;10;7;255;255;255;0;0;0;0;
213;0;1;1;3;2;4;4;7;6;8;12;3;52;11;64;11;40;13;88;13;16;19;64;19;40;31;88;31;16;31;52;43;52;0;1;1;3;2;4;4;7;6;8;12;3;52;11;64;11;40;13;88;13;16;19;64;19;40;31;88;31;16;31;52;43;52;0;1;1;3;2;4;4;7;6;8;12;3;52;11;64;11;40;13;88;13;16;19;64;19;40;31;88;31;16;31;52;43;52;0;1;0;0;0;0;0;1;0;0;0;0;52;0;0;-1086492048632;-1;;0;0;11;64;11;40;13;88;13;16;19;64;19;40;31;88;31;16;31;52;43;52;0;1;1;3;2;4;4;7;6;8;12;3;52;11;64;11;40;13;88;13;16;19;64;19;40;31;88;31;16;31;52;43;52;0;1;1;3;2;4;4;7;6;8;12;3;52;11;64;11;40;13;88;13;16;19;64;19;40;31;88;31;16;31;52;43;52;0;1;0;0;0;1;1;0;0;0;0;0;0;0;0;0;0;0;0;0;52;11;0;0;0;64;11;40;16;-1086542445819;-1;216455356602122240;219559303814841346;;0;0;31;52;43;52;0;1;1;3;2;4;4;7;6;8;12;3;52;11;64;11;40;13;88;13;16;19;64;19;40;31;88;31;16;31;52;43;52;0;1;1;3;2;4;4;7;6;8;12;3;52;11;64;11;40;13;88;13;16;19;64;19;40;31;88;31;16;31;52;43;52;0;1;0;0;0;1;0;0;0;0;0;0;0;0;0;0;0;0;0;0;0;0;0;0;0;8;3;7;8;3;255;255;255;255;255;255;255;255;255;255;255;255;255;3;0;3946155822022656;291327734884533772;1374179596971084297;-64711653386218220;;255;255;0;0;0;0;0;0;0;0;0;0;0;0;0;0;0;0;0;0;0;0;0;0;0;0;0;0;0;0;0;0;0;0;0;0;0;0;0;0;0;0;0;0;0;0;0;0;0;0;0;
215;0;1;1;1;3;2;5;5;7;6;12;3;52;11;52;11;72;11;32;15;88;15;16;23;64;23;40;29;84;29;20;41;52;0;1;1;1;3;2;5;5;7;6;12;3;52;11;52;11;72;11;32;15;88;15;16;23;64;23;40;29;84;29;20;41;52;0;1;1;1;3;2;5;5;7;6;12;3;52;11;52;11;72;11;32;15;88;15;16;23;64;23;40;29;84;29;20;41;52;1;1;0;1;4;3;1;1;1;4;4;1;0;0;0;0;0;;0;0;0;0;0;0;1;1;1;3;2;5;5;7;6;12;3;52;11;52;11;72;11;32;15;88;15;16;23;64;23;40;29;84;29;20;41;52;0;1;1;1;3;2;5;5;7;6;12;3;52;11;52;11;72;11;32;15;88;15;16;23;64;23;40;29;84;29;20;41;52;0;1;1;1;3;2;5;5;7;6;12;3;52;11;52;11;72;11;32;15;88;15;16;23;64;23;40;29;84;29;20;41;52;1;0;0;1;5;2;1;1;1;3;3;2;0;0;0;0;0;;0;0;0;0;0;0;1;1;1;3;2;5;5;7;6;12;3;52;11;52;11;72;11;32;15;88;15;16;23;64;23;40;29;84;29;20;41;52;0;1;1;1;3;2;5;5;7;6;12;3;52;11;52;11;72;11;32;15;88;15;16;23;64;23;40;29;84;29;20;41;52;0;1;1;1;3;2;5;5;7;6;12;3;52;11;52;11;72;11;32;15;88;15;16;23;64;23;40;29;84;29;20;41;52;1;1;0;1;4;3;1;1;1;4;4;1;0;0;0;0;0;;0;0;0;0;0;0;1;2;3;4;5;6;7;8;9;10;11;12;13;14;15;16;17;18;19;20;21;22;23;24;25;26;27;28;29;30;31;1;9;9;9;10;10;10;255;255;255;0;0;0;0;
216;0;1;1;3;2;4;4;7;6;8;12;3;52;11;64;11;40;11;88;11;16;19;64;19;40;31;88;31;16;31;52;43;52;0;1;1;3;2;4;4;7;6;8;12;3;52;11;64;11;40;11;88;11;16;19;64;19;40;31;88;31;16;31;52;43;52;0;1;1;3;2;4;4;7;6;8;12;3;52;11;64;11;40;11;88;11;16;19;64;19;40;23;88;23;16;27;52;43;52;0;1;1;0;5;2;1;1;0;3;3;3;0;0;0;0;0;;0;0;0;0;0;0;1;1;3;2;4;4;7;6;8;12;3;52;11;64;11;40;11;88;11;16;19;64;19;40;23;88;23;16;27;52;43;52;0;1;1;3;2;4;4;7;6;8;12;3;52;11;64;11;40;11;88;11;16;19;64;19;40;23;88;23;16;27;52;43;52;0;1;1;3;2;4;4;7;6;8;12;3;52;11;64;11;40;11;88;11;16;19;64;19;40;23;88;23;16;27;52;43;52;1;1;0;0;3;3;0;0;0;4;5;3;0;0;0;0;0;;0;0;0;0;0;0;1;1;3;2;4;4;7;6;8;12;3;52;11;64;11;40;11;88;11;16;19;64;19;40;31;88;31;16;31;52;43;52;0;1;1;3;2;4;4;7;6;8;12;3;52;11;64;11;40;11;88;11;16;19;64;19;40;31;88;31;16;31;52;43;52;0;1;1;3;2;4;4;7;6;8;12;3;52;11;64;11;40;11;88;11;16;19;64;19;40;23;88;23;16;27;52;43;52;0;1;1;0;5;2;1;1;0;3;3;3;0;0;0;0;0;;0;0;0;0;0;0;1;2;3;4;5;6;7;8;9;10;11;12;13;14;15;16;17;18;19;20;21;22;23;24;25;26;27;28;29;30;31;3;9;9;8;8;10;4;255;255;255;0;0;0;0;
217;0;1;1;3;2;4;5;5;10;9;12;3;52;11;64;11;40;13;88;13;16;19;52;25;68;25;36;39;84;39;20;43;52;0;1;1;3;2;4;5;5;10;9;12;3;52;11;64;11;40;13;88;13;16;19;52;25;68;25;36;39;84;39;20;43;52;0;1;1;3;2;4;5;5;10;9;12;3;52;11;64;11;40;13;88;13;16;19;52;25;68;25;36;39;84;39;20;43;52;1;1;1;0;7;2;0;0;0;5;6;3;0;0;0;0;0;;0;0;0;0;0;0;1;1;3;2;4;5;5;10;9;12;3;52;11;64;11;40;13;88;13;16;19;52;25;68;25;36;39;84;39;20;43;52;0;1;1;3;2;4;5;5;10;9;12;3;52;11;64;11;40;13;88;13;16;19;52;25;68;25;36;39;84;39;20;43;52;0;1;1;3;2;4;5;5;10;9;12;3;52;11;64;11;40;13;88;13;16;19;52;25;68;25;36;39;84;39;20;43;52;1;1;0;0;7;1;1;1;1;3;6;3;0;0;0;0;0;;0;0;0;0;0;0;1;1;3;2;4;5;5;10;9;12;3;52;11;64;11;40;13;88;13;16;19;52;25;68;25;36;39;84;39;20;43;52;0;1;1;3;2;4;5;5;10;9;12;3;52;11;64;11;40;13;88;13;16;19;52;25;68;25;36;39;84;39;20;43;52;0;1;1;3;2;4;5;5;10;9;12;3;52;11;64;11;40;13;88;13;16;19;52;25;68;25;36;39;84;39;20;43;52;1;1;1;0;7;2;0;0;0;5;6;3;0;0;0;0;0;;0;0;0;0;0;0;1;2;3;4;5;6;7;8;9;10;11;12;13;14;15;16;17;18;19;20;21;22;23;24;25;26;27;28;29;30;31;1;10;7;6;6;10;6;255;255;255;0;0;0;0;
218;0;1;1;3;2;5;5;7;6;8;12;3;52;11;64;11;40;13;88;13;16;23;64;23;40;23;84;23;20;33;52;43;52;0;1;1;3;2;5;5;7;6;8;12;3;52;11;64;11;40;13;88;13;16;23;64;23;40;23;84;23;20;33;52;43;52;0;1;1;3;2;5;5;7;6;8;12;3;52;11;64;11;40;13;88;13;16;23;64;23;40;23;84;23;20;33;52;43;52;0;1;0;0;4;1;0;1;1;6;5;3;0;0;0;0;0;;0;0;0;0;0;0;1;1;3;2;5;5;7;6;8;12;3;52;11;64;11;40;13;88;13;16;23;64;23;40;23;84;23;20;33;52;43;52;0;1;1;3;2;5;5;7;6;8;12;3;52;11;64;11;40;13;88;13;16;23;64;23;40;23;84;23;20;33;52;43;52;0;1;1;3;2;5;5;7;6;8;12;3;52;11;64;11;40;13;88;13;16;23;64;23;40;23;84;23;20;33;52;43;52;0;1;0;0;6;3;1;1;1;5;5;1;0;0;0;0;0;;0;0;0;0;0;0;1;1;3;2;5;5;7;6;8;12;3;52;11;64;11;40;13;88;13;16;23;64;23;40;23;84;23;20;33;52;43;52;0;1;1;3;2;5;5;7;6;8;12;3;52;11;64;11;40;13;88;13;16;23;64;23;40;23;84;23;20;33;52;43;52;0;1;1;3;2;5;5;7;6;8;12;3;52;11;64;11;40;13;88;13;16;23;64;23;40;23;84;23;20;33;52;43;52;0;1;0;0;4;1;0;1;1;6;5;3;0;0;0;0;0;;0;0;0;0;0;0;1;2;3;4;5;6;7;8;9;10;11;12;13;14;15;16;17;18;19;20;21;22;23;24;25;26;27;28;29;30;31;9;9;9;8;7;10;5;255;255;255;0;0;0;0;
219;0;1;1;3;2;4;5;5;7;6;12;3;52;11;64;11;40;13;88;13;16;19;52;25;68;25;36;33;84;33;20;43;52;0;1;1;3;2;4;5;5;7;6;12;3;52;11;64;11;40;13;88;13;16;19;52;25;68;25;36;33;84;33;20;43;52;0;1;1;3;2;4;5;5;7;6;12;3;52;11;64;11;40;13;88;13;16;19;52;25;68;25;36;33;84;33;20;43;52;0;0;0;0;5;1;0;1;0;6;7;3;0;0;0;0;0;;0;0;0;0;0;0;1;1;3;2;4;5;5;7;6;12;3;52;11;64;11;40;13;88;13;16;19;52;25;68;25;36;33;84;33;20;43;52;0;1;1;3;2;4;5;5;7;6;12;3;52;11;64;11;40;13;88;13;16;19;52;25;68;25;36;33;84;33;20;43;52;0;1;1;3;2;4;5;5;7;6;12;3;52;11;64;11;40;13;88;13;16;19;52;25;68;25;36;33;84;33;20;43;52;0;0;0;0;5;1;1;1;0;3;5;3;0;0;0;0;0;;0;0;0;0;0;0;1;1;3;2;4;5;5;7;6;12;3;52;11;64;11;40;13;88;13;16;19;52;25;68;25;36;33;84;33;20;43;52;0;1;1;3;2;4;5;5;7;6;12;3;52;11;64;11;40;13;88;13;16;19;52;25;68;25;36;33;84;33;20;43;52;0;1;1;3;2;4;5;5;7;6;12;3;52;11;64;11;40;13;88;13;16;19;52;25;68;25;36;33;84;33;20;43;52;0;0;0;0;5;1;0;1;0;6;7;3;0;0;0;0;0;;0;0;0;0;0;0;1;2;3;4;5;6;7;8;9;10;11;12;13;14;15;16;17;18;19;20;21;22;23;24;25;26;27;28;29;30;31;5;6;6;9;8;10;8;255;255;255;0;0;0;0;
221;0;1;1;3;2;4;5;5;7;6;12;3;52;11;64;11;40;13;88;13;16;19;52;25;68;25;36;33;84;33;20;43;52;0;1;1;3;2;4;5;5;7;6;12;3;52;11;64;11;40;13;88;13;16;19;52;25;68;25;36;33;84;33;20;43;52;0;1;1;3;2;4;5;5;7;6;12;3;52;11;64;11;40;13;88;13;16;19;52;25;68;25;36;33;84;33;20;43;52;0;0;0;1;3;3;0;0;1;3;2;3;0;0;0;0;0;;0;0;0;0;0;0;1;1;3;2;4;5;5;7;6;12;3;52;11;64;11;40;13;88;13;16;19;52;25;68;25;36;33;84;33;20;43;52;0;1;1;3;2;4;5;5;7;6;12;3;52;11;64;11;40;13;88;13;16;19;52;25;68;25;36;33;84;33;20;43;52;0;1;1;3;2;4;5;5;7;6;12;3;52;11;64;11;40;13;88;13;16;19;52;25;68;25;36;33;84;33;20;43;52;0;0;0;1;3;3;1;0;0;4;2;3;0;0;0;0;0;;0;0;0;0;0;0;1;1;3;2;4;5;5;7;6;12;3;52;11;64;11;40;13;88;13;16;19;52;25;68;25;36;33;84;33;20;43;52;0;1;1;3;2;4;5;5;7;6;12;3;52;11;64;11;40;13;88;13;16;19;52;25;68;25;36;33;84;33;20;43;52;0;1;1;3;2;4;5;5;7;6;12;3;52;11;64;11;40;13;88;13;16;19;52;25;68;25;36;33;84;33;20;43;52;0;0;0;1;3;3;0;0;1;3;2;3;0;0;0;0;0;;0;0;0;0;0;0;1;2;3;4;5;6;7;8;9;10;11;12;13;14;15;16;17;18;19;20;21;22;23;24;25;26;27;28;29;30;31;1;7;8;9;7;9;9;255;255;255;0;0;0;0;
234;0;1;1;1;4;4;7;6;8;11;12;3;52;11;52;11;72;11;32;23;64;23;40;25;92;25;12;31;52;39;40;43;60;0;1;1;1;5;5;7;6;8;12;12;3;52;11;52;13;72;13;32;25;64;25;40;29;92;29;12;33;52;43;64;43;40;0;1;1;1;5;5;7;6;8;12;12;3;52;11;52;11;72;11;32;19;64;19;40;21;92;21;12;29;52;41;64;41;40;0;0;1;0;0;0;1;1;0;0;0;0;52;0;0;-1086525799675;-1;;0;0;11;52;11;72;11;32;19;64;19;40;21;92;21;12;29;52;41;64;41;40;0;1;1;1;5;5;7;6;8;12;12;3;52;11;52;11;72;11;32;19;64;19;40;21;92;21;12;29;52;41;64;41;40;0;1;1;1;5;5;7;6;8;12;12;3;52;11;52;11;72;11;32;19;64;19;40;21;92;21;12;29;52;41;64;41;40;0;0;1;0;1;1;0;0;0;0;0;0;0;0;0;0;0;0;0;0;52;11;0;0;0;52;11;72;52;-1086509022715;-1;72340168526266368;219562610923078660;;0;0;39;40;43;60;0;1;1;1;5;5;7;6;8;12;12;3;52;11;52;13;72;13;32;25;64;25;40;29;92;29;12;33;52;43;64;43;40;0;1;1;1;5;5;7;6;8;12;12;3;52;11;52;11;72;11;32;19;64;19;40;21;92;21;12;29;52;41;64;41;40;0;0;1;0;1;1;0;0;0;0;0;0;0;0;0;0;0;0;0;0;0;0;0;0;0;5;3;4;6;3;255;255;255;255;255;255;28;29;255;255;255;30;31;9;0;216736831578832896;795458214266537220;1374179596971150604;1952900979675763988;;255;255;0;0;0;0;0;0;0;0;0;0;0;0;0;0;0;0;0;0;0;0;0;0;0;0;0;0;0;0;0;0;0;0;0;0;0;0;0;0;0;0;0;0;0;0;0;0;0;0;0;
235;0;1;1;3;2;4;5;5;8;12;12;3;52;11;64;11;40;13;88;13;16;21;52;25;72;25;32;31;52;43;64;43;40;0;1;1;3;2;4;5;5;8;12;12;3;52;11;64;11;40;15;88;15;16;23;52;27;72;27;32;33;52;43;64;43;40;0;1;1;3;2;4;5;5;8;12;12;3;52;11;64;11;40;11;88;11;16;19;52;23;72;23;32;29;52;41;64;41;40;0;1;1;0;6;3;0;1;0;6;6;3;0;0;0;0;0;;0;0;0;0;0;0;1;1;3;2;4;5;5;8;12;12;3;52;11;64;11;40;11;88;11;16;19;52;23;72;23;32;29;52;41;64;41;40;0;1;1;3;2;4;5;5;8;12;12;3;52;11;64;11;40;11;88;11;16;19;52;23;72;23;32;29;52;41;64;41;40;0;1;1;3;2;4;5;5;8;12;12;3;52;11;64;11;40;11;88;11;16;19;52;23;72;23;32;29;52;41;64;41;40;0;0;1;0;5;2;1;1;0;4;6;3;0;0;0;0;0;;0;0;0;0;0;0;1;1;3;2;4;5;5;8;12;12;3;52;11;64;11;40;13;88;13;16;21;52;25;72;25;32;31;52;43;64;43;40;0;1;1;3;2;4;5;5;8;12;12;3;52;11;64;11;40;15;88;15;16;23;52;27;72;27;32;33;52;43;64;43;40;0;1;1;3;2;4;5;5;8;12;12;3;52;11;64;11;40;11;88;11;16;19;52;23;72;23;32;29;52;41;64;41;40;0;1;1;0;6;3;0;1;0;6;6;3;0;0;0;0;0;;0;0;0;0;0;0;1;2;3;4;5;6;7;8;9;10;11;12;13;14;15;16;17;18;19;20;21;22;23;24;25;26;27;28;29;30;31;4;8;4;4;8;10;7;255;255;255;0;0;0;0;
238;0;1;1;1;5;5;5;7;6;11;12;3;52;11;52;11;72;11;32;21;52;21;72;21;32;29;88;29;16;35;52;43;52;0;1;1;1;5;5;5;7;6;11;12;3;52;11;52;11;72;11;32;21;52;21;72;21;32;29;88;29;16;35;52;43;52;0;1;1;1;5;5;5;7;6;11;12;3;52;11;52;11;72;11;32;21;52;21;72;21;32;29;88;29;16;35;52;43;52;0;1;1;0;5;2;0;0;0;5;6;3;0;0;0;0;0;;0;0;0;0;0;0;1;1;1;5;5;5;7;6;11;12;3;52;11;52;11;72;11;32;21;52;21;72;21;32;29;88;29;16;35;52;43;52;0;1;1;1;5;5;5;7;6;11;12;3;52;11;52;11;72;11;32;21;52;21;72;21;32;29;88;29;16;35;52;43;52;0;1;1;1;5;5;5;7;6;11;12;3;52;11;52;11;72;11;32;21;52;21;72;21;32;29;88;29;16;35;52;43;52;0;0;1;0;5;1;1;0;0;5;6;3;0;0;0;0;0;;0;0;0;0;0;0;1;1;1;5;5;5;7;6;11;12;3;52;11;52;11;72;11;32;21;52;21;72;21;32;29;88;29;16;35;52;43;52;0;1;1;1;5;5;5;7;6;11;12;3;52;11;52;11;72;11;32;21;52;21;72;21;32;29;88;29;16;35;52;43;52;0;1;1;1;5;5;5;7;6;11;12;3;52;11;52;11;72;11;32;21;52;21;72;21;32;29;88;29;16;35;52;43;52;0;1;1;0;5;2;0;0;0;5;6;3;0;0;0;0;0;;0;0;0;0;0;0;1;2;3;4;5;6;7;8;9;10;11;12;13;14;15;16;17;18;19;20;21;22;23;24;25;26;27;28;29;30;31;10;5;10;5;5;10;4;255;255;255;0;0;0;0;
240;0;1;1;3;2;4;5;5;8;12;12;3;52;11;64;11;40;13;88;13;16;21;52;23;72;23;32;31;52;43;64;43;40;0;1;1;3;2;4;5;5;8;12;12;3;52;11;64;11;40;15;88;15;16;21;52;27;72;27;32;33;52;45;64;45;40;0;1;1;3;2;4;5;5;8;12;12;3;52;11;64;11;40;11;88;11;16;19;52;19;72;19;32;29;52;41;64;41;40;0;0;0;0;4;3;1;1;0;5;8;3;0;0;0;0;0;;0;0;0;0;0;0;1;1;3;2;4;5;5;8;12;12;3;52;11;64;11;40;11;88;11;16;19;52;19;72;19;32;29;52;41;64;41;40;0;1;1;3;2;4;5;5;8;12;12;3;52;11;64;11;40;11;88;11;16;19;52;19;72;19;32;29;52;41;64;41;40;0;1;1;3;2;4;5;5;8;12;12;3;52;11;64;11;40;11;88;11;16;19;52;19;72;19;32;29;52;41;64;41;40;0;0;0;0;6;2;1;1;0;5;8;3;0;0;0;0;0;;0;0;0;0;0;0;1;1;3;2;4;5;5;8;12;12;3;52;11;64;11;40;13;88;13;16;21;52;23;72;23;32;31;52;43;64;43;40;0;1;1;3;2;4;5;5;8;12;12;3;52;11;64;11;40;15;88;15;16;21;52;27;72;27;32;33;52;45;64;45;40;0;1;1;3;2;4;5;5;8;12;12;3;52;11;64;11;40;11;88;11;16;19;52;19;72;19;32;29;52;41;64;41;40;0;0;0;0;4;3;1;1;0;5;8;3;0;0;0;0;0;;0;0;0;0;0;0;1;2;3;4;5;6;7;8;9;10;11;12;13;14;15;16;17;18;19;20;21;22;23;24;25;26;27;28;29;30;31;9;9;5;5;5;9;6;255;255;255;0;0;0;0;
242;0;1;1;3;2;4;4;7;6;8;12;3;52;11;64;11;40;13;88;13;16;19;64;19;40;31;88;31;16;31;52;43;52;0;1;1;3;2;4;4;7;6;8;12;3;52;11;64;11;40;13;88;13;16;19;64;19;40;31;88;31;16;31;52;43;52;0;1;1;3;2;4;4;7;6;8;12;3;52;11;64;11;40;13;88;13;16;19;64;19;40;31;88;31;16;31;52;43;52;1;1;0;1;7;3;0;0;1;6;7;3;0;0;0;0;0;;0;0;0;0;0;0;1;1;3;2;4;4;7;6;8;12;3;52;11;64;11;40;13;88;13;16;19;64;19;40;31;88;31;16;31;52;43;52;0;1;1;3;2;4;4;7;6;8;12;3;52;11;64;11;40;13;88;13;16;19;64;19;40;31;88;31;16;31;52;43;52;0;1;1;3;2;4;4;7;6;8;12;3;52;11;64;11;40;13;88;13;16;19;64;19;40;31;88;31;16;31;52;43;52;1;1;0;1;6;3;0;0;1;6;7;3;0;0;0;0;0;;0;0;0;0;0;0;1;1;3;2;4;4;7;6;8;12;3;52;11;64;11;40;13;88;13;16;19;64;19;40;31;88;31;16;31;52;43;52;0;1;1;3;2;4;4;7;6;8;12;3;52;11;64;11;40;13;88;13;16;19;64;19;40;31;88;31;16;31;52;43;52;0;1;1;3;2;4;4;7;6;8;12;3;52;11;64;11;40;13;88;13;16;19;64;19;40;31;88;31;16;31;52;43;52;1;1;0;1;7;3;0;0;1;6;7;3;0;0;0;0;0;;0;0;0;0;0;0;1;2;3;4;5;6;7;8;9;10;11;12;13;14;15;16;17;18;19;20;21;22;23;24;25;26;27;28;29;30;31;10;7;6;7;7;10;8;255;255;255;0;0;0;0;
243;0;1;1;3;2;5;5;5;10;9;12;3;52;11;64;11;40;13;88;13;16;25;52;25;72;25;32;39;84;39;20;43;52;0;1;1;3;2;5;5;5;10;9;12;3;52;11;64;11;40;13;88;13;16;25;52;25;72;25;32;39;84;39;20;43;52;0;1;1;3;2;5;5;5;10;9;12;3;52;11;64;11;40;13;88;13;16;25;52;25;72;25;32;39;84;39;20;43;52;0;1;0;0;0;0;1;0;0;0;0;0;52;0;0;-1086525668602;-1;;0;0;11;64;11;40;13;88;13;16;25;52;25;72;25;32;39;84;39;20;43;52;0;1;1;3;2;5;5;5;10;9;12;3;52;11;64;11;40;13;88;13;16;25;52;25;72;25;32;39;84;39;20;43;52;0;1;1;3;2;5;5;5;10;9;12;3;52;11;64;11;40;13;88;13;16;25;52;25;72;25;32;39;84;39;20;43;52;0;1;1;0;1;1;0;0;0;0;0;0;0;0;0;0;0;0;0;0;52;11;0;0;0;64;11;40;84;-1086542511866;-1;216455356602122240;219560420472849666;;0;0;39;20;43;52;0;1;1;3;2;5;5;5;10;9;12;3;52;11;64;11;40;13;88;13;16;25;52;25;72;25;32;39;84;39;20;43;52;0;1;1;3;2;5;5;5;10;9;12;3;52;11;64;11;40;13;88;13;16;25;52;25;72;25;32;39;84;39;20;43;52;0;1;0;0;1;0;0;0;0;0;0;0;0;0;0;0;0;0;0;0;0;0;0;0;0;6;3;6;6;3;255;255;255;255;255;255;28;29;255;255;255;30;31;5;0;216736831578832896;795458214266537220;1374179596971150604;1952900979675763988;;255;255;0;0;0;0;0;0;0;0;0;0;0;0;0;0;0;0;0;0;0;0;0;0;0;0;0;0;0;0;0;0;0;0;0;0;0;0;0;0;0;0;0;0;0;0;0;0;0;0;0;
244;0;1;1;3;2;5;5;7;6;12;12;3;52;11;64;11;40;13;88;13;16;21;64;21;40;31;84;31;20;43;64;43;40;0;1;1;3;2;5;5;7;6;12;12;3;52;11;64;11;40;13;88;13;16;21;64;21;40;31;84;31;20;43;64;43;40;0;1;1;3;2;5;5;7;6;12;12;3;52;11;64;11;40;13;88;13;16;21;64;21;40;31;84;31;20;43;64;43;40;0;1;0;0;7;3;0;0;1;5;8;3;0;0;0;0;0;;0;0;0;0;0;0;1;1;3;2;5;5;7;6;12;12;3;52;11;64;11;40;13;88;13;16;21;64;21;40;31;84;31;20;43;64;43;40;0;1;1;3;2;5;5;7;6;12;12;3;52;11;64;11;40;13;88;13;16;21;64;21;40;31;84;31;20;43;64;43;40;0;1;1;3;2;5;5;7;6;12;12;3;52;11;64;11;40;13;88;13;16;21;64;21;40;31;84;31;20;43;64;43;40;0;1;0;0;6;3;0;0;1;4;7;3;0;0;0;0;0;;0;0;0;0;0;0;1;1;3;2;5;5;7;6;12;12;3;52;11;64;11;40;13;88;13;16;21;64;21;40;31;84;31;20;43;64;43;40;0;1;1;3;2;5;5;7;6;12;12;3;52;11;64;11;40;13;88;13;16;21;64;21;40;31;84;31;20;43;64;43;40;0;1;1;3;2;5;5;7;6;12;12;3;52;11;64;11;40;13;88;13;16;21;64;21;40;31;84;31;20;43;64;43;40;0;1;0;0;7;3;0;0;1;5;8;3;0;0;0;0;0;;0;0;0;0;0;0;1;2;3;4;5;6;7;8;9;10;11;12;13;14;15;16;17;18;19;20;21;22;23;24;25;26;27;28;29;30;31;0;9;9;9;9;9;6;255;255;255;0;0;0;0;
245;0;1;1;3;2;5;5;5;10;9;12;3;52;11;64;11;40;13;88;13;16;25;52;25;72;25;32;39;84;39;20;43;52;0;1;1;3;2;5;5;5;10;9;12;3;52;11;64;11;40;13;88;13;16;25;52;25;72;25;32;39;84;39;20;43;52;0;1;1;3;2;5;5;5;10;9;12;3;52;11;64;11;40;13;88;13;16;25;52;25;72;25;32;39;84;39;20;43;52;0;0;1;0;5;3;0;1;0;4;6;3;0;0;0;0;0;;0;0;0;0;0;0;1;1;3;2;5;5;5;10;9;12;3;52;11;64;11;40;13;88;13;16;25;52;25;72;25;32;39;84;39;20;43;52;0;1;1;3;2;5;5;5;10;9;12;3;52;11;64;11;40;13;88;13;16;25;52;25;72;25;32;39;84;39;20;43;52;0;1;1;3;2;5;5;5;10;9;12;3;52;11;64;11;40;13;88;13;16;25;52;25;72;25;32;39;84;39;20;43;52;0;0;1;0;5;3;0;0;0;6;5;3;0;0;0;0;0;;0;0;0;0;0;0;1;1;3;2;5;5;5;10;9;12;3;52;11;64;11;40;13;88;13;16;25;52;25;72;25;32;39;84;39;20;43;52;0;1;1;3;2;5;5;5;10;9;12;3;52;11;64;11;40;13;88;13;16;25;52;25;72;25;32;39;84;39;20;43;52;0;1;1;3;2;5;5;5;10;9;12;3;52;11;64;11;40;13;88;13;16;25;52;25;72;25;32;39;84;39;20;43;52;0;0;1;0;5;3;0;1;0;4;6;3;0;0;0;0;0;;0;0;0;0;0;0;1;2;3;4;5;6;7;8;9;10;11;12;13;14;15;16;17;18;19;20;21;22;23;24;25;26;27;28;29;30;31;7;7;7;7;7;7;8;255;255;255;0;0;0;0;
246;0;1;1;3;2;5;5;7;6;12;12;3;52;11;64;11;40;13;88;13;16;25;64;25;40;25;88;25;16;43;64;43;40;0;1;1;3;2;5;5;7;6;12;12;3;52;11;64;11;40;13;88;13;16;25;64;25;40;25;88;25;16;43;64;43;40;0;1;1;3;2;5;5;7;6;12;12;3;52;11;64;11;40;13;88;13;16;25;64;25;40;25;88;25;16;43;64;43;40;0;0;0;0;5;3;1;0;0;7;7;3;0;0;0;0;0;;0;0;0;0;0;0;1;1;3;2;5;5;7;6;12;12;3;52;11;64;11;40;13;88;13;16;25;64;25;40;25;88;25;16;43;64;43;40;0;1;1;3;2;5;5;7;6;12;12;3;52;11;64;11;40;13;88;13;16;25;64;25;40;25;88;25;16;43;64;43;40;0;1;1;3;2;5;5;7;6;12;12;3;52;11;64;11;40;13;88;13;16;25;64;25;40;25;88;25;16;43;64;43;40;0;0;0;0;6;3;1;0;0;7;7;3;0;0;0;0;0;;0;0;0;0;0;0;1;1;3;2;5;5;7;6;12;12;3;52;11;64;11;40;13;88;13;16;25;64;25;40;25;88;25;16;43;64;43;40;0;1;1;3;2;5;5;7;6;12;12;3;52;11;64;11;40;13;88;13;16;25;64;25;40;25;88;25;16;43;64;43;40;0;1;1;3;2;5;5;7;6;12;12;3;52;11;64;11;40;13;88;13;16;25;64;25;40;25;88;25;16;43;64;43;40;0;0;0;0;5;3;1;0;0;7;7;3;0;0;0;0;0;;0;0;0;0;0;0;1;2;3;4;5;6;7;8;9;10;11;12;13;14;15;16;17;18;19;20;21;22;23;24;25;26;27;28;29;30;31;2;5;6;6;6;6;8;255;255;255;0;0;0;0;
248;0;1;1;3;2;4;7;6;8;12;12;3;52;11;64;11;40;13;88;13;16;19;52;27;84;27;20;33;52;43;64;43;40;0;1;1;3;2;4;7;6;8;12;12;3;52;11;64;11;40;13;88;13;16;19;52;27;84;27;20;33;52;43;64;43;40;0;1;1;3;2;4;7;6;8;12;12;3;52;11;64;11;40;13;88;13;16;19;52;27;84;27;20;33;52;43;64;43;40;0;1;0;0;4;2;0;1;1;6;5;3;0;0;0;0;0;;0;0;0;0;0;0;1;1;3;2;4;7;6;8;12;12;3;52;11;64;11;40;13;88;13;16;19;52;27;84;27;20;33;52;43;64;43;40;0;1;1;3;2;4;7;6;8;12;12;3;52;11;64;11;40;13;88;13;16;19;52;27;84;27;20;33;52;43;64;43;40;0;1;1;3;2;4;7;6;8;12;12;3;52;11;64;11;40;13;88;13;16;19;52;27;84;27;20;33;52;43;64;43;40;0;1;0;0;4;2;1;1;1;6;5;3;0;0;0;0;0;;0;0;0;0;0;0;1;1;3;2;4;7;6;8;12;12;3;52;11;64;11;40;13;88;13;16;19;52;27;84;27;20;33;52;43;64;43;40;0;1;1;3;2;4;7;6;8;12;12;3;52;11;64;11;40;13;88;13;16;19;52;27;84;27;20;33;52;43;64;43;40;0;1;1;3;2;4;7;6;8;12;12;3;52;11;64;11;40;13;88;13;16;19;52;27;84;27;20;33;52;43;64;43;40;0;1;0;0;4;2;0;1;1;6;5;3;0;0;0;0;0;;0;0;0;0;0;0;1;2;3;4;5;6;7;8;9;10;11;12;13;14;15;16;17;18;19;20;21;22;23;24;25;26;27;28;29;30;31;0;5;5;6;7;10;2;255;255;255;0;0;0;0;
250;0;1;1;1;3;2;5;5;5;12;12;3;52;11;52;11;72;11;32;13;88;13;16;27;52;27;76;27;28;41;64;41;36;0;1;1;1;3;2;5;5;5;12;12;3;52;11;52;11;72;11;32;13;88;13;16;27;52;27;76;27;28;41;64;41;36;0;1;1;1;3;2;5;5;5;12;12;3;52;11;52;11;72;11;32;13;88;13;16;27;52;27;76;27;28;41;64;41;36;1;1;0;0;7;3;0;0;0;6;7;3;0;0;0;0;0;;0;0;0;0;0;0;1;1;1;3;2;5;5;5;12;12;3;52;11;52;11;72;11;32;13;88;13;16;27;52;27;76;27;28;41;64;41;36;0;1;1;1;3;2;5;5;5;12;12;3;52;11;52;11;72;11;32;13;88;13;16;27;52;27;76;27;28;41;64;41;36;0;1;1;1;3;2;5;5;5;12;12;3;52;11;52;11;72;11;32;13;88;13;16;27;52;27;76;27;28;41;64;41;36;1;1;0;1;7;3;0;0;0;6;7;3;0;0;0;0;0;;0;0;0;0;0;0;1;1;1;3;2;5;5;5;12;12;3;52;11;52;11;72;11;32;13;88;13;16;27;52;27;76;27;28;41;64;41;36;0;1;1;1;3;2;5;5;5;12;12;3;52;11;52;11;72;11;32;13;88;13;16;27;52;27;76;27;28;41;64;41;36;0;1;1;1;3;2;5;5;5;12;12;3;52;11;52;11;72;11;32;13;88;13;16;27;52;27;76;27;28;41;64;41;36;1;1;0;0;7;3;0;0;0;6;7;3;0;0;0;0;0;;0;0;0;0;0;0;1;2;3;4;5;6;7;8;9;10;11;12;13;14;15;16;17;18;19;20;21;22;23;24;25;26;27;28;29;30;31;10;6;6;6;6;10;7;255;255;255;0;0;0;0;
251;0;1;1;3;2;4;5;5;8;12;12;3;52;11;64;11;40;13;88;13;16;19;52;25;68;25;36;33;52;43;64;43;40;0;1;1;3;2;4;5;5;8;12;12;3;52;11;64;11;40;13;88;13;16;19;52;25;68;25;36;33;52;43;64;43;40;0;1;1;3;2;4;5;5;8;12;12;3;52;11;64;11;40;13;88;13;16;19;52;25;68;25;36;33;52;43;64;43;40;1;1;0;1;7;1;1;0;0;6;7;3;0;0;0;0;0;;0;0;0;0;0;0;1;1;3;2;4;5;5;8;12;12;3;52;11;64;11;40;13;88;13;16;19;52;25;68;25;36;33;52;43;64;43;40;0;1;1;3;2;4;5;5;8;12;12;3;52;11;64;11;40;13;88;13;16;19;52;25;68;25;36;33;52;43;64;43;40;0;1;1;3;2;4;5;5;8;12;12;3;52;11;64;11;40;13;88;13;16;19;52;25;68;25;36;33;52;43;64;43;40;1;1;0;1;6;3;1;0;0;6;7;3;0;0;0;0;0;;0;0;0;0;0;0;1;1;3;2;4;5;5;8;12;12;3;52;11;64;11;40;13;88;13;16;19;52;25;68;25;36;33;52;43;64;43;40;0;1;1;3;2;4;5;5;8;12;12;3;52;11;64;11;40;13;88;13;16;19;52;25;68;25;36;33;52;43;64;43;40;0;1;1;3;2;4;5;5;8;12;12;3;52;11;64;11;40;13;88;13;16;19;52;25;68;25;36;33;52;43;64;43;40;1;1;0;1;7;1;1;0;0;6;7;3;0;0;0;0;0;;0;0;0;0;0;0;1;2;3;4;5;6;7;8;9;10;11;12;13;14;15;16;17;18;19;20;21;22;23;24;25;26;27;28;29;30;31;2;10;7;10;7;10;6;255;255;255;0;0;0;0;
252;0;1;1;3;2;4;5;5;10;9;12;3;52;11;64;11;40;13;88;13;16;21;52;29;68;29;36;43;84;43;20;43;52;0;1;1;3;2;4;5;5;10;9;12;3;52;11;64;11;40;13;88;13;16;21;52;29;68;29;36;43;84;43;20;43;52;0;1;1;3;2;4;5;5;10;9;12;3;52;11;64;11;40;13;88;13;16;21;52;29;68;29;36;43;84;43;20;43;52;1;1;1;1;6;3;0;0;0;10;10;3;0;0;0;0;0;;0;0;0;0;0;0;1;1;3;2;4;5;5;10;9;12;3;52;11;64;11;40;13;88;13;16;21;52;29;68;29;36;43;84;43;20;43;52;0;1;1;3;2;4;5;5;10;9;12;3;52;11;64;11;40;13;88;13;16;21;52;29;68;29;36;43;84;43;20;43;52;0;1;1;3;2;4;5;5;10;9;12;3;52;11;64;11;40;13;88;13;16;21;52;29;68;29;36;43;84;43;20;43;52;1;1;1;1;4;3;0;0;0;10;10;3;0;0;0;0;0;;0;0;0;0;0;0;1;1;3;2;4;5;5;10;9;12;3;52;11;64;11;40;13;88;13;16;21;52;29;68;29;36;43;84;43;20;43;52;0;1;1;3;2;4;5;5;10;9;12;3;52;11;64;11;40;13;88;13;16;21;52;29;68;29;36;43;84;43;20;43;52;0;1;1;3;2;4;5;5;10;9;12;3;52;11;64;11;40;13;88;13;16;21;52;29;68;29;36;43;84;43;20;43;52;1;1;1;1;6;3;0;0;0;10;10;3;0;0;0;0;0;;0;0;0;0;0;0;1;2;3;4;5;6;7;8;9;10;11;12;13;14;15;16;17;18;19;20;21;22;23;24;25;26;27;28;29;30;31;1;6;6;6;6;9;7;255;255;255;0;0;0;0;
255;0;1;1;3;2;4;4;7;6;12;12;3;52;11;64;11;40;13;88;13;16;21;64;21;40;31;84;31;20;43;64;43;40;0;1;1;3;2;4;4;7;6;12;12;3;52;11;64;11;40;13;88;13;16;21;64;21;40;31;84;31;20;43;64;43;40;0;1;1;3;2;4;4;7;6;12;12;3;52;11;64;11;40;13;88;13;16;21;64;21;40;31;84;31;20;43;64;43;40;0;0;0;0;6;3;1;1;0;6;7;3;0;0;0;0;0;;0;0;0;0;0;0;1;1;3;2;4;4;7;6;12;12;3;52;11;64;11;40;13;88;13;16;21;64;21;40;31;84;31;20;43;64;43;40;0;1;1;3;2;4;4;7;6;12;12;3;52;11;64;11;40;13;88;13;16;21;64;21;40;31;84;31;20;43;64;43;40;0;1;1;3;2;4;4;7;6;12;12;3;52;11;64;11;40;13;88;13;16;21;64;21;40;31;84;31;20;43;64;43;40;0;0;0;0;6;3;1;1;0;6;6;3;0;0;0;0;0;;0;0;0;0;0;0;1;1;3;2;4;4;7;6;12;12;3;52;11;64;11;40;13;88;13;16;21;64;21;40;31;84;31;20;43;64;43;40;0;1;1;3;2;4;4;7;6;12;12;3;52;11;64;11;40;13;88;13;16;21;64;21;40;31;84;31;20;43;64;43;40;0;1;1;3;2;4;4;7;6;12;12;3;52;11;64;11;40;13;88;13;16;21;64;21;40;31;84;31;20;43;64;43;40;0;0;0;0;6;3;1;1;0;6;7;3;0;0;0;0;0;;0;0;0;0;0;0;1;2;3;4;5;6;7;8;9;10;11;12;13;14;15;16;17;18;19;20;21;22;23;24;25;26;27;28;29;30;31;5;8;8;8;8;10;5;255;255;255;0;0;0;0;
256;0;1;1;3;2;5;5;5;10;9;12;3;52;11;64;11;40;13;88;13;16;25;52;25;72;25;32;39;84;39;20;43;52;0;1;1;3;2;5;5;5;10;9;12;3;52;11;64;11;40;13;88;13;16;25;52;25;72;25;32;39;84;39;20;43;52;0;1;1;3;2;5;5;5;10;9;12;3;52;11;64;11;40;13;88;13;16;25;52;25;72;25;32;39;84;39;20;43;52;0;0;0;0;4;3;1;0;1;4;4;3;0;0;0;0;0;;0;0;0;0;0;0;1;1;3;2;5;5;5;10;9;12;3;52;11;64;11;40;13;88;13;16;25;52;25;72;25;32;39;84;39;20;43;52;0;1;1;3;2;5;5;5;10;9;12;3;52;11;64;11;40;13;88;13;16;25;52;25;72;25;32;39;84;39;20;43;52;0;1;1;3;2;5;5;5;10;9;12;3;52;11;64;11;40;13;88;13;16;25;52;25;72;25;32;39;84;39;20;43;52;0;0;0;0;4;1;1;0;1;5;5;3;0;0;0;0;0;;0;0;0;0;0;0;1;1;3;2;5;5;5;10;9;12;3;52;11;64;11;40;13;88;13;16;25;52;25;72;25;32;39;84;39;20;43;52;0;1;1;3;2;5;5;5;10;9;12;3;52;11;64;11;40;13;88;13;16;25;52;25;72;25;32;39;84;39;20;43;52;0;1;1;3;2;5;5;5;10;9;12;3;52;11;64;11;40;13;88;13;16;25;52;25;72;25;32;39;84;39;20;43;52;0;0;0;0;4;3;1;0;1;4;4;3;0;0;0;0;0;;0;0;0;0;0;0;1;2;3;4;5;6;7;8;9;10;11;12;13;14;15;16;17;18;19;20;21;22;23;24;25;26;27;28;29;30;31;1;9;9;9;8;7;6;255;255;255;0;0;0;0;
258;0;1;1;3;2;4;4;7;6;8;12;3;52;11;64;11;40;13;88;13;16;19;64;19;40;31;88;31;16;33;52;43;52;0;1;1;3;2;5;5;7;6;8;12;3;52;11;64;11;40;13;88;13;16;19;64;19;40;31;88;31;16;31;52;43;52;0;1;1;3;2;5;5;7;6;8;12;3;52;11;64;11;40;13;88;13;16;19;64;19;40;31;88;31;16;31;52;43;52;1;0;0;1;5;3;0;0;0;5;8;3;0;1122944768;1122944768;1122944768;1122944768;;0;0;11;64;11;0;1;1;3;2;5;5;7;6;8;12;3;52;11;64;11;40;13;88;13;16;19;64;19;40;31;88;31;16;31;52;43;52;0;1;1;3;2;5;5;7;6;8;12;3;52;11;64;11;40;13;88;13;16;19;64;19;40;31;88;31;16;31;52;43;52;0;1;1;3;2;5;5;7;6;8;12;3;52;11;64;11;40;13;88;13;16;19;64;19;40;31;88;31;16;31;52;43;52;1;0;0;0;6;2;0;1;0;4;8;3;0;1122944768;1122944768;1122944768;1122944768;;0;0;31;52;41;0;1;1;3;2;5;5;7;6;8;12;3;52;11;64;11;40;13;88;13;16;19;64;19;40;31;88;31;16;31;52;43;52;0;1;1;3;2;5;5;7;6;8;12;3;52;11;64;11;40;13;88;13;16;19;64;19;40;31;88;31;16;31;52;43;52;0;1;1;3;2;5;5;7;6;8;12;3;52;11;64;11;40;13;88;13;16;19;64;19;40;31;88;31;16;31;52;43;52;1;0;0;1;5;3;0;0;0;5;8;3;0;1122944768;1122944768;1122944768;1122944768;;255;255;0;0;0;0;1;2;3;4;5;6;7;8;9;10;11;12;13;14;15;16;17;18;19;20;21;22;23;24;25;26;27;28;29;30;31;7;6;6;6;8;8;8;2;1;10;0;0;0;0;
259;0;1;1;3;2;4;4;7;6;8;12;3;52;11;64;11;40;13;88;13;16;19;64;19;40;31;88;31;16;33;52;43;52;0;1;1;3;2;4;4;7;6;12;12;3;52;11;64;11;40;13;88;13;16;23;64;23;40;33;84;33;20;43;64;43;40;0;1;1;3;2;4;4;7;6;12;12;3;52;11;64;11;40;13;88;13;16;19;64;19;40;29;84;29;20;41;64;41;40;0;1;1;0;4;2;1;0;1;5;6;3;0;1122944768;1122944768;1122944768;1122944768;;0;0;11;64;11;0;1;1;3;2;4;4;7;6;12;12;3;52;11;64;11;40;13;88;13;16;19;64;19;40;29;84;29;20;41;64;41;40;0;1;1;3;2;4;4;7;6;12;12;3;52;11;64;11;40;13;88;13;16;19;64;19;40;29;84;29;20;41;64;41;40;0;1;1;3;2;4;4;7;6;12;12;3;52;11;64;11;40;13;88;13;16;19;64;19;40;29;84;29;20;41;64;41;40;0;1;1;0;5;2;1;0;1;4;6;3;0;1122944768;1122944768;1122944768;1122944768;;0;0;43;64;43;0;1;1;3;2;4;4;7;6;12;12;3;52;11;64;11;40;13;88;13;16;21;64;21;40;31;84;31;20;43;64;43;40;0;1;1;3;2;4;4;7;6;12;12;3;52;11;64;11;40;13;88;13;16;23;64;23;40;33;84;33;20;43;64;43;40;0;1;1;3;2;4;4;7;6;12;12;3;52;11;64;11;40;13;88;13;16;19;64;19;40;29;84;29;20;41;64;41;40;0;1;1;0;4;2;1;0;1;5;6;3;0;1122944768;1122944768;1122944768;1122944768;;255;255;0;0;0;0;1;2;3;4;5;6;7;8;9;10;11;12;13;14;15;16;17;18;19;20;21;22;23;24;25;26;27;28;29;30;31;2;9;9;9;9;10;4;2;1;5;0;0;0;0;
260;0;1;1;3;2;5;5;7;6;12;12;3;52;11;64;11;40;13;88;13;16;23;64;23;40;31;88;31;16;43;64;43;40;0;1;1;3;2;5;5;7;6;12;12;3;52;15;64;15;40;15;88;15;16;27;64;27;40;33;88;33;16;45;64;45;40;0;1;1;3;2;5;5;7;6;11;11;3;52;9;64;9;40;9;88;9;16;17;64;17;40;25;88;25;16;35;64;35;40;0;1;0;1;5;2;1;1;0;4;7;2;0;0;0;0;0;;0;0;0;0;0;0;1;1;3;2;5;5;7;6;11;11;3;52;9;64;9;40;9;88;9;16;17;64;17;40;25;88;25;16;35;64;35;40;0;1;1;3;2;5;5;7;6;11;11;3;52;9;64;9;40;9;88;9;16;17;64;17;40;25;88;25;16;35;64;35;40;0;1;1;3;2;5;5;7;6;11;11;3;52;9;64;9;40;9;88;9;16;17;64;17;40;25;88;25;16;35;64;35;40;0;0;0;1;6;1;1;1;0;3;7;3;0;0;0;0;0;;0;0;0;0;0;0;1;1;3;2;5;5;7;6;12;12;3;52;11;64;11;40;13;88;13;16;23;64;23;40;31;88;31;16;43;64;43;40;0;1;1;3;2;5;5;7;6;12;12;3;52;15;64;15;40;15;88;15;16;27;64;27;40;33;88;33;16;45;64;45;40;0;1;1;3;2;5;5;7;6;11;11;3;52;9;64;9;40;9;88;9;16;17;64;17;40;25;88;25;16;35;64;35;40;0;1;0;1;5;2;1;1;0;4;7;2;0;0;0;0;0;;0;0;0;0;0;0;1;2;3;4;5;6;7;8;9;10;11;12;13;14;15;16;17;18;19;20;21;22;23;24;25;26;27;28;29;30;31;4;4;8;4;8;9;6;255;255;255;0;0;0;0;
263;0;1;1;3;2;4;4;7;6;8;12;3;52;11;64;11;40;13;88;13;16;19;64;19;40;31;88;31;16;33;52;43;52;0;1;1;1;4;4;7;6;11;11;12;3;52;11;52;11;72;11;32;19;64;19;40;31;84;31;20;43;80;43;24;43;52;0;1;1;1;4;4;7;6;11;11;12;3;52;11;52;11;72;11;32;19;64;19;40;31;84;31;20;43;80;43;24;43;52;0;0;1;0;7;2;0;1;0;3;8;3;0;1122944768;1122944768;1122944768;1122944768;;0;0;11;64;11;0;1;1;1;4;4;7;6;11;11;12;3;52;11;52;11;72;11;32;19;64;19;40;31;84;31;20;43;80;43;24;43;52;0;1;1;1;4;4;7;6;11;11;12;3;52;11;52;11;72;11;32;19;64;19;40;31;84;31;20;43;80;43;24;43;52;0;1;1;1;4;4;7;6;11;11;12;3;52;11;52;11;72;11;32;19;64;19;40;31;84;31;20;43;80;43;24;43;52;0;0;0;0;8;1;1;1;0;2;3;3;0;1122944768;1122944768;1122944768;1122944768;;0;0;43;64;43;0;1;1;1;4;4;7;6;8;8;12;3;52;11;52;11;72;11;32;19;64;19;40;27;88;27;16;33;64;33;40;43;52;0;1;1;1;4;4;7;6;11;11;12;3;52;11;52;11;72;11;32;19;64;19;40;31;84;31;20;43;80;43;24;43;52;0;1;1;1;4;4;7;6;11;11;12;3;52;11;52;11;72;11;32;19;64;19;40;31;84;31;20;43;80;43;24;43;52;0;0;1;0;7;2;0;1;0;3;8;3;0;1122944768;1122944768;1122944768;1122944768;;255;255;0;0;0;0;1;2;3;4;5;6;7;8;9;10;11;12;13;14;15;16;17;18;19;20;21;22;23;24;25;26;27;28;29;30;31;0;7;7;7;7;10;9;2;1;10;0;0;0;0;
265;0;1;1;1;4;4;7;6;8;12;12;3;52;11;52;11;72;11;32;25;67;25;37;30;89;30;15;33;52;43;64;43;40;0;1;1;3;2;4;4;7;6;8;12;3;52;11;64;11;40;13;88;13;16;19;64;19;40;31;88;31;16;31;52;43;52;0;1;1;3;2;4;4;7;6;8;12;3;52;11;64;11;40;13;88;13;16;19;64;19;40;31;88;31;16;31;52;43;52;0;1;0;0;6;1;0;0;0;5;6;3;0;1122944768;1122944768;1122944768;1122944768;;0;0;11;64;11;0;1;1;3;2;4;4;7;6;8;12;3;52;11;64;11;40;13;88;13;16;19;64;19;40;31;88;31;16;31;52;43;52;0;1;1;3;2;4;4;7;6;8;12;3;52;11;64;11;40;13;88;13;16;19;64;19;40;31;88;31;16;31;52;43;52;0;1;1;3;2;4;4;7;6;8;12;3;52;11;64;11;40;13;88;13;16;19;64;19;40;31;88;31;16;31;52;43;52;0;0;0;0;6;1;1;0;0;3;7;3;0;1122944768;1122944768;1122944768;1122944768;;0;0;33;52;43;0;1;1;3;2;4;4;7;6;8;12;3;52;11;64;11;40;13;88;13;16;19;64;19;40;31;88;31;16;31;52;43;52;0;1;1;3;2;4;4;7;6;8;12;3;52;11;64;11;40;13;88;13;16;19;64;19;40;31;88;31;16;31;52;43;52;0;1;1;3;2;4;4;7;6;8;12;3;52;11;64;11;40;13;88;13;16;19;64;19;40;31;88;31;16;31;52;43;52;0;1;0;0;6;1;0;0;0;5;6;3;0;1122944768;1122944768;1122944768;1122944768;;255;255;0;0;0;0;1;2;3;4;5;6;7;8;9;10;11;12;13;14;15;16;17;18;19;20;21;22;23;24;25;26;27;28;29;30;31;1;1;7;7;7;9;7;3;5;9;0;0;0;0;
266;0;1;1;3;2;4;4;7;6;8;12;3;52;11;64;11;40;13;88;13;16;19;64;19;40;29;84;29;20;31;52;43;52;0;1;1;3;2;4;4;7;6;8;12;3;52;11;64;11;40;13;88;13;16;21;64;21;40;31;84;31;20;33;52;45;52;0;1;1;3;2;4;4;7;6;8;11;3;52;11;64;11;40;13;88;13;16;17;64;17;40;27;84;27;20;29;52;39;52;0;1;0;0;6;2;1;0;1;5;6;2;0;0;0;0;0;;0;0;0;0;0;0;1;1;3;2;4;4;7;6;8;11;3;52;11;64;11;40;13;88;13;16;17;64;17;40;27;84;27;20;29;52;39;52;0;1;1;3;2;4;4;7;6;8;11;3;52;11;64;11;40;13;88;13;16;17;64;17;40;27;84;27;20;29;52;39;52;0;1;1;3;2;4;4;7;6;8;11;3;52;11;64;11;40;13;88;13;16;17;64;17;40;27;84;27;20;29;52;39;52;0;1;0;0;6;1;1;0;1;5;7;3;0;0;0;0;0;;0;0;0;0;0;0;1;1;3;2;4;4;7;6;8;12;3;52;11;64;11;40;13;88;13;16;19;64;19;40;29;84;29;20;31;52;43;52;0;1;1;3;2;4;4;7;6;8;12;3;52;11;64;11;40;13;88;13;16;21;64;21;40;31;84;31;20;33;52;45;52;0;1;1;3;2;4;4;7;6;8;11;3;52;11;64;11;40;13;88;13;16;17;64;17;40;27;84;27;20;29;52;39;52;0;1;0;0;6;2;1;0;1;5;6;2;0;0;0;0;0;;0;0;0;0;0;0;1;2;3;4;5;6;7;8;9;10;11;12;13;14;15;16;17;18;19;20;21;22;23;24;25;26;27;28;29;30;31;4;9;9;9;9;9;8;255;255;255;0;0;0;0;
267;0;1;1;3;2;5;5;7;6;12;12;3;52;11;64;11;40;13;88;13;16;21;64;21;40;31;88;31;16;43;64;43;40;0;1;1;3;2;4;5;7;6;12;12;3;52;11;64;11;40;13;88;13;16;21;52;31;52;31;84;31;20;45;64;45;40;0;1;1;3;2;4;5;7;6;11;11;3;52;11;64;11;40;13;88;13;16;17;52;25;52;25;84;25;20;41;64;41;40;0;1;0;1;7;3;0;0;0;4;5;3;0;1122944768;1122944768;1122944768;1122944768;;0;0;11;64;11;0;1;1;3;2;4;5;7;6;11;11;3;52;11;64;11;40;13;88;13;16;17;52;25;52;25;84;25;20;41;64;41;40;0;1;1;3;2;4;5;7;6;11;11;3;52;11;64;11;40;13;88;13;16;17;52;25;52;25;84;25;20;41;64;41;40;0;1;1;3;2;4;5;7;6;11;11;3;52;11;64;11;40;13;88;13;16;17;52;25;52;25;84;25;20;41;64;41;40;0;1;0;1;7;3;0;0;0;4;5;3;0;1122944768;1122944768;1122944768;1122944768;;0;0;43;64;43;0;1;1;3;2;4;5;7;6;12;12;3;52;11;64;11;40;13;88;13;16;19;52;29;52;29;84;29;20;43;64;43;40;0;1;1;3;2;4;5;7;6;12;12;3;52;11;64;11;40;13;88;13;16;21;52;31;52;31;84;31;20;45;64;45;40;0;1;1;3;2;4;5;7;6;11;11;3;52;11;64;11;40;13;88;13;16;17;52;25;52;25;84;25;20;41;64;41;40;0;1;0;1;7;3;0;0;0;4;5;3;0;1122944768;1122944768;1122944768;1122944768;;255;255;0;0;0;0;1;2;3;4;5;6;7;8;9;10;11;12;13;14;15;16;17;18;19;20;21;22;23;24;25;26;27;28;29;30;31;9;7;7;8;7;9;8;1;3;2;0;0;0;0;
268;0;1;1;3;2;5;5;5;8;12;12;3;52;11;64;11;40;13;88;13;16;23;52;23;72;23;32;33;52;43;64;43;40;0;1;1;3;2;5;5;7;6;12;12;3;52;11;64;11;40;13;88;13;16;19;64;19;40;29;84;29;20;43;64;43;40;0;1;1;3;2;5;5;7;6;12;12;3;52;11;64;11;40;11;88;11;16;21;64;21;40;29;84;29;20;41;64;41;40;0;0;1;0;6;1;1;1;0;4;8;3;0;0;0;0;0;;0;0;0;0;0;0;1;1;3;2;5;5;7;6;12;12;3;52;11;64;11;40;11;88;11;16;21;64;21;40;29;84;29;20;41;64;41;40;0;1;1;3;2;5;5;7;6;12;12;3;52;11;64;11;40;11;88;11;16;21;64;21;40;29;84;29;20;41;64;41;40;0;1;1;3;2;5;5;7;6;12;12;3;52;11;64;11;40;11;88;11;16;21;64;21;40;29;84;29;20;41;64;41;40;0;1;0;0;6;3;1;0;1;6;6;3;0;0;0;0;0;;0;0;0;0;0;0;1;1;3;2;5;5;5;8;12;12;3;52;11;64;11;40;13;88;13;16;23;52;23;72;23;32;33;52;43;64;43;40;0;1;1;3;2;5;5;7;6;12;12;3;52;11;64;11;40;13;88;13;16;19;64;19;40;29;84;29;20;43;64;43;40;0;1;1;3;2;5;5;7;6;12;12;3;52;11;64;11;40;11;88;11;16;21;64;21;40;29;84;29;20;41;64;41;40;0;0;1;0;6;1;1;1;0;4;8;3;0;0;0;0;0;;0;0;0;0;0;0;1;2;3;4;5;6;7;8;9;10;11;12;13;14;15;16;17;18;19;20;21;22;23;24;25;26;27;28;29;30;31;6;6;6;10;6;9;5;255;255;255;0;0;0;0;
269;0;1;1;1;4;4;7;6;8;12;12;3;52;11;52;11;72;11;32;19;64;19;40;25;84;25;20;33;52;43;64;43;40;0;1;1;1;4;4;7;6;8;12;12;3;52;11;52;11;72;11;32;19;64;19;40;25;84;25;20;33;52;43;64;43;40;0;1;1;1;4;4;7;6;8;12;12;3;52;11;52;11;72;11;32;19;64;19;40;25;84;25;20;33;52;43;64;43;40;0;0;0;0;5;2;0;0;1;5;6;2;0;0;0;0;0;;0;0;0;0;0;0;1;1;1;4;4;7;6;8;12;12;3;52;11;52;11;72;11;32;19;64;19;40;25;84;25;20;33;52;43;64;43;40;0;1;1;1;4;4;7;6;8;12;12;3;52;11;52;11;72;11;32;19;64;19;40;25;84;25;20;33;52;43;64;43;40;0;1;1;1;4;4;7;6;8;12;12;3;52;11;52;11;72;11;32;19;64;19;40;25;84;25;20;33;52;43;64;43;40;0;0;0;0;5;1;0;0;1;4;7;3;0;0;0;0;0;;0;0;0;0;0;0;1;1;1;4;4;7;6;8;12;12;3;52;11;52;11;72;11;32;19;64;19;40;25;84;25;20;33;52;43;64;43;40;0;1;1;1;4;4;7;6;8;12;12;3;52;11;52;11;72;11;32;19;64;19;40;25;84;25;20;33;52;43;64;43;40;0;1;1;1;4;4;7;6;8;12;12;3;52;11;52;11;72;11;32;19;64;19;40;25;84;25;20;33;52;43;64;43;40;0;0;0;0;5;2;0;0;1;5;6;2;0;0;0;0;0;;0;0;0;0;0;0;1;2;3;4;5;6;7;8;9;10;11;12;13;14;15;16;17;18;19;20;21;22;23;24;25;26;27;28;29;30;31;8;8;8;8;8;8;4;255;255;255;0;0;0;0;
270;0;1;1;3;2;4;4;7;6;8;12;3;52;11;64;11;40;13;88;13;16;19;64;19;40;31;88;31;16;31;52;43;52;0;1;1;3;2;4;4;7;6;8;12;3;52;11;64;11;40;13;88;13;16;19;64;19;40;31;88;31;16;31;52;43;52;0;1;1;3;2;4;4;7;6;8;12;3;52;11;64;11;40;13;88;13;16;19;64;19;40;31;88;31;16;31;52;43;52;1;1;0;1;7;2;0;1;0;4;5;3;0;0;0;0;0;;0;0;0;0;0;0;1;1;3;2;4;4;7;6;8;12;3;52;11;64;11;40;13;88;13;16;19;64;19;40;31;88;31;16;31;52;43;52;0;1;1;3;2;4;4;7;6;8;12;3;52;11;64;11;40;13;88;13;16;19;64;19;40;31;88;31;16;31;52;43;52;0;1;1;3;2;4;4;7;6;8;12;3;52;11;64;11;40;13;88;13;16;19;64;19;40;31;88;31;16;31;52;43;52;1;1;0;0;7;2;0;1;0;4;9;3;0;0;0;0;0;;0;0;0;0;0;0;1;1;3;2;4;4;7;6;8;12;3;52;11;64;11;40;13;88;13;16;19;64;19;40;31;88;31;16;31;52;43;52;0;1;1;3;2;4;4;7;6;8;12;3;52;11;64;11;40;13;88;13;16;19;64;19;40;31;88;31;16;31;52;43;52;0;1;1;3;2;4;4;7;6;8;12;3;52;11;64;11;40;13;88;13;16;19;64;19;40;31;88;31;16;31;52;43;52;1;1;0;1;7;2;0;1;0;4;5;3;0;0;0;0;0;;0;0;0;0;0;0;1;2;3;4;5;6;7;8;9;10;11;12;13;14;15;16;17;18;19;20;21;22;23;24;25;26;27;28;29;30;31;3;8;8;7;7;9;7;255;255;255;0;0;0;0;
273;0;1;1;3;2;4;4;7;6;8;12;3;52;11;64;11;40;13;88;13;16;19;64;19;40;31;88;31;16;31;52;43;52;0;1;1;3;2;4;4;7;6;8;12;3;52;11;64;11;40;13;88;13;16;19;64;19;40;31;88;31;16;31;52;43;52;0;1;1;3;2;4;4;7;6;8;12;3;52;11;64;11;40;13;88;13;16;19;64;19;40;31;88;31;16;31;52;43;52;1;0;1;0;4;1;0;1;0;6;8;3;0;0;0;0;0;;0;0;0;0;0;0;1;1;3;2;4;4;7;6;8;12;3;52;11;64;11;40;13;88;13;16;19;64;19;40;31;88;31;16;31;52;43;52;0;1;1;3;2;4;4;7;6;8;12;3;52;11;64;11;40;13;88;13;16;19;64;19;40;31;88;31;16;31;52;43;52;0;1;1;3;2;4;4;7;6;8;12;3;52;11;64;11;40;13;88;13;16;19;64;19;40;31;88;31;16;31;52;43;52;0;0;1;0;2;1;1;1;1;3;10;3;0;0;0;0;0;;0;0;0;0;0;0;1;1;3;2;4;4;7;6;8;12;3;52;11;64;11;40;13;88;13;16;19;64;19;40;31;88;31;16;31;52;43;52;0;1;1;3;2;4;4;7;6;8;12;3;52;11;64;11;40;13;88;13;16;19;64;19;40;31;88;31;16;31;52;43;52;0;1;1;3;2;4;4;7;6;8;12;3;52;11;64;11;40;13;88;13;16;19;64;19;40;31;88;31;16;31;52;43;52;1;0;1;0;4;1;0;1;0;6;8;3;0;0;0;0;0;;0;0;0;0;0;0;1;2;3;4;5;6;7;8;9;10;11;12;13;14;15;16;17;18;19;20;21;22;23;24;25;26;27;28;29;30;31;7;7;7;7;7;6;9;255;255;255;0;0;0;0;
274;0;1;1;3;2;4;4;7;6;8;11;3;52;11;64;11;40;13;88;13;16;19;64;19;40;31;84;31;20;33;52;43;52;0;1;1;3;2;4;4;7;6;8;11;3;52;11;64;11;40;13;88;13;16;19;64;19;40;31;84;31;20;33;52;43;52;0;1;1;3;2;4;4;7;6;8;11;3;52;9;64;9;40;9;88;9;16;17;64;17;40;23;84;23;20;29;52;39;52;1;1;0;0;5;2;1;1;1;5;7;3;0;1122944768;1122944768;1122944768;1122944768;;0;0;11;64;11;0;1;1;3;2;4;4;7;6;8;11;3;52;9;64;9;40;9;88;9;16;17;64;17;40;23;84;23;20;29;52;39;52;0;1;1;3;2;4;4;7;6;8;11;3;52;9;64;9;40;9;88;9;16;17;64;17;40;23;84;23;20;29;52;39;52;0;1;1;3;2;4;4;7;6;8;11;3;52;9;64;9;40;9;88;9;16;17;64;17;40;23;84;23;20;29;52;39;52;1;1;0;0;6;1;1;1;1;4;8;3;0;1122944768;1122944768;1122944768;1122944768;;0;0;31;52;43;0;1;1;3;2;4;4;7;6;8;11;3;52;11;64;11;40;13;88;13;16;19;64;19;40;31;84;31;20;33;52;43;52;0;1;1;3;2;4;4;7;6;8;11;3;52;11;64;11;40;13;88;13;16;19;64;19;40;31;84;31;20;33;52;43;52;0;1;1;3;2;4;4;7;6;8;11;3;52;9;64;9;40;9;88;9;16;17;64;17;40;23;84;23;20;29;52;39;52;1;1;0;0;5;2;1;1;1;5;7;3;0;1122944768;1122944768;1122944768;1122944768;;255;255;0;0;0;11;13;1;9;14;5;15;18;25;20;4;16;8;7;2;22;19;24;12;28;10;21;3;17;6;30;26;29;0;23;27;31;5;20;15;15;15;20;18;1;13;4;0;0;0;0;
317;0;1;1;3;2;5;5;7;6;12;12;3;52;11;64;11;40;13;88;13;16;21;64;21;40;31;84;31;20;43;64;43;40;0;1;1;3;2;5;5;7;6;12;12;3;52;11;64;11;40;15;88;15;16;21;64;21;40;33;84;33;20;43;64;43;40;0;1;1;3;2;5;5;7;6;12;12;3;52;11;64;11;40;11;88;11;16;21;64;21;40;21;84;21;20;43;64;43;40;0;0;0;0;0;0;1;1;1;0;0;0;52;0;0;-1090803990010;-1;;0;0;11;64;11;40;11;88;11;16;21;64;21;40;21;84;21;20;43;64;43;40;0;1;1;3;2;5;5;7;6;12;12;3;52;11;64;11;40;11;88;11;16;21;64;21;40;21;84;21;20;43;64;43;40;0;1;1;3;2;5;5;7;6;12;12;3;52;11;64;11;40;11;88;11;16;21;64;21;40;21;84;21;20;43;64;43;40;0;0;0;0;1;1;1;0;0;0;0;0;0;0;0;0;0;0;0;0;52;11;0;0;0;64;11;40;20;-1086509154044;-1;216455356602122240;219563701861418242;;0;0;43;64;43;40;0;1;1;3;2;5;5;7;6;12;12;3;52;11;64;11;40;15;88;15;16;21;64;21;40;33;84;33;20;43;64;43;40;0;1;1;3;2;5;5;7;6;12;12;3;52;11;64;11;40;11;88;11;16;21;64;21;40;21;84;21;20;43;64;43;40;0;0;0;0;1;1;1;0;0;0;0;0;0;0;0;0;0;0;0;0;0;0;0;0;0;6;2;4;7;2;255;255;255;255;255;255;28;29;255;255;255;30;31;8;0;216736831578832896;795458214266537220;1374179596971150604;1952900979675763988;;255;255;0;0;0;0;0;0;0;0;0;0;0;0;0;0;0;0;0;0;0;0;0;0;0;0;0;0;0;0;0;0;0;0;0;0;0;0;0;0;0;0;0;0;0;0;0;0;0;0;0;
319;0;1;1;3;2;4;5;5;10;9;12;3;52;11;64;11;40;13;88;13;16;19;52;25;68;25;36;39;84;39;20;43;52;0;1;1;3;2;4;5;5;10;9;12;3;52;11;64;11;40;13;88;13;16;19;52;25;68;25;36;39;84;39;20;43;52;0;1;1;3;2;4;5;5;10;9;12;3;52;11;64;11;40;13;88;13;16;19;52;25;68;25;36;39;84;39;20;43;52;0;0;0;0;5;3;1;1;0;5;5;3;0;0;0;0;0;;0;0;0;0;0;0;1;1;3;2;4;5;5;10;9;12;3;52;11;64;11;40;13;88;13;16;19;52;25;68;25;36;39;84;39;20;43;52;0;1;1;3;2;4;5;5;10;9;12;3;52;11;64;11;40;13;88;13;16;19;52;25;68;25;36;39;84;39;20;43;52;0;1;1;3;2;4;5;5;10;9;12;3;52;11;64;11;40;13;88;13;16;19;52;25;68;25;36;39;84;39;20;43;52;0;0;0;0;5;3;1;1;0;4;6;3;0;0;0;0;0;;0;0;0;0;0;0;1;1;3;2;4;5;5;10;9;12;3;52;11;64;11;40;13;88;13;16;19;52;25;68;25;36;39;84;39;20;43;52;0;1;1;3;2;4;5;5;10;9;12;3;52;11;64;11;40;13;88;13;16;19;52;25;68;25;36;39;84;39;20;43;52;0;1;1;3;2;4;5;5;10;9;12;3;52;11;64;11;40;13;88;13;16;19;52;25;68;25;36;39;84;39;20;43;52;0;0;0;0;5;3;1;1;0;5;5;3;0;0;0;0;0;;0;0;0;0;0;0;1;2;3;4;5;6;7;8;9;10;11;12;13;14;15;16;17;18;19;20;21;22;23;24;25;26;27;28;29;30;31;8;8;5;8;8;8;1;255;255;255;0;0;0;0;
320;0;1;1;3;2;4;5;5;8;8;12;3;52;11;68;11;40;13;92;13;12;17;52;19;76;19;28;29;64;29;36;41;52;0;1;1;3;2;4;5;5;8;8;12;3;52;11;64;11;40;15;88;15;16;21;52;25;76;25;28;33;64;33;40;45;52;0;1;1;3;2;4;5;5;8;8;12;3;52;11;64;11;40;11;88;11;16;17;52;19;76;19;28;29;64;29;40;41;52;1;0;1;1;0;0;0;0;0;0;0;0;52;0;0;-1086525603066;-1;;0;0;11;64;11;40;11;88;11;16;17;52;19;76;19;28;29;64;29;40;41;52;0;1;1;3;2;4;5;5;8;8;12;3;52;11;64;11;40;11;88;11;16;17;52;19;76;19;28;29;64;29;40;41;52;0;1;1;3;2;4;5;5;8;8;12;3;52;11;64;11;40;11;88;11;16;17;52;19;76;19;28;29;64;29;40;41;52;1;0;1;1;0;0;0;0;0;0;0;0;0;0;0;0;0;0;0;0;52;11;0;0;0;68;11;40;64;-1086508760313;-1;216455356602122240;219559312371287042;;0;0;29;36;41;52;0;1;1;3;2;4;5;5;8;8;12;3;52;11;64;11;40;15;88;15;16;21;52;25;76;25;28;33;64;33;40;45;52;0;1;1;3;2;4;5;5;8;8;12;3;52;11;64;11;40;11;88;11;16;17;52;19;76;19;28;29;64;29;40;41;52;1;0;1;1;0;0;0;0;0;0;0;0;0;0;0;0;0;0;0;0;0;0;0;0;0;6;3;7;6;3;255;255;255;255;255;255;28;29;255;255;255;30;31;5;0;216736831578832896;795458214266537220;1374179596971150604;1952900979675763988;;255;255;0;0;0;0;0;0;0;0;0;0;0;0;0;0;0;0;0;0;0;0;0;0;0;0;0;0;0;0;0;0;0;0;0;0;0;0;0;0;0;0;0;0;0;0;0;0;0;0;0;
323;0;1;1;1;4;4;7;6;8;8;12;3;52;11;52;11;80;11;24;19;64;19;40;25;96;25;8;33;76;33;28;43;52;0;1;1;1;4;4;7;6;8;8;12;3;52;11;52;11;80;11;24;23;64;23;40;29;96;29;8;33;76;33;28;43;52;0;1;1;1;4;4;7;6;8;8;12;3;52;11;52;11;80;11;24;19;64;19;40;19;96;19;8;27;76;27;28;43;52;0;0;0;0;0;0;1;1;0;0;0;0;52;0;0;-1086508956922;-1;;0;0;11;52;11;80;11;24;19;64;19;40;19;96;19;8;27;76;27;28;43;52;0;1;1;1;4;4;7;6;8;8;12;3;52;11;52;11;80;11;24;19;64;19;40;19;96;19;8;27;76;27;28;43;52;0;1;1;1;4;4;7;6;8;8;12;3;52;11;52;11;80;11;24;19;64;19;40;19;96;19;8;27;76;27;28;43;52;0;0;0;0;1;1;0;0;0;0;0;0;0;0;0;0;0;0;0;0;52;11;0;0;0;52;11;80;76;-1086559354108;-1;72340168526266368;219559312388195332;;0;0;33;28;43;52;0;1;1;1;4;4;7;6;8;8;12;3;52;11;52;11;80;11;24;23;64;23;40;29;96;29;8;33;76;33;28;43;52;0;1;1;1;4;4;7;6;8;8;12;3;52;11;52;11;80;11;24;19;64;19;40;19;96;19;8;27;76;27;28;43;52;0;0;0;0;1;1;0;0;0;0;0;0;0;0;0;0;0;0;0;0;0;0;0;0;0;6;3;5;7;3;255;255;255;255;255;255;28;29;255;255;255;30;31;5;0;216736831578832896;795458214266537220;1374179596971150604;1952900979675763988;;255;255;0;0;0;0;0;0;0;0;0;0;0;0;0;0;0;0;0;0;0;0;0;0;0;0;0;0;0;0;0;0;0;0;0;0;0;0;0;0;0;0;0;0;0;0;0;0;0;0;0;
327;0;1;1;3;2;4;5;5;10;9;12;3;52;11;64;11;40;13;88;13;16;21;52;25;72;25;32;39;88;39;16;43;52;0;1;1;3;2;4;5;5;10;9;12;3;52;11;64;11;40;15;88;15;16;23;52;27;72;27;32;39;84;39;20;43;52;0;1;1;3;2;4;5;5;10;9;12;3;52;11;64;11;40;11;88;11;16;19;52;23;72;23;32;35;88;35;16;41;52;1;1;0;1;7;3;1;1;1;6;5;3;0;1122944768;1122944768;1122944768;1122944768;;0;0;11;64;11;0;1;1;3;2;4;5;5;10;9;12;3;52;11;64;11;40;11;88;11;16;19;52;23;72;23;32;35;88;35;16;41;52;0;1;1;3;2;4;5;5;10;9;12;3;52;11;64;11;40;11;88;11;16;19;52;23;72;23;32;35;88;35;16;41;52;0;1;1;3;2;4;5;5;10;9;12;3;52;11;64;11;40;11;88;11;16;19;52;23;72;23;32;35;88;35;16;41;52;0;1;0;1;7;3;1;1;1;5;5;3;0;1122944768;1122944768;1122944768;1122944768;;0;0;39;20;43;0;1;1;3;2;4;5;5;10;9;12;3;52;11;64;11;40;13;88;13;16;21;52;25;72;25;32;39;88;39;16;43;52;0;1;1;3;2;4;5;5;10;9;12;3;52;11;64;11;40;15;88;15;16;23;52;27;72;27;32;39;84;39;20;43;52;0;1;1;3;2;4;5;5;10;9;12;3;52;11;64;11;40;11;88;11;16;19;52;23;72;23;32;35;88;35;16;41;52;1;1;0;1;7;3;1;1;1;6;5;3;0;1122944768;1122944768;1122944768;1122944768;;255;255;0;0;0;0;2;13;3;15;5;11;7;14;20;10;19;22;12;1;18;17;6;9;21;8;26;16;4;23;24;25;27;28;29;30;31;3;11;11;11;11;11;14;13;2;10;0;0;0;0;
328;0;1;1;3;2;4;5;5;10;9;12;3;52;11;64;11;40;13;88;13;16;21;52;25;72;25;32;37;84;37;20;41;52;0;1;1;3;2;4;5;5;10;9;12;3;52;13;64;13;40;15;88;15;16;21;52;27;72;27;32;41;84;41;20;43;52;0;1;1;3;2;4;5;5;10;9;12;3;52;11;64;11;40;11;88;11;16;17;52;23;72;23;32;35;84;35;20;41;52;1;0;0;0;5;3;1;0;0;3;5;3;0;0;0;0;0;;0;0;0;0;0;0;1;1;3;2;4;5;5;10;9;12;3;52;11;64;11;40;11;88;11;16;17;52;23;72;23;32;35;84;35;20;41;52;0;1;1;3;2;4;5;5;10;9;12;3;52;11;64;11;40;11;88;11;16;17;52;23;72;23;32;35;84;35;20;41;52;0;1;1;3;2;4;5;5;10;9;12;3;52;11;64;11;40;11;88;11;16;17;52;23;72;23;32;35;84;35;20;41;52;1;0;0;0;5;3;1;0;0;5;5;3;0;0;0;0;0;;0;0;0;0;0;0;1;1;3;2;4;5;5;10;9;12;3;52;11;64;11;40;13;88;13;16;21;52;25;72;25;32;37;84;37;20;41;52;0;1;1;3;2;4;5;5;10;9;12;3;52;13;64;13;40;15;88;15;16;21;52;27;72;27;32;41;84;41;20;43;52;0;1;1;3;2;4;5;5;10;9;12;3;52;11;64;11;40;11;88;11;16;17;52;23;72;23;32;35;84;35;20;41;52;1;0;0;0;5;3;1;0;0;3;5;3;0;0;0;0;0;;0;0;0;0;0;0;1;2;3;4;5;6;7;8;9;10;11;12;13;14;15;16;17;18;19;20;21;22;23;24;25;26;27;28;29;30;31;4;7;7;7;7;10;5;255;255;255;0;0;0;0;
331;0;1;1;1;4;4;7;6;8;12;12;3;52;11;52;11;72;11;32;19;64;19;40;25;84;25;20;33;52;43;64;43;40;0;1;1;1;4;4;7;6;8;12;12;3;52;11;52;11;72;11;32;19;64;19;40;25;84;25;20;33;52;43;64;43;40;0;1;1;1;4;4;7;6;8;12;12;3;52;11;52;11;72;11;32;19;64;19;40;25;84;25;20;33;52;43;64;43;40;0;0;0;1;6;3;0;1;1;7;7;1;0;0;0;0;0;;0;0;0;0;0;0;1;1;1;4;4;7;6;8;12;12;3;52;11;52;11;72;11;32;19;64;19;40;25;84;25;20;33;52;43;64;43;40;0;1;1;1;4;4;7;6;8;12;12;3;52;11;52;11;72;11;32;19;64;19;40;25;84;25;20;33;52;43;64;43;40;0;1;1;1;4;4;7;6;8;12;12;3;52;11;52;11;72;11;32;19;64;19;40;25;84;25;20;33;52;43;64;43;40;1;1;0;0;3;1;1;0;0;4;4;3;0;0;0;0;0;;0;0;0;0;0;0;1;1;1;4;4;7;6;8;12;12;3;52;11;52;11;72;11;32;19;64;19;40;25;84;25;20;33;52;43;64;43;40;0;1;1;1;4;4;7;6;8;12;12;3;52;11;52;11;72;11;32;19;64;19;40;25;84;25;20;33;52;43;64;43;40;0;1;1;1;4;4;7;6;8;12;12;3;52;11;52;11;72;11;32;19;64;19;40;25;84;25;20;33;52;43;64;43;40;0;0;0;1;6;3;0;1;1;7;7;1;0;0;0;0;0;;0;0;0;0;0;0;1;2;3;4;5;6;7;8;9;10;11;12;13;14;15;16;17;18;19;20;21;22;23;24;25;26;27;28;29;30;31;6;10;4;4;4;8;8;255;255;255;0;0;0;0;
333;0;1;1;3;2;4;5;5;10;9;12;3;52;11;64;11;40;13;88;13;16;21;52;25;72;25;32;37;84;37;20;43;52;0;1;1;3;2;4;5;5;10;9;12;3;52;11;64;11;40;15;88;15;16;23;52;27;72;27;32;39;84;39;20;43;52;0;1;1;3;2;4;5;5;10;9;12;3;52;11;64;11;40;11;88;11;16;19;52;23;72;23;32;35;84;35;20;41;52;1;1;1;1;0;0;1;0;1;0;0;0;52;0;0;-1086542511354;-1;;0;0;11;64;11;40;11;88;11;16;19;52;23;72;23;32;35;84;35;20;41;52;0;1;1;3;2;4;5;5;10;9;12;3;52;11;64;11;40;11;88;11;16;19;52;23;72;23;32;35;84;35;20;41;52;0;1;1;3;2;4;5;5;10;9;12;3;52;11;64;11;40;11;88;11;16;19;52;23;72;23;32;35;84;35;20;41;52;1;0;1;0;1;0;1;0;0;0;0;0;0;0;0;0;0;0;0;0;52;11;0;0;0;64;11;40;84;-1086492245756;-1;216455356602122240;219560420472849410;;0;0;37;20;43;52;0;1;1;3;2;4;5;5;10;9;12;3;52;11;64;11;40;15;88;15;16;23;52;27;72;27;32;39;84;39;20;43;52;0;1;1;3;2;4;5;5;10;9;12;3;52;11;64;11;40;11;88;11;16;19;52;23;72;23;32;35;84;35;20;41;52;1;1;1;1;1;0;1;0;0;0;0;0;0;0;0;0;0;0;0;0;0;0;0;0;0;6;3;5;5;3;255;255;255;255;255;255;28;29;255;255;255;30;31;5;0;216736831578832896;795458214266537220;1374179596971150604;1952900979675763988;;255;255;0;0;0;0;0;0;0;0;0;0;0;0;0;0;0;0;0;0;0;0;0;0;0;0;0;0;0;0;0;0;0;0;0;0;0;0;0;0;0;0;0;0;0;0;0;0;0;0;0;
336;0;1;1;3;2;4;5;5;10;9;12;3;52;11;64;11;40;13;88;13;16;21;52;25;72;25;32;37;88;37;16;43;52;0;1;1;3;2;4;5;5;10;9;12;3;52;11;64;11;40;15;88;15;16;23;52;27;72;27;32;39;88;39;16;43;52;0;1;1;3;2;4;5;5;10;9;12;3;52;11;64;11;40;11;88;11;16;19;52;23;72;23;32;35;88;35;16;41;52;1;1;0;1;0;0;0;1;0;0;0;0;52;0;0;-1095132314874;-1;;0;0;11;64;11;40;11;88;11;16;19;52;23;72;23;32;35;88;35;16;41;52;0;1;1;3;2;4;5;5;10;9;12;3;52;11;64;11;40;11;88;11;16;19;52;23;72;23;32;35;88;35;16;41;52;0;1;1;3;2;4;5;5;10;9;12;3;52;11;64;11;40;11;88;11;16;19;52;23;72;23;32;35;88;35;16;41;52;0;0;1;0;1;1;0;0;0;0;0;0;0;0;0;0;0;0;0;0;52;11;0;0;0;64;11;40;88;-1086525799931;-1;216455356602122240;219560420472849410;;0;0;37;16;43;52;0;1;1;3;2;4;5;5;10;9;12;3;52;11;64;11;40;15;88;15;16;23;52;27;72;27;32;39;88;39;16;43;52;0;1;1;3;2;4;5;5;10;9;12;3;52;11;64;11;40;11;88;11;16;19;52;23;72;23;32;35;88;35;16;41;52;1;1;0;1;0;1;0;0;0;0;0;0;0;0;0;0;0;0;0;0;0;0;0;0;0;6;3;7;5;1;255;255;255;255;255;255;28;29;255;255;255;30;31;6;0;216736831578832896;795458214266537220;1374179596971150604;1952900979675763988;;255;255;0;0;0;0;0;0;0;0;0;0;0;0;0;0;0;0;0;0;0;0;0;0;0;0;0;0;0;0;0;0;0;0;0;0;0;0;0;0;0;0;0;0;0;0;0;0;0;0;0;
344;0;1;1;3;2;5;5;5;10;9;12;3;52;11;64;11;40;13;88;13;16;25;52;25;72;25;32;39;84;39;20;43;52;0;1;1;3;2;5;5;5;10;9;12;3;52;11;64;11;40;13;88;13;16;25;52;25;72;25;32;39;84;39;20;43;52;0;1;1;3;2;5;5;5;10;9;12;3;52;11;64;11;40;13;88;13;16;25;52;25;72;25;32;39;84;39;20;43;52;0;0;0;0;6;3;1;1;0;6;6;3;0;0;0;0;0;;0;0;0;0;0;0;1;1;3;2;5;5;5;10;9;12;3;52;11;64;11;40;13;88;13;16;25;52;25;72;25;32;39;84;39;20;43;52;0;1;1;3;2;5;5;5;10;9;12;3;52;11;64;11;40;13;88;13;16;25;52;25;72;25;32;39;84;39;20;43;52;0;1;1;3;2;5;5;5;10;9;12;3;52;11;64;11;40;13;88;13;16;25;52;25;72;25;32;39;84;39;20;43;52;0;0;0;0;6;3;1;1;0;6;6;3;0;0;0;0;0;;0;0;0;0;0;0;1;1;3;2;5;5;5;10;9;12;3;52;11;64;11;40;13;88;13;16;25;52;25;72;25;32;39;84;39;20;43;52;0;1;1;3;2;5;5;5;10;9;12;3;52;11;64;11;40;13;88;13;16;25;52;25;72;25;32;39;84;39;20;43;52;0;1;1;3;2;5;5;5;10;9;12;3;52;11;64;11;40;13;88;13;16;25;52;25;72;25;32;39;84;39;20;43;52;0;0;0;0;6;3;1;1;0;6;6;3;0;0;0;0;0;;0;0;0;0;0;0;1;2;3;4;5;6;7;8;9;10;11;12;13;14;15;16;17;18;19;20;21;22;23;24;25;26;27;28;29;30;31;7;6;6;9;6;6;7;255;255;255;0;0;0;0;
349;0;1;1;3;2;5;5;5;10;9;12;3;52;11;64;11;40;13;88;13;16;25;52;25;72;25;32;39;84;39;20;43;52;0;1;1;3;2;5;5;5;10;9;12;3;52;11;64;11;40;13;88;13;16;25;52;25;72;25;32;39;84;39;20;43;52;0;1;1;3;2;5;5;5;10;9;12;3;52;11;64;11;40;13;88;13;16;25;52;25;72;25;32;39;84;39;20;43;52;0;1;1;1;6;3;1;1;1;6;5;3;0;0;0;0;0;;0;0;0;0;0;0;1;1;3;2;5;5;5;10;9;12;3;52;11;64;11;40;13;88;13;16;25;52;25;72;25;32;39;84;39;20;43;52;0;1;1;3;2;5;5;5;10;9;12;3;52;11;64;11;40;13;88;13;16;25;52;25;72;25;32;39;84;39;20;43;52;0;1;1;3;2;5;5;5;10;9;12;3;52;11;64;11;40;13;88;13;16;25;52;25;72;25;32;39;84;39;20;43;52;0;1;0;1;6;3;1;1;1;6;5;3;0;0;0;0;0;;0;0;0;0;0;0;1;1;3;2;5;5;5;10;9;12;3;52;11;64;11;40;13;88;13;16;25;52;25;72;25;32;39;84;39;20;43;52;0;1;1;3;2;5;5;5;10;9;12;3;52;11;64;11;40;13;88;13;16;25;52;25;72;25;32;39;84;39;20;43;52;0;1;1;3;2;5;5;5;10;9;12;3;52;11;64;11;40;13;88;13;16;25;52;25;72;25;32;39;84;39;20;43;52;0;1;1;1;6;3;1;1;1;6;5;3;0;0;0;0;0;;0;0;0;0;0;0;1;2;3;4;5;6;7;8;9;10;11;12;13;14;15;16;17;18;19;20;21;22;23;24;25;26;27;28;29;30;31;0;8;8;8;8;8;6;255;255;255;0;0;0;0;
351;0;1;1;3;2;5;5;5;10;9;12;3;52;11;64;11;40;13;88;13;16;25;52;25;72;25;32;39;84;39;20;43;52;0;1;1;3;2;5;5;5;10;9;12;3;52;11;64;11;40;13;88;13;16;25;52;25;72;25;32;39;84;39;20;43;52;0;1;1;3;2;5;5;5;10;9;12;3;52;11;64;11;40;13;88;13;16;25;52;25;72;25;32;39;84;39;20;43;52;0;0;0;0;1;2;0;0;0;1;1;2;0;0;0;0;0;;0;0;0;0;0;0;1;1;3;2;5;5;5;10;9;12;3;52;11;64;11;40;13;88;13;16;25;52;25;72;25;32;39;84;39;20;43;52;0;1;1;3;2;5;5;5;10;9;12;3;52;11;64;11;40;13;88;13;16;25;52;25;72;25;32;39;84;39;20;43;52;0;1;1;3;2;5;5;5;10;9;12;3;52;11;64;11;40;13;88;13;16;25;52;25;72;25;32;39;84;39;20;43;52;0;0;0;0;1;2;0;0;0;1;1;2;0;0;0;0;0;;0;0;0;0;0;0;1;1;3;2;5;5;5;10;9;12;3;52;11;64;11;40;13;88;13;16;25;52;25;72;25;32;39;84;39;20;43;52;0;1;1;3;2;5;5;5;10;9;12;3;52;11;64;11;40;13;88;13;16;25;52;25;72;25;32;39;84;39;20;43;52;0;1;1;3;2;5;5;5;10;9;12;3;52;11;64;11;40;13;88;13;16;25;52;25;72;25;32;39;84;39;20;43;52;0;0;0;0;1;2;0;0;0;1;1;2;0;0;0;0;0;;0;0;0;0;0;0;1;2;3;4;5;6;7;8;9;10;11;12;13;14;15;16;17;18;19;20;21;22;23;24;25;26;27;28;29;30;31;6;8;8;6;6;10;9;255;255;255;0;0;0;0;
355;0;1;1;3;2;5;5;5;10;9;12;3;52;11;64;11;40;13;88;13;16;25;52;25;72;25;32;39;84;39;20;43;52;0;1;1;3;2;5;5;5;10;9;12;3;52;11;64;11;40;13;88;13;16;25;52;25;72;25;32;39;84;39;20;43;52;0;1;1;3;2;5;5;5;10;9;12;3;52;11;64;11;40;13;88;13;16;25;52;25;72;25;32;39;84;39;20;43;52;0;0;0;0;1;2;0;0;0;1;1;2;0;0;0;0;0;;0;0;0;0;0;0;1;1;3;2;5;5;5;10;9;12;3;52;11;64;11;40;13;88;13;16;25;52;25;72;25;32;39;84;39;20;43;52;0;1;1;3;2;5;5;5;10;9;12;3;52;11;64;11;40;13;88;13;16;25;52;25;72;25;32;39;84;39;20;43;52;0;1;1;3;2;5;5;5;10;9;12;3;52;11;64;11;40;13;88;13;16;25;52;25;72;25;32;39;84;39;20;43;52;0;0;0;0;1;2;0;0;0;1;1;2;0;0;0;0;0;;0;0;0;0;0;0;1;1;3;2;5;5;5;10;9;12;3;52;11;64;11;40;13;88;13;16;25;52;25;72;25;32;39;84;39;20;43;52;0;1;1;3;2;5;5;5;10;9;12;3;52;11;64;11;40;13;88;13;16;25;52;25;72;25;32;39;84;39;20;43;52;0;1;1;3;2;5;5;5;10;9;12;3;52;11;64;11;40;13;88;13;16;25;52;25;72;25;32;39;84;39;20;43;52;0;0;0;0;1;2;0;0;0;1;1;2;0;0;0;0;0;;0;0;0;0;0;0;1;2;3;4;5;6;7;8;9;10;11;12;13;14;15;16;17;18;19;20;21;22;23;24;25;26;27;28;29;30;31;5;7;7;8;7;10;8;255;255;255;0;0;0;0;
357;0;1;1;3;2;4;4;7;6;8;12;3;52;11;64;11;40;13;88;13;16;19;64;19;40;31;88;31;16;31;52;43;52;0;1;1;3;2;4;4;7;6;8;12;3;52;11;64;11;40;13;88;13;16;19;64;19;40;31;88;31;16;31;52;43;52;0;1;1;3;2;4;4;7;6;8;12;3;52;11;64;11;40;13;88;13;16;19;64;19;40;31;88;31;16;31;52;43;52;0;1;0;0;6;3;1;0;1;4;3;3;0;0;0;0;0;;0;0;0;0;0;0;1;1;3;2;4;4;7;6;8;12;3;52;11;64;11;40;13;88;13;16;19;64;19;40;31;88;31;16;31;52;43;52;0;1;1;3;2;4;4;7;6;8;12;3;52;11;64;11;40;13;88;13;16;19;64;19;40;31;88;31;16;31;52;43;52;0;1;1;3;2;4;4;7;6;8;12;3;52;11;64;11;40;13;88;13;16;19;64;19;40;31;88;31;16;31;52;43;52;0;1;0;0;6;3;1;0;1;4;3;3;0;0;0;0;0;;0;0;0;0;0;0;1;1;3;2;4;4;7;6;8;12;3;52;11;64;11;40;13;88;13;16;19;64;19;40;31;88;31;16;31;52;43;52;0;1;1;3;2;4;4;7;6;8;12;3;52;11;64;11;40;13;88;13;16;19;64;19;40;31;88;31;16;31;52;43;52;0;1;1;3;2;4;4;7;6;8;12;3;52;11;64;11;40;13;88;13;16;19;64;19;40;31;88;31;16;31;52;43;52;0;1;0;0;6;3;1;0;1;4;3;3;0;0;0;0;0;;0;0;0;0;0;0;1;2;3;4;5;6;7;8;9;10;11;12;13;14;15;16;17;18;19;20;21;22;23;24;25;26;27;28;29;30;31;4;8;9;8;7;10;6;255;255;255;0;0;0;0;
359;0;1;1;3;2;4;4;7;6;11;12;3;52;11;64;11;40;13;88;13;16;25;64;25;40;25;88;25;16;43;64;43;40;0;1;1;3;2;4;4;7;6;11;12;3;52;11;64;11;40;13;88;13;16;25;64;25;40;25;88;25;16;43;64;43;40;0;1;1;3;2;4;4;7;6;11;12;3;52;11;64;11;40;13;88;13;16;25;64;25;40;25;88;25;16;43;64;43;40;1;0;0;0;6;2;1;1;0;5;6;3;0;0;0;0;0;;0;0;0;0;0;0;1;1;3;2;4;4;7;6;11;12;3;52;11;64;11;40;13;88;13;16;25;64;25;40;25;88;25;16;43;64;43;40;0;1;1;3;2;4;4;7;6;11;12;3;52;11;64;11;40;13;88;13;16;25;64;25;40;25;88;25;16;43;64;43;40;0;1;1;3;2;4;4;7;6;11;12;3;52;11;64;11;40;13;88;13;16;25;64;25;40;25;88;25;16;43;64;43;40;0;0;0;0;9;1;1;1;1;3;5;3;0;0;0;0;0;;0;0;0;0;0;0;1;1;3;2;4;4;7;6;11;12;3;52;11;64;11;40;13;88;13;16;25;64;25;40;25;88;25;16;43;64;43;40;0;1;1;3;2;4;4;7;6;11;12;3;52;11;64;11;40;13;88;13;16;25;64;25;40;25;88;25;16;43;64;43;40;0;1;1;3;2;4;4;7;6;11;12;3;52;11;64;11;40;13;88;13;16;25;64;25;40;25;88;25;16;43;64;43;40;1;0;0;0;6;2;1;1;0;5;6;3;0;0;0;0;0;;0;0;0;0;0;0;1;2;3;4;5;6;7;8;9;10;11;12;13;14;15;16;17;18;19;20;21;22;23;24;25;26;27;28;29;30;31;6;6;6;6;6;10;1;255;255;255;0;0;0;0;
362;0;1;1;1;3;2;4;5;5;12;12;3;52;11;52;11;72;11;32;15;88;15;16;21;52;27;68;27;36;43;64;43;40;0;1;1;3;2;5;5;7;6;12;12;3;52;11;64;11;40;13;88;13;16;21;64;21;40;31;84;31;20;43;64;43;40;0;1;1;3;2;5;5;7;6;12;12;3;52;11;64;11;40;13;88;13;16;21;64;21;40;31;84;31;20;43;64;43;40;0;0;1;0;4;1;1;0;0;4;4;3;0;1122944768;1122944768;1122944768;1122944768;;0;0;11;68;11;0;1;1;3;2;5;5;7;6;12;12;3;52;11;64;11;40;13;88;13;16;21;64;21;40;31;84;31;20;43;64;43;40;0;1;1;3;2;5;5;7;6;12;12;3;52;11;64;11;40;13;88;13;16;21;64;21;40;31;84;31;20;43;64;43;40;0;1;1;3;2;5;5;7;6;12;12;3;52;11;64;11;40;13;88;13;16;21;64;21;40;31;84;31;20;43;64;43;40;0;0;1;1;5;1;1;0;0;3;7;3;0;1122944768;1122944768;1122944768;1122944768;;0;0;33;52;43;0;1;1;3;2;5;5;7;6;12;12;3;52;11;64;11;40;13;88;13;16;21;64;21;40;31;84;31;20;43;64;43;40;0;1;1;3;2;5;5;7;6;12;12;3;52;11;64;11;40;13;88;13;16;21;64;21;40;31;84;31;20;43;64;43;40;0;1;1;3;2;5;5;7;6;12;12;3;52;11;64;11;40;13;88;13;16;21;64;21;40;31;84;31;20;43;64;43;40;0;0;1;0;4;1;1;0;0;4;4;3;0;1122944768;1122944768;1122944768;1122944768;;255;255;0;0;0;0;1;2;3;4;5;6;7;8;9;10;11;12;13;14;15;16;17;18;19;20;21;22;23;24;25;26;27;28;29;30;31;2;6;6;6;6;8;5;2;1;9;0;0;0;0;
363;0;1;1;3;2;4;4;7;6;8;12;3;52;11;64;11;40;13;88;13;16;19;64;19;40;31;88;31;16;31;52;43;52;0;1;1;3;2;4;4;7;6;8;12;3;52;11;64;11;40;13;88;13;16;19;64;19;40;31;88;31;16;31;52;43;52;0;1;1;3;2;4;4;7;6;8;12;3;52;11;64;11;40;13;88;13;16;19;64;19;40;31;88;31;16;31;52;43;52;0;1;0;1;5;2;0;1;0;5;5;2;0;0;0;0;0;;0;0;0;0;0;0;1;1;3;2;4;4;7;6;8;12;3;52;11;64;11;40;13;88;13;16;19;64;19;40;31;88;31;16;31;52;43;52;0;1;1;3;2;4;4;7;6;8;12;3;52;11;64;11;40;13;88;13;16;19;64;19;40;31;88;31;16;31;52;43;52;0;1;1;3;2;4;4;7;6;8;12;3;52;11;64;11;40;13;88;13;16;19;64;19;40;31;88;31;16;31;52;43;52;0;0;0;0;7;1;1;1;1;5;4;2;0;0;0;0;0;;0;0;0;0;0;0;1;1;3;2;4;4;7;6;8;12;3;52;11;64;11;40;13;88;13;16;19;64;19;40;31;88;31;16;31;52;43;52;0;1;1;3;2;4;4;7;6;8;12;3;52;11;64;11;40;13;88;13;16;19;64;19;40;31;88;31;16;31;52;43;52;0;1;1;3;2;4;4;7;6;8;12;3;52;11;64;11;40;13;88;13;16;19;64;19;40;31;88;31;16;31;52;43;52;0;1;0;1;5;2;0;1;0;5;5;2;0;0;0;0;0;;0;0;0;0;0;0;1;2;3;4;5;6;7;8;9;10;11;12;13;14;15;16;17;18;19;20;21;22;23;24;25;26;27;28;29;30;31;4;7;7;7;7;10;8;255;255;255;0;0;0;0;
364;0;1;1;3;2;4;4;7;6;8;12;3;52;11;64;11;40;13;88;13;16;19;64;19;40;31;88;31;16;31;52;43;52;0;1;1;3;2;4;4;7;6;8;12;3;52;11;64;11;40;13;88;13;16;19;64;19;40;31;88;31;16;31;52;43;52;0;1;1;3;2;4;4;7;6;8;12;3;52;11;64;11;40;13;88;13;16;19;64;19;40;31;88;31;16;31;52;43;52;1;1;0;0;4;3;0;1;1;5;3;2;0;0;0;0;0;;0;0;0;0;0;0;1;1;3;2;4;4;7;6;8;12;3;52;11;64;11;40;13;88;13;16;19;64;19;40;31;88;31;16;31;52;43;52;0;1;1;3;2;4;4;7;6;8;12;3;52;11;64;11;40;13;88;13;16;19;64;19;40;31;88;31;16;31;52;43;52;0;1;1;3;2;4;4;7;6;8;12;3;52;11;64;11;40;13;88;13;16;19;64;19;40;31;88;31;16;31;52;43;52;1;0;0;1;4;3;0;1;1;4;6;3;0;0;0;0;0;;0;0;0;0;0;0;1;1;3;2;4;4;7;6;8;12;3;52;11;64;11;40;13;88;13;16;19;64;19;40;31;88;31;16;31;52;43;52;0;1;1;3;2;4;4;7;6;8;12;3;52;11;64;11;40;13;88;13;16;19;64;19;40;31;88;31;16;31;52;43;52;0;1;1;3;2;4;4;7;6;8;12;3;52;11;64;11;40;13;88;13;16;19;64;19;40;31;88;31;16;31;52;43;52;1;1;0;0;4;3;0;1;1;5;3;2;0;0;0;0;0;;0;0;0;0;0;0;1;2;3;4;5;6;7;8;9;10;11;12;13;14;15;16;17;18;19;20;21;22;23;24;25;26;27;28;29;30;31;9;9;9;9;9;9;5;255;255;255;0;0;0;0;
366;0;1;1;3;2;4;4;7;6;8;12;3;52;11;64;11;40;13;88;13;16;19;64;19;40;31;88;31;16;33;52;43;52;0;1;1;3;2;4;5;5;10;9;12;3;52;11;64;11;40;13;88;13;16;19;52;25;68;25;36;35;84;35;20;43;52;0;1;1;3;2;4;5;5;10;9;12;3;52;11;64;11;40;13;88;13;16;19;52;25;68;25;36;35;84;35;20;43;52;0;0;0;1;5;3;1;1;0;4;5;3;0;1122944768;1122944768;1122944768;1122944768;;0;0;11;64;11;0;1;1;3;2;4;5;5;10;9;12;3;52;11;64;11;40;13;88;13;16;19;52;25;68;25;36;35;84;35;20;43;52;0;1;1;3;2;4;5;5;10;9;12;3;52;11;64;11;40;13;88;13;16;19;52;25;68;25;36;35;84;35;20;43;52;0;1;1;3;2;4;5;5;10;9;12;3;52;11;64;11;40;13;88;13;16;19;52;25;68;25;36;35;84;35;20;43;52;0;0;0;1;4;1;0;0;0;4;4;3;0;1122944768;1122944768;1122944768;1122944768;;0;0;33;52;43;0;1;1;3;2;4;5;5;10;9;12;3;52;11;64;11;40;13;88;13;16;19;52;25;68;25;36;35;84;35;20;43;52;0;1;1;3;2;4;5;5;10;9;12;3;52;11;64;11;40;13;88;13;16;19;52;25;68;25;36;35;84;35;20;43;52;0;1;1;3;2;4;5;5;10;9;12;3;52;11;64;11;40;13;88;13;16;19;52;25;68;25;36;35;84;35;20;43;52;0;0;0;1;5;3;1;1;0;4;5;3;0;1122944768;1122944768;1122944768;1122944768;;255;255;0;0;0;0;1;2;3;4;5;6;7;8;9;10;11;12;13;14;15;16;17;18;19;20;21;22;23;24;25;26;27;28;29;30;31;6;9;9;6;9;10;6;2;1;10;0;0;0;0;
368;0;1;1;3;2;4;4;7;6;8;12;3;52;11;64;11;40;13;88;13;16;19;64;19;40;31;88;31;16;31;52;43;52;0;1;1;3;2;4;4;7;6;8;12;3;52;11;64;11;40;13;88;13;16;19;64;19;40;31;88;31;16;31;52;43;52;0;1;1;3;2;4;4;7;6;8;12;3;52;11;64;11;40;13;88;13;16;19;64;19;40;31;88;31;16;31;52;43;52;0;0;1;0;6;1;1;0;0;7;7;3;0;0;0;0;0;;0;0;0;0;0;0;1;1;3;2;4;4;7;6;8;12;3;52;11;64;11;40;13;88;13;16;19;64;19;40;31;88;31;16;31;52;43;52;0;1;1;3;2;4;4;7;6;8;12;3;52;11;64;11;40;13;88;13;16;19;64;19;40;31;88;31;16;31;52;43;52;0;1;1;3;2;4;4;7;6;8;12;3;52;11;64;11;40;13;88;13;16;19;64;19;40;31;88;31;16;31;52;43;52;0;0;1;0;6;1;1;0;0;7;7;3;0;0;0;0;0;;0;0;0;0;0;0;1;1;3;2;4;4;7;6;8;12;3;52;11;64;11;40;13;88;13;16;19;64;19;40;31;88;31;16;31;52;43;52;0;1;1;3;2;4;4;7;6;8;12;3;52;11;64;11;40;13;88;13;16;19;64;19;40;31;88;31;16;31;52;43;52;0;1;1;3;2;4;4;7;6;8;12;3;52;11;64;11;40;13;88;13;16;19;64;19;40;31;88;31;16;31;52;43;52;0;0;1;0;6;1;1;0;0;7;7;3;0;0;0;0;0;;0;0;0;0;0;0;1;2;3;4;5;6;7;8;9;10;11;12;13;14;15;16;17;18;19;20;21;22;23;24;25;26;27;28;29;30;31;6;6;6;6;6;10;8;255;255;255;0;0;0;0;
370;0;1;1;3;2;4;4;7;6;8;12;3;52;11;64;11;40;13;88;13;16;19;64;19;40;31;88;31;16;33;52;43;52;0;1;1;3;2;4;7;6;8;12;12;3;52;11;64;11;40;13;88;13;16;19;52;27;84;27;20;33;52;43;64;43;40;0;1;1;3;2;4;7;6;8;12;12;3;52;11;64;11;40;13;88;13;16;19;52;27;84;27;20;33;52;43;64;43;40;1;0;0;0;5;3;0;0;0;5;4;3;0;1122944768;1122944768;1122944768;1122944768;;0;0;9;64;9;0;1;1;3;2;4;7;6;8;12;12;3;52;11;64;11;40;13;88;13;16;19;52;27;84;27;20;33;52;43;64;43;40;0;1;1;3;2;4;7;6;8;12;12;3;52;11;64;11;40;13;88;13;16;19;52;27;84;27;20;33;52;43;64;43;40;0;1;1;3;2;4;7;6;8;12;12;3;52;11;64;11;40;13;88;13;16;19;52;27;84;27;20;33;52;43;64;43;40;1;0;0;0;5;2;0;0;1;6;5;3;0;1122944768;1122944768;1122944768;1122944768;;0;0;31;16;41;0;1;1;3;2;4;7;6;8;12;12;3;52;11;64;11;40;13;88;13;16;19;52;27;84;27;20;33;52;43;64;43;40;0;1;1;3;2;4;7;6;8;12;12;3;52;11;64;11;40;13;88;13;16;19;52;27;84;27;20;33;52;43;64;43;40;0;1;1;3;2;4;7;6;8;12;12;3;52;11;64;11;40;13;88;13;16;19;52;27;84;27;20;33;52;43;64;43;40;1;0;0;0;5;3;0;0;0;5;4;3;0;1122944768;1122944768;1122944768;1122944768;;255;255;0;0;0;0;1;2;3;4;5;6;7;8;9;10;11;12;13;14;15;16;17;18;19;20;21;22;23;24;25;26;27;28;29;30;31;9;1;1;9;9;9;9;2;1;5;0;0;0;0;
377;0;1;1;3;2;4;5;5;7;6;12;3;52;11;64;11;40;13;88;13;16;21;52;27;68;27;36;30;92;30;12;43;52;0;1;1;3;2;5;5;7;6;8;12;3;52;11;64;11;40;13;88;13;16;23;64;23;40;23;84;23;20;33;52;43;52;0;1;1;3;2;5;5;7;6;8;12;3;52;11;64;11;40;13;88;13;16;23;64;23;40;23;84;23;20;33;52;43;52;1;1;0;0;6;3;0;1;1;5;5;3;0;1122944768;1122944768;1122944768;1122944768;;0;0;11;64;11;0;1;1;3;2;5;5;7;6;8;12;3;52;11;64;11;40;13;88;13;16;23;64;23;40;23;84;23;20;33;52;43;52;0;1;1;3;2;5;5;7;6;8;12;3;52;11;64;11;40;13;88;13;16;23;64;23;40;23;84;23;20;33;52;43;52;0;1;1;3;2;5;5;7;6;8;12;3;52;11;64;11;40;13;88;13;16;23;64;23;40;23;84;23;20;33;52;43;52;0;1;0;1;4;3;1;1;1;6;6;3;0;1122944768;1122944768;1122944768;1122944768;;0;0;33;52;43;0;1;1;3;2;5;5;7;6;8;12;3;52;11;64;11;40;13;88;13;16;23;64;23;40;23;84;23;20;33;52;43;52;0;1;1;3;2;5;5;7;6;8;12;3;52;11;64;11;40;13;88;13;16;23;64;23;40;23;84;23;20;33;52;43;52;0;1;1;3;2;5;5;7;6;8;12;3;52;11;64;11;40;13;88;13;16;23;64;23;40;23;84;23;20;33;52;43;52;1;1;0;0;6;3;0;1;1;5;5;3;0;1122944768;1122944768;1122944768;1122944768;;255;255;0;0;0;0;1;2;3;4;5;6;7;8;9;10;11;12;13;14;15;16;17;18;19;20;21;22;23;24;25;26;27;28;29;30;31;2;6;6;6;6;10;10;2;1;10;0;0;0;0;
378;0;1;1;1;3;2;4;4;10;9;12;3;52;11;52;11;72;11;32;15;88;15;16;25;64;25;40;41;84;41;20;43;52;0;1;1;3;2;5;5;7;6;12;12;3;52;11;64;11;40;13;92;13;12;25;64;25;40;27;92;27;12;43;64;43;40;0;1;1;3;2;5;5;7;6;12;12;3;52;11;64;11;40;13;92;13;12;25;64;25;40;27;92;27;12;43;64;43;40;0;1;0;1;6;3;0;1;0;5;5;3;0;1122944768;1122944768;1122944768;1122944768;;0;0;11;64;11;0;1;1;3;2;5;5;7;6;12;12;3;52;11;64;11;40;13;92;13;12;25;64;25;40;27;92;27;12;43;64;43;40;0;1;1;3;2;5;5;7;6;12;12;3;52;11;64;11;40;13;92;13;12;25;64;25;40;27;92;27;12;43;64;43;40;0;1;1;3;2;5;5;7;6;12;12;3;52;11;64;11;40;13;92;13;12;25;64;25;40;27;92;27;12;43;64;43;40;0;1;0;0;5;3;1;1;1;6;6;3;0;1122944768;1122944768;1122944768;1122944768;;0;0;33;52;43;0;1;1;3;2;5;5;7;6;12;12;3;52;11;64;11;40;13;92;13;12;25;64;25;40;27;92;27;12;43;64;43;40;0;1;1;3;2;5;5;7;6;12;12;3;52;11;64;11;40;13;92;13;12;25;64;25;40;27;92;27;12;43;64;43;40;0;1;1;3;2;5;5;7;6;12;12;3;52;11;64;11;40;13;92;13;12;25;64;25;40;27;92;27;12;43;64;43;40;0;1;0;1;6;3;0;1;0;5;5;3;0;1122944768;1122944768;1122944768;1122944768;;255;255;0;0;0;0;1;2;3;4;5;6;7;8;9;10;11;12;13;14;15;16;17;18;19;20;21;22;23;24;25;26;27;28;29;30;31;4;8;4;9;5;10;5;2;1;6;0;0;0;0;
379;0;1;1;3;2;5;5;5;10;9;12;3;52;11;64;11;40;13;88;13;16;25;52;25;72;25;32;39;84;39;20;43;52;0;1;1;3;2;5;5;5;10;9;12;3;52;11;64;11;40;13;88;13;16;25;52;25;72;25;32;39;84;39;20;43;52;0;1;1;3;2;5;5;5;10;9;12;3;52;11;64;11;40;13;88;13;16;25;52;25;72;25;32;39;84;39;20;43;52;0;1;0;0;3;3;0;0;0;5;6;2;0;0;0;0;0;;0;0;0;0;0;0;1;1;3;2;5;5;5;10;9;12;3;52;11;64;11;40;13;88;13;16;25;52;25;72;25;32;39;84;39;20;43;52;0;1;1;3;2;5;5;5;10;9;12;3;52;11;64;11;40;13;88;13;16;25;52;25;72;25;32;39;84;39;20;43;52;0;1;1;3;2;5;5;5;10;9;12;3;52;11;64;11;40;13;88;13;16;25;52;25;72;25;32;39;84;39;20;43;52;1;0;1;0;2;1;1;0;1;2;4;3;0;0;0;0;0;;0;0;0;0;0;0;1;1;3;2;5;5;5;10;9;12;3;52;11;64;11;40;13;88;13;16;25;52;25;72;25;32;39;84;39;20;43;52;0;1;1;3;2;5;5;5;10;9;12;3;52;11;64;11;40;13;88;13;16;25;52;25;72;25;32;39;84;39;20;43;52;0;1;1;3;2;5;5;5;10;9;12;3;52;11;64;11;40;13;88;13;16;25;52;25;72;25;32;39;84;39;20;43;52;0;1;0;0;3;3;0;0;0;5;6;2;0;0;0;0;0;;0;0;0;0;0;0;1;2;3;4;5;6;7;8;9;10;11;12;13;14;15;16;17;18;19;20;21;22;23;24;25;26;27;28;29;30;31;1;9;9;9;7;9;8;255;255;255;0;0;0;0;
382;0;1;1;1;3;2;4;4;7;6;12;3;52;11;52;11;72;11;32;15;88;15;16;25;64;25;40;34;84;34;20;43;52;0;1;1;3;2;4;4;7;6;12;12;3;52;11;64;11;40;13;88;13;16;21;64;21;40;31;84;31;20;43;64;43;40;0;1;1;3;2;4;4;7;6;12;12;3;52;11;64;11;40;13;88;13;16;21;64;21;40;27;84;27;20;43;64;43;40;0;1;0;0;6;3;1;1;1;4;6;3;0;1122944768;1122944768;1122944768;1122944768;;0;0;11;64;11;0;1;1;3;2;4;4;7;6;12;12;3;52;11;64;11;40;13;88;13;16;21;64;21;40;27;84;27;20;43;64;43;40;0;1;1;3;2;4;4;7;6;12;12;3;52;11;64;11;40;13;88;13;16;21;64;21;40;27;84;27;20;43;64;43;40;0;1;1;3;2;4;4;7;6;12;12;3;52;11;64;11;40;13;88;13;16;21;64;21;40;27;84;27;20;43;64;43;40;0;1;0;0;6;3;1;1;1;4;6;3;0;1122944768;1122944768;1122944768;1122944768;;0;0;43;64;43;0;1;1;3;2;4;4;7;6;12;12;3;52;11;64;11;40;13;88;13;16;21;64;21;40;27;84;27;20;43;64;43;40;0;1;1;3;2;4;4;7;6;12;12;3;52;11;64;11;40;13;88;13;16;21;64;21;40;31;84;31;20;43;64;43;40;0;1;1;3;2;4;4;7;6;12;12;3;52;11;64;11;40;13;88;13;16;21;64;21;40;27;84;27;20;43;64;43;40;0;1;0;0;6;3;1;1;1;4;6;3;0;1122944768;1122944768;1122944768;1122944768;;255;255;0;0;0;0;1;2;3;4;5;6;7;8;9;10;11;12;13;14;15;16;17;18;19;20;21;22;23;24;25;26;27;28;29;30;31;0;9;9;9;6;8;8;1;3;10;0;0;0;0;
383;0;1;1;3;2;4;4;7;6;8;12;3;52;11;64;11;40;13;88;13;16;19;64;19;40;31;88;31;16;31;52;43;52;0;1;1;3;2;4;4;10;9;11;12;3;52;11;64;11;40;13;88;13;16;23;64;23;40;37;84;37;20;35;52;45;52;0;1;1;3;2;4;4;7;6;8;12;3;52;11;64;11;40;13;88;13;16;19;64;19;40;27;84;27;20;29;52;43;52;1;1;0;0;3;3;1;1;0;5;7;3;0;0;0;0;0;;0;0;0;0;0;0;1;1;3;2;4;4;7;6;8;12;3;52;11;64;11;40;13;88;13;16;19;64;19;40;27;84;27;20;29;52;43;52;0;1;1;3;2;4;4;7;6;8;12;3;52;11;64;11;40;13;88;13;16;19;64;19;40;27;84;27;20;29;52;43;52;0;1;1;3;2;4;4;7;6;8;12;3;52;11;64;11;40;13;88;13;16;19;64;19;40;27;84;27;20;29;52;43;52;0;1;0;0;3;3;1;1;0;5;7;3;0;0;0;0;0;;0;0;0;0;0;0;1;1;3;2;4;4;7;6;8;12;3;52;11;64;11;40;13;88;13;16;19;64;19;40;31;88;31;16;31;52;43;52;0;1;1;3;2;4;4;10;9;11;12;3;52;11;64;11;40;13;88;13;16;23;64;23;40;37;84;37;20;35;52;45;52;0;1;1;3;2;4;4;7;6;8;12;3;52;11;64;11;40;13;88;13;16;19;64;19;40;27;84;27;20;29;52;43;52;1;1;0;0;3;3;1;1;0;5;7;3;0;0;0;0;0;;0;0;0;0;0;0;1;2;3;4;5;6;7;8;9;10;11;12;13;14;15;16;17;18;19;20;21;22;23;24;25;26;27;28;29;30;31;1;5;5;8;8;9;8;255;255;255;0;0;0;0;
386;0;1;1;3;2;4;4;7;6;8;12;3;52;11;64;11;40;13;88;13;16;19;64;19;40;31;88;31;16;31;52;43;52;0;1;1;3;2;4;4;7;6;8;12;3;52;11;64;11;40;13;88;13;16;19;64;19;40;31;88;31;16;31;52;43;52;0;1;1;3;2;4;4;7;6;8;12;3;52;11;64;11;40;13;88;13;16;19;64;19;40;31;88;31;16;31;52;43;52;1;0;1;0;6;1;1;1;0;2;4;3;0;0;0;0;0;;0;0;0;0;0;0;1;1;3;2;4;4;7;6;8;12;3;52;11;64;11;40;13;88;13;16;19;64;19;40;31;88;31;16;31;52;43;52;0;1;1;3;2;4;4;7;6;8;12;3;52;11;64;11;40;13;88;13;16;19;64;19;40;31;88;31;16;31;52;43;52;0;1;1;3;2;4;4;7;6;8;12;3;52;11;64;11;40;13;88;13;16;19;64;19;40;31;88;31;16;31;52;43;52;0;0;0;0;7;2;1;0;0;4;5;2;0;0;0;0;0;;0;0;0;0;0;0;1;1;3;2;4;4;7;6;8;12;3;52;11;64;11;40;13;88;13;16;19;64;19;40;31;88;31;16;31;52;43;52;0;1;1;3;2;4;4;7;6;8;12;3;52;11;64;11;40;13;88;13;16;19;64;19;40;31;88;31;16;31;52;43;52;0;1;1;3;2;4;4;7;6;8;12;3;52;11;64;11;40;13;88;13;16;19;64;19;40;31;88;31;16;31;52;43;52;1;0;1;0;6;1;1;1;0;2;4;3;0;0;0;0;0;;0;0;0;0;0;0;1;2;3;4;5;6;7;8;9;10;11;12;13;14;15;16;17;18;19;20;21;22;23;24;25;26;27;28;29;30;31;2;9;9;9;9;9;8;255;255;255;0;0;0;0;
387;0;1;1;3;2;5;5;7;6;12;12;3;52;11;64;11;40;13;88;13;16;25;64;25;40;25;88;25;16;43;64;43;40;0;1;1;3;2;5;5;7;6;12;12;3;52;11;64;11;40;13;88;13;16;25;64;25;40;25;88;25;16;43;64;43;40;0;1;1;3;2;5;5;7;6;12;12;3;52;11;64;11;40;13;88;13;16;25;64;25;40;25;88;25;16;43;64;43;40;0;0;0;0;5;3;0;0;0;6;2;1;0;0;0;0;0;;0;0;0;0;0;0;1;1;3;2;5;5;7;6;12;12;3;52;11;64;11;40;13;88;13;16;25;64;25;40;25;88;25;16;43;64;43;40;0;1;1;3;2;5;5;7;6;12;12;3;52;11;64;11;40;13;88;13;16;25;64;25;40;25;88;25;16;43;64;43;40;0;1;1;3;2;5;5;7;6;12;12;3;52;11;64;11;40;13;88;13;16;25;64;25;40;25;88;25;16;43;64;43;40;1;1;1;1;2;3;0;0;0;6;6;1;0;0;0;0;0;;0;0;0;0;0;0;1;1;3;2;5;5;7;6;12;12;3;52;11;64;11;40;13;88;13;16;25;64;25;40;25;88;25;16;43;64;43;40;0;1;1;3;2;5;5;7;6;12;12;3;52;11;64;11;40;13;88;13;16;25;64;25;40;25;88;25;16;43;64;43;40;0;1;1;3;2;5;5;7;6;12;12;3;52;11;64;11;40;13;88;13;16;25;64;25;40;25;88;25;16;43;64;43;40;0;0;0;0;5;3;0;0;0;6;2;1;0;0;0;0;0;;0;0;0;0;0;0;1;2;3;4;5;6;7;8;9;10;11;12;13;14;15;16;17;18;19;20;21;22;23;24;25;26;27;28;29;30;31;10;8;8;8;8;9;7;255;255;255;0;0;0;0;
388;0;1;1;1;4;4;7;6;8;12;12;3;52;11;52;11;72;11;32;19;64;19;40;25;84;25;20;33;52;43;64;43;40;0;1;1;1;4;4;7;6;8;12;12;3;52;11;52;11;72;11;32;25;64;25;40;29;84;29;20;33;52;43;68;43;36;0;1;1;1;4;4;7;6;8;12;12;3;52;11;52;11;72;11;32;21;64;21;40;23;84;23;20;29;52;41;68;41;36;0;1;0;1;6;3;0;1;0;6;5;3;0;0;0;0;0;;0;0;0;0;0;0;1;1;1;4;4;7;6;8;12;12;3;52;11;52;11;72;11;32;21;64;21;40;23;84;23;20;29;52;41;68;41;36;0;1;1;1;4;4;7;6;8;12;12;3;52;11;52;11;72;11;32;21;64;21;40;23;84;23;20;29;52;41;68;41;36;0;1;1;1;4;4;7;6;8;12;12;3;52;11;52;11;72;11;32;21;64;21;40;23;84;23;20;29;52;41;68;41;36;0;1;0;1;5;3;0;1;1;5;6;3;0;0;0;0;0;;0;0;0;0;0;0;1;1;1;4;4;7;6;8;12;12;3;52;11;52;11;72;11;32;19;64;19;40;25;84;25;20;33;52;43;64;43;40;0;1;1;1;4;4;7;6;8;12;12;3;52;11;52;11;72;11;32;25;64;25;40;29;84;29;20;33;52;43;68;43;36;0;1;1;1;4;4;7;6;8;12;12;3;52;11;52;11;72;11;32;21;64;21;40;23;84;23;20;29;52;41;68;41;36;0;1;0;1;6;3;0;1;0;6;5;3;0;0;0;0;0;;0;0;0;0;0;0;1;2;3;4;5;6;7;8;9;10;11;12;13;14;15;16;17;18;19;20;21;22;23;24;25;26;27;28;29;30;31;4;8;8;8;8;8;5;255;255;255;0;0;0;0;
389;0;1;1;3;2;4;4;7;6;8;12;3;52;11;64;11;40;13;88;13;16;19;64;19;40;31;88;31;16;33;52;43;52;0;1;1;3;2;4;4;7;6;8;12;3;52;11;64;11;40;13;88;13;16;19;64;19;40;31;88;31;16;31;52;43;52;0;1;1;3;2;4;4;7;6;8;12;3;52;11;64;11;40;13;88;13;16;19;64;19;40;31;88;31;16;31;52;43;52;0;1;0;0;5;1;1;1;0;5;3;3;0;1122944768;1122944768;1122944768;1122944768;;0;0;11;64;11;0;1;1;3;2;4;4;7;6;8;12;3;52;11;64;11;40;13;88;13;16;19;64;19;40;31;88;31;16;31;52;43;52;0;1;1;3;2;4;4;7;6;8;12;3;52;11;64;11;40;13;88;13;16;19;64;19;40;31;88;31;16;31;52;43;52;0;1;1;3;2;4;4;7;6;8;12;3;52;11;64;11;40;13;88;13;16;19;64;19;40;31;88;31;16;31;52;43;52;0;1;0;0;5;1;1;1;0;6;6;3;0;1122944768;1122944768;1122944768;1122944768;;0;0;39;20;43;0;1;1;3;2;4;4;7;6;8;12;3;52;11;64;11;40;13;88;13;16;19;64;19;40;31;88;31;16;31;52;43;52;0;1;1;3;2;4;4;7;6;8;12;3;52;11;64;11;40;13;88;13;16;19;64;19;40;31;88;31;16;31;52;43;52;0;1;1;3;2;4;4;7;6;8;12;3;52;11;64;11;40;13;88;13;16;19;64;19;40;31;88;31;16;31;52;43;52;0;1;0;0;5;1;1;1;0;5;3;3;0;1122944768;1122944768;1122944768;1122944768;;255;255;0;0;0;0;1;2;3;4;5;6;7;8;9;10;11;12;13;14;15;16;17;18;19;20;21;22;23;24;25;26;27;28;29;30;31;9;6;6;6;6;9;9;2;1;10;0;0;0;0;
391;0;1;1;3;2;4;4;7;6;8;12;3;52;11;64;11;40;13;88;13;16;19;64;19;40;31;88;31;16;31;52;43;52;0;1;1;3;2;4;4;7;6;8;12;3;52;11;64;11;40;13;88;13;16;19;64;19;40;31;88;31;16;31;52;43;52;0;1;1;3;2;4;4;7;6;8;12;3;52;11;64;11;40;13;88;13;16;19;64;19;40;31;88;31;16;31;52;43;52;1;1;0;1;6;3;0;1;1;5;5;3;0;0;0;0;0;;0;0;0;0;0;0;1;1;3;2;4;4;7;6;8;12;3;52;11;64;11;40;13;88;13;16;19;64;19;40;31;88;31;16;31;52;43;52;0;1;1;3;2;4;4;7;6;8;12;3;52;11;64;11;40;13;88;13;16;19;64;19;40;31;88;31;16;31;52;43;52;0;1;1;3;2;4;4;7;6;8;12;3;52;11;64;11;40;13;88;13;16;19;64;19;40;31;88;31;16;31;52;43;52;0;0;1;1;5;3;1;1;1;6;6;3;0;0;0;0;0;;0;0;0;0;0;0;1;1;3;2;4;4;7;6;8;12;3;52;11;64;11;40;13;88;13;16;19;64;19;40;31;88;31;16;31;52;43;52;0;1;1;3;2;4;4;7;6;8;12;3;52;11;64;11;40;13;88;13;16;19;64;19;40;31;88;31;16;31;52;43;52;0;1;1;3;2;4;4;7;6;8;12;3;52;11;64;11;40;13;88;13;16;19;64;19;40;31;88;31;16;31;52;43;52;1;1;0;1;6;3;0;1;1;5;5;3;0;0;0;0;0;;0;0;0;0;0;0;1;2;3;4;5;6;7;8;9;10;11;12;13;14;15;16;17;18;19;20;21;22;23;24;25;26;27;28;29;30;31;3;8;4;4;4;10;7;255;255;255;0;0;0;0;
394;0;1;1;1;3;2;5;5;7;6;12;3;52;11;52;11;72;11;32;15;88;15;16;23;64;23;40;29;84;29;20;41;52;0;1;1;1;3;2;5;5;7;6;12;3;52;11;52;11;72;11;32;15;88;15;16;23;64;23;40;29;84;29;20;41;52;0;1;1;1;3;2;5;5;7;6;12;3;52;11;52;11;72;11;32;15;88;15;16;23;64;23;40;29;84;29;20;41;52;0;1;0;1;6;3;1;1;1;5;5;3;0;0;0;0;0;;0;0;0;0;0;0;1;1;1;3;2;5;5;7;6;12;3;52;11;52;11;72;11;32;15;88;15;16;23;64;23;40;29;84;29;20;41;52;0;1;1;1;3;2;5;5;7;6;12;3;52;11;52;11;72;11;32;15;88;15;16;23;64;23;40;29;84;29;20;41;52;0;1;1;1;3;2;5;5;7;6;12;3;52;11;52;11;72;11;32;15;88;15;16;23;64;23;40;29;84;29;20;41;52;0;0;1;1;5;3;1;1;1;5;6;3;0;0;0;0;0;;0;0;0;0;0;0;1;1;1;3;2;5;5;7;6;12;3;52;11;52;11;72;11;32;15;88;15;16;23;64;23;40;29;84;29;20;41;52;0;1;1;1;3;2;5;5;7;6;12;3;52;11;52;11;72;11;32;15;88;15;16;23;64;23;40;29;84;29;20;41;52;0;1;1;1;3;2;5;5;7;6;12;3;52;11;52;11;72;11;32;15;88;15;16;23;64;23;40;29;84;29;20;41;52;0;1;0;1;6;3;1;1;1;5;5;3;0;0;0;0;0;;0;0;0;0;0;0;1;2;3;4;5;6;7;8;9;10;11;12;13;14;15;16;17;18;19;20;21;22;23;24;25;26;27;28;29;30;31;7;7;7;8;8;10;8;255;255;255;0;0;0;0;
395;0;1;1;3;2;5;5;5;10;9;12;3;52;11;64;11;40;13;88;13;16;25;52;25;72;25;32;39;84;39;20;43;52;0;1;1;3;2;5;5;5;10;9;12;3;52;11;64;11;40;13;88;13;16;25;52;25;72;25;32;39;84;39;20;43;52;0;1;1;3;2;5;5;5;10;9;12;3;52;11;64;11;40;13;88;13;16;25;52;25;72;25;32;39;84;39;20;43;52;0;0;1;1;5;3;1;0;0;7;8;3;0;0;0;0;0;;0;0;0;0;0;0;1;1;3;2;5;5;5;10;9;12;3;52;11;64;11;40;13;88;13;16;25;52;25;72;25;32;39;84;39;20;43;52;0;1;1;3;2;5;5;5;10;9;12;3;52;11;64;11;40;13;88;13;16;25;52;25;72;25;32;39;84;39;20;43;52;0;1;1;3;2;5;5;5;10;9;12;3;52;11;64;11;40;13;88;13;16;25;52;25;72;25;32;39;84;39;20;43;52;0;0;1;0;5;3;0;0;0;6;7;3;0;0;0;0;0;;0;0;0;0;0;0;1;1;3;2;5;5;5;10;9;12;3;52;11;64;11;40;13;88;13;16;25;52;25;72;25;32;39;84;39;20;43;52;0;1;1;3;2;5;5;5;10;9;12;3;52;11;64;11;40;13;88;13;16;25;52;25;72;25;32;39;84;39;20;43;52;0;1;1;3;2;5;5;5;10;9;12;3;52;11;64;11;40;13;88;13;16;25;52;25;72;25;32;39;84;39;20;43;52;0;0;1;1;5;3;1;0;0;7;8;3;0;0;0;0;0;;0;0;0;0;0;0;1;2;3;4;5;6;7;8;9;10;11;12;13;14;15;16;17;18;19;20;21;22;23;24;25;26;27;28;29;30;31;1;8;8;8;8;8;10;255;255;255;0;0;0;0;
396;0;1;1;3;2;4;4;7;6;8;12;3;52;11;64;11;40;13;88;13;16;19;64;19;40;31;88;31;16;33;52;43;52;0;1;1;1;3;2;4;5;5;12;12;3;52;11;52;11;72;11;32;15;88;15;16;21;52;27;68;27;36;43;64;43;40;0;1;1;1;3;2;4;5;5;12;12;3;52;11;52;11;72;11;32;15;88;15;16;21;52;27;68;27;36;43;64;43;40;0;1;0;1;5;3;0;1;0;6;6;3;0;1122944768;1122944768;1122944768;1122944768;;0;0;11;64;11;0;1;1;1;3;2;4;5;5;12;12;3;52;11;52;11;72;11;32;15;88;15;16;21;52;27;68;27;36;43;64;43;40;0;1;1;1;3;2;4;5;5;12;12;3;52;11;52;11;72;11;32;15;88;15;16;21;52;27;68;27;36;43;64;43;40;0;1;1;1;3;2;4;5;5;12;12;3;52;11;52;11;72;11;32;15;88;15;16;21;52;27;68;27;36;43;64;43;40;0;1;0;0;4;3;1;1;0;5;6;3;0;1122944768;1122944768;1122944768;1122944768;;0;0;35;20;43;0;1;1;1;3;2;4;5;5;12;12;3;52;11;52;11;72;11;32;15;88;15;16;21;52;27;68;27;36;43;64;43;40;0;1;1;1;3;2;4;5;5;12;12;3;52;11;52;11;72;11;32;15;88;15;16;21;52;27;68;27;36;43;64;43;40;0;1;1;1;3;2;4;5;5;12;12;3;52;11;52;11;72;11;32;15;88;15;16;21;52;27;68;27;36;43;64;43;40;0;1;0;1;5;3;0;1;0;6;6;3;0;1122944768;1122944768;1122944768;1122944768;;255;255;0;0;0;0;1;2;3;4;5;6;7;8;9;10;11;12;13;14;15;16;17;18;19;20;21;22;23;24;25;26;27;28;29;30;31;5;5;5;5;5;9;9;2;1;3;0;0;0;0;
398;0;1;1;1;5;5;7;6;10;9;12;3;52;11;52;11;72;11;32;21;64;21;40;25;88;25;16;39;84;39;20;43;52;0;1;1;1;5;5;7;6;10;9;12;3;52;11;52;11;72;11;32;21;64;21;40;25;88;25;16;39;84;39;20;43;52;0;1;1;1;5;5;7;6;10;9;12;3;52;11;52;11;72;11;32;21;64;21;40;25;88;25;16;39;84;39;20;43;52;1;1;0;0;6;3;0;1;1;6;6;3;0;0;0;0;0;;0;0;0;0;0;0;1;1;1;5;5;7;6;10;9;12;3;52;11;52;11;72;11;32;21;64;21;40;25;88;25;16;39;84;39;20;43;52;0;1;1;1;5;5;7;6;10;9;12;3;52;11;52;11;72;11;32;21;64;21;40;25;88;25;16;39;84;39;20;43;52;0;1;1;1;5;5;7;6;10;9;12;3;52;11;52;11;72;11;32;21;64;21;40;25;88;25;16;39;84;39;20;43;52;0;1;0;1;4;3;1;1;0;5;5;3;0;0;0;0;0;;0;0;0;0;0;0;1;1;1;5;5;7;6;10;9;12;3;52;11;52;11;72;11;32;21;64;21;40;25;88;25;16;39;84;39;20;43;52;0;1;1;1;5;5;7;6;10;9;12;3;52;11;52;11;72;11;32;21;64;21;40;25;88;25;16;39;84;39;20;43;52;0;1;1;1;5;5;7;6;10;9;12;3;52;11;52;11;72;11;32;21;64;21;40;25;88;25;16;39;84;39;20;43;52;1;1;0;0;6;3;0;1;1;6;6;3;0;0;0;0;0;;0;0;0;0;0;0;1;2;3;4;5;6;7;8;9;10;11;12;13;14;15;16;17;18;19;20;21;22;23;24;25;26;27;28;29;30;31;10;8;4;8;8;10;3;255;255;255;0;0;0;0;
399;0;1;1;3;2;5;5;7;6;12;12;3;52;11;64;11;40;13;88;13;16;25;64;25;40;25;88;25;16;43;64;43;40;0;1;1;3;2;5;5;7;6;12;12;3;52;11;64;11;40;13;88;13;16;25;64;25;40;25;88;25;16;43;64;43;40;0;1;1;3;2;5;5;7;6;12;12;3;52;11;64;11;40;13;88;13;16;25;64;25;40;25;88;25;16;43;64;43;40;0;1;0;0;7;3;1;0;1;6;7;3;0;0;0;0;0;;0;0;0;0;0;0;1;1;3;2;5;5;7;6;12;12;3;52;11;64;11;40;13;88;13;16;25;64;25;40;25;88;25;16;43;64;43;40;0;1;1;3;2;5;5;7;6;12;12;3;52;11;64;11;40;13;88;13;16;25;64;25;40;25;88;25;16;43;64;43;40;0;1;1;3;2;5;5;7;6;12;12;3;52;11;64;11;40;13;88;13;16;25;64;25;40;25;88;25;16;43;64;43;40;0;0;0;0;8;1;1;1;1;8;9;3;0;0;0;0;0;;0;0;0;0;0;0;1;1;3;2;5;5;7;6;12;12;3;52;11;64;11;40;13;88;13;16;25;64;25;40;25;88;25;16;43;64;43;40;0;1;1;3;2;5;5;7;6;12;12;3;52;11;64;11;40;13;88;13;16;25;64;25;40;25;88;25;16;43;64;43;40;0;1;1;3;2;5;5;7;6;12;12;3;52;11;64;11;40;13;88;13;16;25;64;25;40;25;88;25;16;43;64;43;40;0;1;0;0;7;3;1;0;1;6;7;3;0;0;0;0;0;;0;0;0;0;0;0;1;2;3;4;5;6;7;8;9;10;11;12;13;14;15;16;17;18;19;20;21;22;23;24;25;26;27;28;29;30;31;1;8;8;8;8;9;5;255;255;255;0;0;0;0;
403;0;1;1;3;2;4;5;5;7;6;12;3;52;11;64;11;40;13;88;13;16;19;52;25;68;25;36;33;84;33;20;43;52;0;1;1;3;2;4;5;5;7;6;12;3;52;11;64;11;40;13;88;13;16;19;52;25;68;25;36;33;84;33;20;43;52;0;1;1;3;2;4;5;5;7;6;12;3;52;11;64;11;40;13;88;13;16;19;52;25;68;25;36;33;84;33;20;43;52;0;1;1;1;2;3;0;0;1;2;3;3;0;0;0;0;0;;0;0;0;0;0;0;1;1;3;2;4;5;5;7;6;12;3;52;11;64;11;40;13;88;13;16;19;52;25;68;25;36;33;84;33;20;43;52;0;1;1;3;2;4;5;5;7;6;12;3;52;11;64;11;40;13;88;13;16;19;52;25;68;25;36;33;84;33;20;43;52;0;1;1;3;2;4;5;5;7;6;12;3;52;11;64;11;40;13;88;13;16;19;52;25;68;25;36;33;84;33;20;43;52;0;1;1;0;4;3;1;0;1;4;3;1;0;0;0;0;0;;0;0;0;0;0;0;1;1;3;2;4;5;5;7;6;12;3;52;11;64;11;40;13;88;13;16;19;52;25;68;25;36;33;84;33;20;43;52;0;1;1;3;2;4;5;5;7;6;12;3;52;11;64;11;40;13;88;13;16;19;52;25;68;25;36;33;84;33;20;43;52;0;1;1;3;2;4;5;5;7;6;12;3;52;11;64;11;40;13;88;13;16;19;52;25;68;25;36;33;84;33;20;43;52;0;1;1;1;2;3;0;0;1;2;3;3;0;0;0;0;0;;0;0;0;0;0;0;1;2;3;4;5;6;7;8;9;10;11;12;13;14;15;16;17;18;19;20;21;22;23;24;25;26;27;28;29;30;31;1;7;7;7;7;10;4;255;255;255;0;0;0;0;
405;0;1;1;1;4;5;5;7;6;12;12;3;52;11;52;11;72;11;32;21;52;27;68;27;36;27;88;27;16;43;64;43;40;0;1;1;1;4;5;5;7;6;12;12;3;52;11;52;11;72;11;32;21;52;27;68;27;36;27;88;27;16;43;64;43;40;0;1;1;1;4;5;5;7;6;12;12;3;52;11;52;11;72;11;32;21;52;27;68;27;36;27;88;27;16;43;64;43;40;0;0;0;0;8;2;1;1;1;5;5;3;0;0;0;0;0;;0;0;0;0;0;0;1;1;1;4;5;5;7;6;12;12;3;52;11;52;11;72;11;32;21;52;27;68;27;36;27;88;27;16;43;64;43;40;0;1;1;1;4;5;5;7;6;12;12;3;52;11;52;11;72;11;32;21;52;27;68;27;36;27;88;27;16;43;64;43;40;0;1;1;1;4;5;5;7;6;12;12;3;52;11;52;11;72;11;32;21;52;27;68;27;36;27;88;27;16;43;64;43;40;0;0;0;0;8;2;1;1;1;5;5;3;0;0;0;0;0;;0;0;0;0;0;0;1;1;1;4;5;5;7;6;12;12;3;52;11;52;11;72;11;32;21;52;27;68;27;36;27;88;27;16;43;64;43;40;0;1;1;1;4;5;5;7;6;12;12;3;52;11;52;11;72;11;32;21;52;27;68;27;36;27;88;27;16;43;64;43;40;0;1;1;1;4;5;5;7;6;12;12;3;52;11;52;11;72;11;32;21;52;27;68;27;36;27;88;27;16;43;64;43;40;0;0;0;0;8;2;1;1;1;5;5;3;0;0;0;0;0;;0;0;0;0;0;0;1;2;3;4;5;6;7;8;9;10;11;12;13;14;15;16;17;18;19;20;21;22;23;24;25;26;27;28;29;30;31;5;5;5;8;7;10;10;255;255;255;0;0;0;0;
406;0;1;1;1;5;5;7;6;10;9;12;3;52;11;52;11;72;11;32;21;64;21;40;25;88;25;16;39;84;39;20;43;52;0;1;1;1;5;5;7;6;10;9;12;3;52;11;52;11;72;11;32;21;64;21;40;25;88;25;16;39;84;39;20;43;52;0;1;1;1;5;5;7;6;10;9;12;3;52;11;52;11;72;11;32;21;64;21;40;25;88;25;16;39;84;39;20;43;52;1;1;0;1;4;1;0;0;1;4;3;3;0;0;0;0;0;;0;0;0;0;0;0;1;1;1;5;5;7;6;10;9;12;3;52;11;52;11;72;11;32;21;64;21;40;25;88;25;16;39;84;39;20;43;52;0;1;1;1;5;5;7;6;10;9;12;3;52;11;52;11;72;11;32;21;64;21;40;25;88;25;16;39;84;39;20;43;52;0;1;1;1;5;5;7;6;10;9;12;3;52;11;52;11;72;11;32;21;64;21;40;25;88;25;16;39;84;39;20;43;52;1;0;1;1;5;2;0;0;1;3;3;2;0;0;0;0;0;;0;0;0;0;0;0;1;1;1;5;5;7;6;10;9;12;3;52;11;52;11;72;11;32;21;64;21;40;25;88;25;16;39;84;39;20;43;52;0;1;1;1;5;5;7;6;10;9;12;3;52;11;52;11;72;11;32;21;64;21;40;25;88;25;16;39;84;39;20;43;52;0;1;1;1;5;5;7;6;10;9;12;3;52;11;52;11;72;11;32;21;64;21;40;25;88;25;16;39;84;39;20;43;52;1;1;0;1;4;1;0;0;1;4;3;3;0;0;0;0;0;;0;0;0;0;0;0;1;2;3;4;5;6;7;8;9;10;11;12;13;14;15;16;17;18;19;20;21;22;23;24;25;26;27;28;29;30;31;3;10;8;8;8;10;5;255;255;255;0;0;0;0;
407;0;1;1;3;2;4;4;8;8;8;12;3;52;11;64;11;40;13;88;13;16;19;64;19;40;31;52;31;80;31;24;43;52;0;1;1;3;2;4;4;8;8;8;12;3;52;11;64;11;40;13;88;13;16;19;64;19;40;31;52;31;80;31;24;43;52;0;1;1;3;2;4;4;8;8;8;12;3;52;11;64;11;40;13;88;13;16;19;64;19;40;31;52;31;80;31;24;43;52;0;0;0;0;5;2;0;1;0;5;6;2;0;0;0;0;0;;0;0;0;0;0;0;1;1;3;2;4;4;8;8;8;12;3;52;11;64;11;40;13;88;13;16;19;64;19;40;31;52;31;80;31;24;43;52;0;1;1;3;2;4;4;8;8;8;12;3;52;11;64;11;40;13;88;13;16;19;64;19;40;31;52;31;80;31;24;43;52;0;1;1;3;2;4;4;8;8;8;12;3;52;11;64;11;40;13;88;13;16;19;64;19;40;31;52;31;80;31;24;43;52;0;0;0;0;4;2;1;1;1;5;6;2;0;0;0;0;0;;0;0;0;0;0;0;1;1;3;2;4;4;8;8;8;12;3;52;11;64;11;40;13;88;13;16;19;64;19;40;31;52;31;80;31;24;43;52;0;1;1;3;2;4;4;8;8;8;12;3;52;11;64;11;40;13;88;13;16;19;64;19;40;31;52;31;80;31;24;43;52;0;1;1;3;2;4;4;8;8;8;12;3;52;11;64;11;40;13;88;13;16;19;64;19;40;31;52;31;80;31;24;43;52;0;0;0;0;5;2;0;1;0;5;6;2;0;0;0;0;0;;0;0;0;0;0;0;1;2;3;4;5;6;7;8;9;10;11;12;13;14;15;16;17;18;19;20;21;22;23;24;25;26;27;28;29;30;31;2;7;10;10;10;7;6;255;255;255;0;0;0;0;
413;0;1;1;3;2;4;4;7;6;8;12;3;52;11;64;11;40;13;88;13;16;19;64;19;40;31;88;31;16;31;52;43;52;0;1;1;3;2;4;4;7;6;8;12;3;52;11;64;11;40;13;88;13;16;19;64;19;40;31;88;31;16;31;52;43;52;0;1;1;3;2;4;4;7;6;8;12;3;52;11;64;11;40;13;88;13;16;19;64;19;40;31;88;31;16;31;52;43;52;1;1;1;1;4;2;1;1;0;3;4;2;0;0;0;0;0;;0;0;0;0;0;0;1;1;3;2;4;4;7;6;8;12;3;52;11;64;11;40;13;88;13;16;19;64;19;40;31;88;31;16;31;52;43;52;0;1;1;3;2;4;4;7;6;8;12;3;52;11;64;11;40;13;88;13;16;19;64;19;40;31;88;31;16;31;52;43;52;0;1;1;3;2;4;4;7;6;8;12;3;52;11;64;11;40;13;88;13;16;19;64;19;40;31;88;31;16;31;52;43;52;1;1;0;1;4;2;1;1;0;4;3;2;0;0;0;0;0;;0;0;0;0;0;0;1;1;3;2;4;4;7;6;8;12;3;52;11;64;11;40;13;88;13;16;19;64;19;40;31;88;31;16;31;52;43;52;0;1;1;3;2;4;4;7;6;8;12;3;52;11;64;11;40;13;88;13;16;19;64;19;40;31;88;31;16;31;52;43;52;0;1;1;3;2;4;4;7;6;8;12;3;52;11;64;11;40;13;88;13;16;19;64;19;40;31;88;31;16;31;52;43;52;1;1;1;1;4;2;1;1;0;3;4;2;0;0;0;0;0;;0;0;0;0;0;0;1;2;3;4;5;6;7;8;9;10;11;12;13;14;15;16;17;18;19;20;21;22;23;24;25;26;27;28;29;30;31;9;7;7;7;7;10;9;255;255;255;0;0;0;0;
414;0;1;1;3;2;4;4;7;6;8;12;3;52;11;64;11;40;13;88;13;16;19;64;19;40;31;88;31;16;31;52;43;52;0;1;1;3;2;4;4;7;6;8;12;3;52;11;64;11;40;13;88;13;16;19;64;19;40;31;88;31;16;31;52;43;52;0;1;1;3;2;4;4;7;6;8;12;3;52;11;64;11;40;13;88;13;16;19;64;19;40;31;88;31;16;31;52;43;52;1;1;0;0;7;2;0;1;1;5;5;2;0;0;0;0;0;;0;0;0;0;0;0;1;1;3;2;4;4;7;6;8;12;3;52;11;64;11;40;13;88;13;16;19;64;19;40;31;88;31;16;31;52;43;52;0;1;1;3;2;4;4;7;6;8;12;3;52;11;64;11;40;13;88;13;16;19;64;19;40;31;88;31;16;31;52;43;52;0;1;1;3;2;4;4;7;6;8;12;3;52;11;64;11;40;13;88;13;16;19;64;19;40;31;88;31;16;31;52;43;52;1;1;0;0;7;2;0;1;1;5;5;2;0;0;0;0;0;;0;0;0;0;0;0;1;1;3;2;4;4;7;6;8;12;3;52;11;64;11;40;13;88;13;16;19;64;19;40;31;88;31;16;31;52;43;52;0;1;1;3;2;4;4;7;6;8;12;3;52;11;64;11;40;13;88;13;16;19;64;19;40;31;88;31;16;31;52;43;52;0;1;1;3;2;4;4;7;6;8;12;3;52;11;64;11;40;13;88;13;16;19;64;19;40;31;88;31;16;31;52;43;52;1;1;0;0;7;2;0;1;1;5;5;2;0;0;0;0;0;;0;0;0;0;0;0;1;2;3;4;5;6;7;8;9;10;11;12;13;14;15;16;17;18;19;20;21;22;23;24;25;26;27;28;29;30;31;9;10;9;9;10;10;6;255;255;255;0;0;0;0;
415;0;1;1;1;4;4;7;6;8;12;12;3;52;11;52;11;72;11;32;19;64;19;40;25;84;25;20;33;52;43;64;43;40;0;1;1;1;4;4;7;6;8;12;12;3;52;11;52;11;72;11;32;19;64;19;40;25;84;25;20;33;52;43;64;43;40;0;1;1;1;4;4;7;6;8;12;12;3;52;11;52;11;72;11;32;19;64;19;40;25;84;25;20;33;52;43;64;43;40;1;1;1;1;5;1;0;0;1;4;3;3;0;5;6;12;0;;0;0;0;0;0;0;1;1;1;4;4;7;6;8;12;12;3;52;11;52;11;72;11;32;19;64;19;40;25;84;25;20;33;52;43;64;43;40;0;1;1;1;4;4;7;6;8;12;12;3;52;11;52;11;72;11;32;19;64;19;40;25;84;25;20;33;52;43;64;43;40;0;1;1;1;4;4;7;6;8;12;12;3;52;11;52;11;72;11;32;19;64;19;40;25;84;25;20;33;52;43;64;43;40;1;1;0;1;5;1;0;1;0;5;3;3;0;0;0;0;0;;0;0;0;0;0;0;1;1;1;4;4;7;6;8;12;12;3;52;11;52;11;72;11;32;19;64;19;40;25;84;25;20;33;52;43;64;43;40;0;1;1;1;4;4;7;6;8;12;12;3;52;11;52;11;72;11;32;19;64;19;40;25;84;25;20;33;52;43;64;43;40;0;1;1;1;4;4;7;6;8;12;12;3;52;11;52;11;72;11;32;19;64;19;40;25;84;25;20;33;52;43;64;43;40;1;1;1;1;5;1;0;0;1;4;3;3;0;0;0;0;0;;0;0;0;0;0;0;1;2;3;4;5;6;7;8;9;10;11;12;13;14;15;16;17;18;19;20;21;22;23;24;25;26;27;28;29;30;31;7;10;8;8;9;10;6;255;255;255;0;0;0;0;
416;0;1;1;3;2;4;8;8;10;9;12;3;52;11;64;11;40;11;88;11;16;19;52;33;68;33;36;43;84;43;20;43;52;0;1;1;3;2;4;8;8;10;9;12;3;52;11;64;11;40;11;88;11;16;19;52;33;68;33;36;43;84;43;20;43;52;0;1;1;3;2;4;8;8;10;9;12;3;52;11;64;11;40;11;88;11;16;19;52;33;68;33;36;43;84;43;20;43;52;0;1;0;1;7;3;0;1;0;4;5;3;0;3;0;0;0;;0;0;0;0;0;0;1;1;3;2;4;8;8;10;9;12;3;52;11;64;11;40;11;88;11;16;19;52;33;68;33;36;43;84;43;20;43;52;0;1;1;3;2;4;8;8;10;9;12;3;52;11;64;11;40;11;88;11;16;19;52;33;68;33;36;43;84;43;20;43;52;0;1;1;3;2;4;8;8;10;9;12;3;52;11;64;11;40;11;88;11;16;19;52;33;68;33;36;43;84;43;20;43;52;0;0;0;1;7;3;0;1;0;4;5;3;0;0;0;0;0;;0;0;0;0;0;0;1;1;3;2;4;8;8;10;9;12;3;52;11;64;11;40;11;88;11;16;19;52;33;68;33;36;43;84;43;20;43;52;0;1;1;3;2;4;8;8;10;9;12;3;52;11;64;11;40;11;88;11;16;19;52;33;68;33;36;43;84;43;20;43;52;0;1;1;3;2;4;8;8;10;9;12;3;52;11;64;11;40;11;88;11;16;19;52;33;68;33;36;43;84;43;20;43;52;0;1;0;1;7;3;0;1;0;4;5;3;0;0;0;0;0;;0;0;0;0;0;0;1;2;3;4;5;6;7;8;9;10;11;12;13;14;15;16;17;18;19;20;21;22;23;24;25;26;27;28;29;30;31;6;10;6;6;7;10;7;255;255;255;0;0;0;0;
418;0;1;1;3;2;5;5;7;6;12;12;3;52;11;64;11;40;13;88;13;16;25;64;25;40;25;88;25;16;43;64;43;40;0;1;1;3;2;5;5;7;6;12;12;3;52;11;64;11;40;13;88;13;16;25;64;25;40;25;88;25;16;43;64;43;40;0;1;1;3;2;5;5;7;6;12;12;3;52;11;64;11;40;13;88;13;16;25;64;25;40;25;88;25;16;43;64;43;40;1;0;1;0;4;3;1;1;0;3;3;3;0;0;0;0;0;;0;0;0;0;0;0;1;1;3;2;5;5;7;6;12;12;3;52;11;64;11;40;13;88;13;16;25;64;25;40;25;88;25;16;43;64;43;40;0;1;1;3;2;5;5;7;6;12;12;3;52;11;64;11;40;13;88;13;16;25;64;25;40;25;88;25;16;43;64;43;40;0;1;1;3;2;5;5;7;6;12;12;3;52;11;64;11;40;13;88;13;16;25;64;25;40;25;88;25;16;43;64;43;40;1;0;0;0;3;3;0;1;1;5;4;3;0;0;0;0;0;;0;0;0;0;0;0;1;1;3;2;5;5;7;6;12;12;3;52;11;64;11;40;13;88;13;16;25;64;25;40;25;88;25;16;43;64;43;40;0;1;1;3;2;5;5;7;6;12;12;3;52;11;64;11;40;13;88;13;16;25;64;25;40;25;88;25;16;43;64;43;40;0;1;1;3;2;5;5;7;6;12;12;3;52;11;64;11;40;13;88;13;16;25;64;25;40;25;88;25;16;43;64;43;40;1;0;1;0;4;3;1;1;0;3;3;3;0;0;0;0;0;;0;0;0;0;0;0;1;2;3;4;5;6;7;8;9;10;11;12;13;14;15;16;17;18;19;20;21;22;23;24;25;26;27;28;29;30;31;2;9;9;10;9;10;2;255;255;255;0;0;0;0;
420;0;1;1;3;2;4;4;7;6;8;12;3;52;11;64;11;40;13;88;13;16;19;64;19;40;31;88;31;16;29;52;43;52;0;1;1;3;2;4;4;7;6;8;12;3;52;11;64;11;40;15;88;15;16;21;64;21;40;33;84;33;20;31;52;43;52;0;1;1;3;2;4;4;7;6;8;12;3;52;11;64;11;40;13;88;13;16;19;64;19;40;27;92;27;12;29;52;41;52;0;0;1;0;4;3;1;0;1;6;5;3;0;0;0;0;0;;0;0;0;0;0;0;1;1;3;2;4;4;7;6;8;12;3;52;11;64;11;40;13;88;13;16;19;64;19;40;27;92;27;12;29;52;41;52;0;1;1;3;2;4;4;7;6;8;12;3;52;11;64;11;40;13;88;13;16;19;64;19;40;27;92;27;12;29;52;41;52;0;1;1;3;2;4;4;7;6;8;12;3;52;11;64;11;40;13;88;13;16;19;64;19;40;27;92;27;12;29;52;41;52;0;0;1;0;4;3;1;0;1;6;5;3;0;0;0;0;0;;0;0;0;0;0;0;1;1;3;2;4;4;7;6;8;12;3;52;11;64;11;40;13;88;13;16;19;64;19;40;31;88;31;16;29;52;43;52;0;1;1;3;2;4;4;7;6;8;12;3;52;11;64;11;40;15;88;15;16;21;64;21;40;33;84;33;20;31;52;43;52;0;1;1;3;2;4;4;7;6;8;12;3;52;11;64;11;40;13;88;13;16;19;64;19;40;27;92;27;12;29;52;41;52;0;0;1;0;4;3;1;0;1;6;5;3;0;0;0;0;0;;0;0;0;0;0;0;1;2;3;4;5;6;7;8;9;10;11;12;13;14;15;16;17;18;19;20;21;22;23;24;25;26;27;28;29;30;31;9;8;8;8;8;10;9;255;255;255;0;0;0;0;
1010;0;1;1;3;2;5;5;7;6;12;12;3;52;11;64;11;40;13;92;13;12;23;64;23;40;27;92;27;12;43;64;43;40;0;1;1;3;2;5;5;7;6;12;12;3;52;13;64;13;40;15;92;15;12;25;64;25;40;29;92;29;12;45;64;45;40;0;1;1;3;2;5;5;7;6;12;12;3;52;9;64;9;40;9;88;9;16;21;64;21;40;21;88;21;16;41;64;41;40;0;1;1;0;6;1;1;1;1;6;4;3;0;0;0;0;0;;0;0;0;0;0;0;1;1;3;2;5;5;7;6;12;12;3;52;9;64;9;40;9;88;9;16;21;64;21;40;21;88;21;16;41;64;41;40;0;1;1;3;2;5;5;7;6;12;12;3;52;9;64;9;40;9;88;9;16;21;64;21;40;21;88;21;16;41;64;41;40;0;1;1;3;2;5;5;7;6;12;12;3;52;9;64;9;40;9;88;9;16;21;64;21;40;21;88;21;16;41;64;41;40;0;1;1;0;6;1;1;1;1;6;4;3;0;0;0;0;0;;0;0;0;0;0;0;1;1;3;2;5;5;7;6;12;12;3;52;11;64;11;40;13;92;13;12;23;64;23;40;27;92;27;12;43;64;43;40;0;1;1;3;2;5;5;7;6;12;12;3;52;13;64;13;40;15;92;15;12;25;64;25;40;29;92;29;12;45;64;45;40;0;1;1;3;2;5;5;7;6;12;12;3;52;9;64;9;40;9;88;9;16;21;64;21;40;21;88;21;16;41;64;41;40;0;1;1;0;6;1;1;1;1;6;4;3;0;0;0;0;0;;0;0;0;0;0;0;1;2;3;4;5;6;7;8;9;10;11;12;13;14;15;16;17;18;19;20;21;22;23;24;25;26;27;28;29;30;31;0;10;7;7;8;10;4;255;255;255;0;0;0;0;
1011;0;1;1;3;2;5;5;7;6;12;12;3;52;11;64;11;40;13;92;13;12;23;64;23;40;29;92;29;12;43;64;43;40;0;1;1;3;2;5;5;7;6;12;12;3;52;13;64;13;40;15;92;15;12;25;64;25;40;31;92;31;12;45;64;45;40;0;1;1;3;2;5;5;7;6;12;12;3;52;9;64;9;40;9;88;9;16;21;64;21;40;21;88;21;16;41;64;41;40;0;0;1;0;5;2;0;1;1;8;2;2;0;0;0;0;0;;0;0;0;0;0;0;1;1;3;2;5;5;7;6;12;12;3;52;9;64;9;40;9;88;9;16;21;64;21;40;21;88;21;16;41;64;41;40;0;1;1;3;2;5;5;7;6;12;12;3;52;9;64;9;40;9;88;9;16;21;64;21;40;21;88;21;16;41;64;41;40;0;1;1;3;2;5;5;7;6;12;12;3;52;9;64;9;40;9;88;9;16;21;64;21;40;21;88;21;16;41;64;41;40;0;0;1;0;5;1;0;1;1;8;2;3;0;0;0;0;0;;0;0;0;0;0;0;1;1;3;2;5;5;7;6;12;12;3;52;11;64;11;40;13;92;13;12;23;64;23;40;29;92;29;12;43;64;43;40;0;1;1;3;2;5;5;7;6;12;12;3;52;13;64;13;40;15;92;15;12;25;64;25;40;31;92;31;12;45;64;45;40;0;1;1;3;2;5;5;7;6;12;12;3;52;9;64;9;40;9;88;9;16;21;64;21;40;21;88;21;16;41;64;41;40;0;0;1;0;5;2;0;1;1;8;2;2;0;0;0;0;0;;0;0;0;0;0;0;1;2;3;4;5;6;7;8;9;10;11;12;13;14;15;16;17;18;19;20;21;22;23;24;25;26;27;28;29;30;31;0;5;5;7;7;10;7;255;255;255;0;0;0;0;
1012;0;1;1;3;2;5;5;8;8;8;12;3;52;11;64;11;40;13;88;13;12;21;64;21;40;31;52;31;80;31;24;43;52;0;1;1;3;2;5;5;8;8;8;12;3;52;13;64;13;40;15;92;15;12;25;64;25;40;33;52;33;80;33;24;45;52;0;1;1;3;2;5;5;8;8;8;12;3;52;9;64;9;40;9;88;9;16;19;64;19;40;27;52;27;80;27;24;41;52;0;0;1;0;3;1;1;1;0;7;3;3;0;0;0;0;0;;0;0;0;0;0;0;1;1;3;2;5;5;8;8;8;12;3;52;9;64;9;40;9;88;9;16;19;64;19;40;27;52;27;80;27;24;41;52;0;1;1;3;2;5;5;8;8;8;12;3;52;9;64;9;40;9;88;9;16;19;64;19;40;27;52;27;80;27;24;41;52;0;1;1;3;2;5;5;8;8;8;12;3;52;9;64;9;40;9;88;9;16;19;64;19;40;27;52;27;80;27;24;41;52;0;0;1;0;3;1;1;1;0;7;3;3;0;0;0;0;0;;0;0;0;0;0;0;1;1;3;2;5;5;8;8;8;12;3;52;11;64;11;40;13;88;13;12;21;64;21;40;31;52;31;80;31;24;43;52;0;1;1;3;2;5;5;8;8;8;12;3;52;13;64;13;40;15;92;15;12;25;64;25;40;33;52;33;80;33;24;45;52;0;1;1;3;2;5;5;8;8;8;12;3;52;9;64;9;40;9;88;9;16;19;64;19;40;27;52;27;80;27;24;41;52;0;0;1;0;3;1;1;1;0;7;3;3;0;0;0;0;0;;0;0;0;0;0;0;1;2;3;4;5;6;7;8;9;10;11;12;13;14;15;16;17;18;19;20;21;22;23;24;25;26;27;28;29;30;31;0;10;10;10;10;10;5;255;255;255;0;0;0;0;
1013;0;1;1;3;2;5;5;7;6;12;12;3;52;11;64;11;40;13;88;13;16;23;64;23;40;29;88;29;16;43;64;43;40;0;1;1;3;2;5;5;7;6;12;12;3;52;13;64;13;40;15;88;15;16;25;64;25;40;31;88;31;16;45;64;45;40;0;1;1;3;2;5;5;7;6;12;12;3;52;9;64;9;40;9;84;9;20;21;64;21;40;21;84;21;20;41;64;41;40;0;1;1;0;5;2;1;0;1;6;6;2;0;0;0;0;0;;0;0;0;0;0;0;1;1;3;2;5;5;7;6;12;12;3;52;9;64;9;40;9;84;9;20;21;64;21;40;21;84;21;20;41;64;41;40;0;1;1;3;2;5;5;7;6;12;12;3;52;9;64;9;40;9;84;9;20;21;64;21;40;21;84;21;20;41;64;41;40;0;1;1;3;2;5;5;7;6;12;12;3;52;9;64;9;40;9;84;9;20;21;64;21;40;21;84;21;20;41;64;41;40;0;0;1;0;6;2;1;0;1;6;6;2;0;0;0;0;0;;0;0;0;0;0;0;1;1;3;2;5;5;7;6;12;12;3;52;11;64;11;40;13;88;13;16;23;64;23;40;29;88;29;16;43;64;43;40;0;1;1;3;2;5;5;7;6;12;12;3;52;13;64;13;40;15;88;15;16;25;64;25;40;31;88;31;16;45;64;45;40;0;1;1;3;2;5;5;7;6;12;12;3;52;9;64;9;40;9;84;9;20;21;64;21;40;21;84;21;20;41;64;41;40;0;1;1;0;5;2;1;0;1;6;6;2;0;0;0;0;0;;0;0;0;0;0;0;1;2;3;4;5;6;7;8;9;10;11;12;13;14;15;16;17;18;19;20;21;22;23;24;25;26;27;28;29;30;31;2;6;9;7;8;10;3;255;255;255;0;0;0;0;
1015;0;1;1;3;2;5;5;8;10;9;12;3;52;11;64;11;40;13;88;13;12;23;64;23;40;31;52;39;84;39;20;43;52;0;1;1;3;2;5;5;8;10;9;12;3;52;13;64;13;40;15;88;15;12;25;64;25;40;33;52;41;84;41;20;45;52;0;1;1;3;2;5;5;8;10;9;12;3;52;9;64;9;40;9;84;9;20;19;64;19;40;27;52;37;84;37;20;41;52;1;1;1;0;5;3;1;0;1;6;6;1;0;0;0;0;0;;0;0;0;0;0;0;1;1;3;2;5;5;8;10;9;12;3;52;9;64;9;40;9;84;9;20;19;64;19;40;27;52;37;84;37;20;41;52;0;1;1;3;2;5;5;8;10;9;12;3;52;9;64;9;40;9;84;9;20;19;64;19;40;27;52;37;84;37;20;41;52;0;1;1;3;2;5;5;8;10;9;12;3;52;9;64;9;40;9;84;9;20;19;64;19;40;27;52;37;84;37;20;41;52;0;1;1;0;5;1;1;0;0;8;7;3;0;0;0;0;0;;0;0;0;0;0;0;1;1;3;2;5;5;8;10;9;12;3;52;11;64;11;40;13;88;13;12;23;64;23;40;31;52;39;84;39;20;43;52;0;1;1;3;2;5;5;8;10;9;12;3;52;13;64;13;40;15;88;15;12;25;64;25;40;33;52;41;84;41;20;45;52;0;1;1;3;2;5;5;8;10;9;12;3;52;9;64;9;40;9;84;9;20;19;64;19;40;27;52;37;84;37;20;41;52;1;1;1;0;5;3;1;0;1;6;6;1;0;0;0;0;0;;0;0;0;0;0;0;1;2;3;4;5;6;7;8;9;10;11;12;13;14;15;16;17;18;19;20;21;22;23;24;25;26;27;28;29;30;31;9;8;8;8;8;10;5;255;255;255;0;0;0;0;
1022;0;1;1;1;3;2;5;5;7;6;12;3;52;11;52;11;72;11;32;15;92;15;12;23;68;23;36;27;92;27;12;43;52;0;1;1;1;3;2;5;5;7;6;12;3;52;13;52;13;72;13;32;15;92;15;12;25;68;25;36;29;92;29;12;45;52;0;1;1;1;3;2;5;5;7;6;12;3;52;9;52;9;68;9;36;9;88;9;16;21;64;21;40;21;88;21;16;41;52;0;1;0;1;8;3;1;0;0;7;8;3;0;0;0;0;0;;0;0;0;0;0;0;1;1;1;3;2;5;5;7;6;12;3;52;9;52;9;68;9;36;9;88;9;16;21;64;21;40;21;88;21;16;41;52;0;1;1;1;3;2;5;5;7;6;12;3;52;9;52;9;68;9;36;9;88;9;16;21;64;21;40;21;88;21;16;41;52;0;1;1;1;3;2;5;5;7;6;12;3;52;9;52;9;68;9;36;9;88;9;16;21;64;21;40;21;88;21;16;41;52;0;1;0;1;6;1;1;1;0;7;8;3;0;0;0;0;0;;0;0;0;0;0;0;1;1;1;3;2;5;5;7;6;12;3;52;11;52;11;72;11;32;15;92;15;12;23;68;23;36;27;92;27;12;43;52;0;1;1;1;3;2;5;5;7;6;12;3;52;13;52;13;72;13;32;15;92;15;12;25;68;25;36;29;92;29;12;45;52;0;1;1;1;3;2;5;5;7;6;12;3;52;9;52;9;68;9;36;9;88;9;16;21;64;21;40;21;88;21;16;41;52;0;1;0;1;8;3;1;0;0;7;8;3;0;0;0;0;0;;0;0;0;0;0;0;1;2;3;4;5;6;7;8;9;10;11;12;13;14;15;16;17;18;19;20;21;22;23;24;25;26;27;28;29;30;31;0;9;6;8;8;10;10;255;255;255;0;0;0;0;
1026;0;1;1;3;2;4;4;7;6;8;12;3;52;11;64;11;40;13;88;13;16;19;64;19;40;31;84;31;20;33;52;43;52;0;1;1;3;2;4;4;7;6;8;12;3;52;13;64;13;40;15;88;15;16;23;64;23;40;33;84;33;20;33;52;45;52;0;1;1;3;2;4;4;7;6;8;12;3;52;9;64;9;40;9;88;9;16;17;64;17;40;27;88;27;16;27;52;41;52;0;0;1;0;5;2;1;0;1;5;5;2;0;0;0;0;0;;0;0;0;0;0;0;1;1;3;2;4;4;7;6;8;12;3;52;9;64;9;40;9;88;9;16;17;64;17;40;27;88;27;16;27;52;41;52;0;1;1;3;2;4;4;7;6;8;12;3;52;9;64;9;40;9;88;9;16;17;64;17;40;27;88;27;16;27;52;41;52;0;1;1;3;2;4;4;7;6;8;12;3;52;9;64;9;40;9;88;9;16;17;64;17;40;27;88;27;16;27;52;41;52;0;0;1;0;7;1;1;0;1;7;7;3;0;0;0;0;0;;0;0;0;0;0;0;1;1;3;2;4;4;7;6;8;12;3;52;11;64;11;40;13;88;13;16;19;64;19;40;31;84;31;20;33;52;43;52;0;1;1;3;2;4;4;7;6;8;12;3;52;13;64;13;40;15;88;15;16;23;64;23;40;33;84;33;20;33;52;45;52;0;1;1;3;2;4;4;7;6;8;12;3;52;9;64;9;40;9;88;9;16;17;64;17;40;27;88;27;16;27;52;41;52;0;0;1;0;5;2;1;0;1;5;5;2;0;0;0;0;0;;0;0;0;0;0;0;1;2;3;4;5;6;7;8;9;10;11;12;13;14;15;16;17;18;19;20;21;22;23;24;25;26;27;28;29;30;31;2;9;7;9;9;10;6;255;255;255;0;0;0;0;
1031;0;1;1;3;2;4;4;7;6;8;12;3;52;11;60;11;40;13;88;13;16;19;64;19;40;31;84;31;20;29;52;41;52;0;1;1;3;2;4;4;7;6;8;12;3;52;11;60;11;40;13;88;13;16;19;64;19;40;31;84;31;20;29;52;41;52;0;1;1;3;2;4;4;7;6;8;12;3;52;11;60;11;40;13;88;13;16;19;64;19;40;29;84;29;20;29;52;41;52;1;1;1;0;8;3;0;0;0;6;6;3;0;0;0;0;0;;0;0;0;0;0;0;1;1;3;2;4;4;7;6;8;12;3;52;11;60;11;40;13;88;13;16;19;64;19;40;29;84;29;20;29;52;41;52;0;1;1;3;2;4;4;7;6;8;12;3;52;11;60;11;40;13;88;13;16;19;64;19;40;29;84;29;20;29;52;41;52;0;1;1;3;2;4;4;7;6;8;12;3;52;11;60;11;40;13;88;13;16;19;64;19;40;29;84;29;20;29;52;41;52;0;1;0;1;4;3;1;1;0;7;7;3;0;0;0;0;0;;0;0;0;0;0;0;1;1;3;2;4;4;7;6;8;12;3;52;11;60;11;40;13;88;13;16;19;64;19;40;31;84;31;20;29;52;41;52;0;1;1;3;2;4;4;7;6;8;12;3;52;11;60;11;40;13;88;13;16;19;64;19;40;31;84;31;20;29;52;41;52;0;1;1;3;2;4;4;7;6;8;12;3;52;11;60;11;40;13;88;13;16;19;64;19;40;29;84;29;20;29;52;41;52;1;1;1;0;8;3;0;0;0;6;6;3;0;0;0;0;0;;0;0;0;0;0;0;1;2;3;4;5;6;7;8;9;10;11;12;13;14;15;16;17;18;19;20;21;22;23;24;25;26;27;28;29;30;31;10;9;9;9;9;10;10;255;255;255;0;0;0;0;
1032;0;1;1;3;2;5;5;7;6;12;12;3;52;11;64;11;40;13;92;13;12;23;64;23;40;27;92;27;12;43;64;43;40;0;1;1;3;2;5;5;7;6;12;12;3;52;13;64;13;40;15;92;15;12;25;64;25;40;29;92;29;12;45;64;45;40;0;1;1;3;2;5;5;7;6;12;12;3;52;9;64;9;40;9;88;9;16;21;64;21;40;21;88;21;16;41;64;41;40;1;1;1;1;7;3;0;1;0;8;6;1;0;0;0;0;0;;0;0;0;0;0;0;1;1;3;2;5;5;7;6;12;12;3;52;9;64;9;40;9;88;9;16;21;64;21;40;21;88;21;16;41;64;41;40;0;1;1;3;2;5;5;7;6;12;12;3;52;9;64;9;40;9;88;9;16;21;64;21;40;21;88;21;16;41;64;41;40;0;1;1;3;2;5;5;7;6;12;12;3;52;9;64;9;40;9;88;9;16;21;64;21;40;21;88;21;16;41;64;41;40;0;0;0;1;4;1;1;0;1;8;8;3;0;0;0;0;0;;0;0;0;0;0;0;1;1;3;2;5;5;7;6;12;12;3;52;11;64;11;40;13;92;13;12;23;64;23;40;27;92;27;12;43;64;43;40;0;1;1;3;2;5;5;7;6;12;12;3;52;13;64;13;40;15;92;15;12;25;64;25;40;29;92;29;12;45;64;45;40;0;1;1;3;2;5;5;7;6;12;12;3;52;9;64;9;40;9;88;9;16;21;64;21;40;21;88;21;16;41;64;41;40;1;1;1;1;7;3;0;1;0;8;6;1;0;0;0;0;0;;0;0;0;0;0;0;1;2;3;4;5;6;7;8;9;10;11;12;13;14;15;16;17;18;19;20;21;22;23;24;25;26;27;28;29;30;31;0;10;7;7;7;10;8;255;255;255;0;0;0;0;
1040;0;1;1;3;2;4;4;7;6;8;12;3;52;11;64;11;40;11;92;11;12;21;64;21;40;31;92;31;12;31;52;43;52;0;1;1;3;2;4;4;7;6;8;12;3;52;13;64;13;40;13;92;13;12;23;64;23;40;33;92;33;12;33;52;45;52;0;1;1;3;2;4;4;7;6;8;12;3;52;11;64;11;40;11;88;11;16;17;64;17;40;27;88;27;16;27;52;41;52;0;0;0;1;7;2;1;1;1;5;6;2;0;0;0;0;0;;0;0;0;0;0;0;1;1;3;2;4;4;7;6;8;12;3;52;11;64;11;40;11;88;11;16;17;64;17;40;27;88;27;16;27;52;41;52;0;1;1;3;2;4;4;7;6;8;12;3;52;11;64;11;40;11;88;11;16;17;64;17;40;27;88;27;16;27;52;41;52;0;1;1;3;2;4;4;7;6;8;12;3;52;11;64;11;40;11;88;11;16;17;64;17;40;27;88;27;16;27;52;41;52;0;0;0;1;4;2;1;1;0;3;7;2;0;0;0;0;0;;0;0;0;0;0;0;1;1;3;2;4;4;7;6;8;12;3;52;11;64;11;40;11;92;11;12;21;64;21;40;31;92;31;12;31;52;43;52;0;1;1;3;2;4;4;7;6;8;12;3;52;13;64;13;40;13;92;13;12;23;64;23;40;33;92;33;12;33;52;45;52;0;1;1;3;2;4;4;7;6;8;12;3;52;11;64;11;40;11;88;11;16;17;64;17;40;27;88;27;16;27;52;41;52;0;0;0;1;7;2;1;1;1;5;6;2;0;0;0;0;0;;0;0;0;0;0;0;1;2;3;4;5;6;7;8;9;10;11;12;13;14;15;16;17;18;19;20;21;22;23;24;25;26;27;28;29;30;31;7;7;7;7;7;10;9;255;255;255;0;0;0;0;
1044;0;1;1;3;2;4;4;7;6;8;12;3;52;11;64;11;40;13;88;13;16;19;64;19;40;31;84;31;20;33;52;43;52;0;1;1;3;2;4;4;7;6;8;12;3;52;13;64;13;40;15;88;15;16;21;64;21;40;33;84;33;20;33;52;45;52;0;1;1;3;2;4;4;7;6;8;12;3;52;11;64;11;40;11;88;11;16;17;64;17;40;29;84;29;20;31;52;41;52;0;1;0;0;5;2;1;0;1;6;6;2;0;0;0;0;0;;0;0;0;0;0;0;1;1;3;2;4;4;7;6;8;12;3;52;11;64;11;40;11;88;11;16;17;64;17;40;29;84;29;20;31;52;41;52;0;1;1;3;2;4;4;7;6;8;12;3;52;11;64;11;40;11;88;11;16;17;64;17;40;29;84;29;20;31;52;41;52;0;1;1;3;2;4;4;7;6;8;12;3;52;11;64;11;40;11;88;11;16;17;64;17;40;29;84;29;20;31;52;41;52;0;1;0;0;4;1;1;0;1;5;7;3;0;0;0;0;0;;0;0;0;0;0;0;1;1;3;2;4;4;7;6;8;12;3;52;11;64;11;40;13;88;13;16;19;64;19;40;31;84;31;20;33;52;43;52;0;1;1;3;2;4;4;7;6;8;12;3;52;13;64;13;40;15;88;15;16;21;64;21;40;33;84;33;20;33;52;45;52;0;1;1;3;2;4;4;7;6;8;12;3;52;11;64;11;40;11;88;11;16;17;64;17;40;29;84;29;20;31;52;41;52;0;1;0;0;5;2;1;0;1;6;6;2;0;0;0;0;0;;0;0;0;0;0;0;1;2;3;4;5;6;7;8;9;10;11;12;13;14;15;16;17;18;19;20;21;22;23;24;25;26;27;28;29;30;31;6;9;9;9;9;9;7;255;255;255;0;0;0;0;
1051;0;1;1;3;2;4;5;5;10;9;12;3;52;11;64;11;40;13;88;13;16;19;52;25;76;25;28;37;88;37;16;43;52;0;1;1;3;2;4;5;5;10;9;12;3;52;13;64;13;40;15;88;15;16;21;52;27;76;27;28;39;88;39;16;45;52;0;1;1;3;2;4;5;5;10;9;12;3;52;11;64;11;40;11;88;11;16;17;52;23;76;23;28;35;88;35;16;41;52;0;1;0;1;3;3;0;0;0;2;3;1;0;0;0;0;0;;0;0;0;0;0;0;1;1;3;2;4;5;5;10;9;12;3;52;11;64;11;40;11;88;11;16;17;52;23;76;23;28;35;88;35;16;41;52;0;1;1;3;2;4;5;5;10;9;12;3;52;11;64;11;40;11;88;11;16;17;52;23;76;23;28;35;88;35;16;41;52;0;1;1;3;2;4;5;5;10;9;12;3;52;11;64;11;40;11;88;11;16;17;52;23;76;23;28;35;88;35;16;41;52;0;0;1;0;4;2;1;1;0;4;4;2;0;0;0;0;0;;0;0;0;0;0;0;1;1;3;2;4;5;5;10;9;12;3;52;11;64;11;40;13;88;13;16;19;52;25;76;25;28;37;88;37;16;43;52;0;1;1;3;2;4;5;5;10;9;12;3;52;13;64;13;40;15;88;15;16;21;52;27;76;27;28;39;88;39;16;45;52;0;1;1;3;2;4;5;5;10;9;12;3;52;11;64;11;40;11;88;11;16;17;52;23;76;23;28;35;88;35;16;41;52;0;1;0;1;3;3;0;0;0;2;3;1;0;0;0;0;0;;0;0;0;0;0;0;1;2;3;4;5;6;7;8;9;10;11;12;13;14;15;16;17;18;19;20;21;22;23;24;25;26;27;28;29;30;31;5;9;9;6;6;10;8;255;255;255;0;0;0;0;
1058;0;1;1;3;2;4;5;5;7;6;12;3;52;11;64;11;40;13;88;13;16;19;52;23;68;23;36;31;84;31;20;43;52;0;1;1;3;2;4;5;5;7;6;12;3;52;11;64;11;40;13;88;13;16;19;52;23;68;23;36;31;84;31;20;43;52;0;1;1;3;2;4;5;5;7;6;12;3;52;11;64;11;40;13;88;13;16;19;52;23;68;23;36;31;84;31;20;43;52;1;0;1;0;6;2;1;1;0;5;5;2;0;0;0;0;0;;0;0;0;0;0;0;1;1;3;2;4;5;5;7;6;12;3;52;11;64;11;40;13;88;13;16;19;52;23;68;23;36;31;84;31;20;43;52;0;1;1;3;2;4;5;5;7;6;12;3;52;11;64;11;40;13;88;13;16;19;52;23;68;23;36;31;84;31;20;43;52;0;1;1;3;2;4;5;5;7;6;12;3;52;11;64;11;40;13;88;13;16;19;52;23;68;23;36;31;84;31;20;43;52;0;0;1;1;5;2;1;1;1;8;7;2;0;0;0;0;0;;0;0;0;0;0;0;1;1;3;2;4;5;5;7;6;12;3;52;11;64;11;40;13;88;13;16;19;52;23;68;23;36;31;84;31;20;43;52;0;1;1;3;2;4;5;5;7;6;12;3;52;11;64;11;40;13;88;13;16;19;52;23;68;23;36;31;84;31;20;43;52;0;1;1;3;2;4;5;5;7;6;12;3;52;11;64;11;40;13;88;13;16;19;52;23;68;23;36;31;84;31;20;43;52;1;0;1;0;6;2;1;1;0;5;5;2;0;0;0;0;0;;0;0;0;0;0;0;1;2;3;4;5;6;7;8;9;10;11;12;13;14;15;16;17;18;19;20;21;22;23;24;25;26;27;28;29;30;31;9;9;9;9;9;9;5;255;255;255;0;0;0;0;
1059;0;1;1;3;2;5;8;8;10;9;12;3;52;11;64;11;40;13;88;13;16;23;52;27;68;27;36;39;88;39;16;43;52;0;1;1;3;2;5;8;8;10;9;12;3;52;13;64;13;40;15;88;15;16;23;52;31;68;31;36;39;88;39;16;45;52;0;1;1;3;2;5;8;8;10;9;12;3;52;11;64;11;40;11;88;11;16;21;52;27;68;27;36;37;88;37;16;41;52;0;1;0;0;5;2;1;0;1;5;6;2;0;0;0;0;0;;0;0;0;0;0;0;1;1;3;2;5;8;8;10;9;12;3;52;11;64;11;40;11;88;11;16;21;52;27;68;27;36;37;88;37;16;41;52;0;1;1;3;2;5;8;8;10;9;12;3;52;11;64;11;40;11;88;11;16;21;52;27;68;27;36;37;88;37;16;41;52;0;1;1;3;2;5;8;8;10;9;12;3;52;11;64;11;40;11;88;11;16;21;52;27;68;27;36;37;88;37;16;41;52;0;0;0;0;4;1;1;0;1;6;7;3;0;0;0;0;0;;0;0;0;0;0;0;1;1;3;2;5;8;8;10;9;12;3;52;11;64;11;40;13;88;13;16;23;52;27;68;27;36;39;88;39;16;43;52;0;1;1;3;2;5;8;8;10;9;12;3;52;13;64;13;40;15;88;15;16;23;52;31;68;31;36;39;88;39;16;45;52;0;1;1;3;2;5;8;8;10;9;12;3;52;11;64;11;40;11;88;11;16;21;52;27;68;27;36;37;88;37;16;41;52;0;1;0;0;5;2;1;0;1;5;6;2;0;0;0;0;0;;0;0;0;0;0;0;1;2;3;4;5;6;7;8;9;10;11;12;13;14;15;16;17;18;19;20;21;22;23;24;25;26;27;28;29;30;31;1;6;6;5;5;6;7;255;255;255;0;0;0;0;
1067;0;1;1;3;2;4;4;7;6;8;12;3;52;11;64;11;40;13;88;13;16;19;64;19;40;31;84;31;20;33;52;43;52;0;1;1;3;2;4;4;7;6;8;12;3;52;11;64;11;40;13;88;13;16;19;64;19;40;31;84;31;20;33;52;43;52;0;1;1;3;2;4;4;7;6;8;12;3;52;11;64;11;40;13;88;13;16;19;64;19;40;31;84;31;20;33;52;43;52;0;1;1;1;6;2;0;1;0;6;4;2;0;0;0;0;0;;0;0;0;0;0;0;1;1;3;2;4;4;7;6;8;12;3;52;11;64;11;40;13;88;13;16;19;64;19;40;31;84;31;20;33;52;43;52;0;1;1;3;2;4;4;7;6;8;12;3;52;11;64;11;40;13;88;13;16;19;64;19;40;31;84;31;20;33;52;43;52;0;1;1;3;2;4;4;7;6;8;12;3;52;11;64;11;40;13;88;13;16;19;64;19;40;31;84;31;20;33;52;43;52;0;1;1;1;5;1;1;1;1;7;5;3;0;0;0;0;0;;0;0;0;0;0;0;1;1;3;2;4;4;7;6;8;12;3;52;11;64;11;40;13;88;13;16;19;64;19;40;31;84;31;20;33;52;43;52;0;1;1;3;2;4;4;7;6;8;12;3;52;11;64;11;40;13;88;13;16;19;64;19;40;31;84;31;20;33;52;43;52;0;1;1;3;2;4;4;7;6;8;12;3;52;11;64;11;40;13;88;13;16;19;64;19;40;31;84;31;20;33;52;43;52;0;1;1;1;6;2;0;1;0;6;4;2;0;0;0;0;0;;0;0;0;0;0;0;1;2;3;4;5;6;7;8;9;10;11;12;13;14;15;16;17;18;19;20;21;22;23;24;25;26;27;28;29;30;31;6;6;6;6;6;6;4;255;255;255;0;0;0;0;
1083;0;1;1;3;2;5;5;7;6;12;12;3;52;11;64;11;40;13;88;13;16;23;64;23;40;27;88;27;16;43;64;43;40;0;1;1;3;2;5;5;7;6;12;12;3;52;13;64;13;40;15;88;15;16;25;64;25;40;29;88;29;16;45;64;45;40;0;1;1;3;2;5;5;7;6;12;12;3;52;9;64;9;40;9;84;9;20;21;64;21;40;21;84;21;20;41;64;41;40;1;1;0;0;5;3;0;0;0;2;3;1;0;0;0;0;0;;0;0;0;0;0;0;1;1;3;2;5;5;7;6;12;12;3;52;9;64;9;40;9;84;9;20;21;64;21;40;21;84;21;20;41;64;41;40;0;1;1;3;2;5;5;7;6;12;12;3;52;9;64;9;40;9;84;9;20;21;64;21;40;21;84;21;20;41;64;41;40;0;1;1;3;2;5;5;7;6;12;12;3;52;9;64;9;40;9;84;9;20;21;64;21;40;21;84;21;20;41;64;41;40;1;0;0;0;6;3;1;0;0;3;4;1;0;0;0;0;0;;0;0;0;0;0;0;1;1;3;2;5;5;7;6;12;12;3;52;11;64;11;40;13;88;13;16;23;64;23;40;27;88;27;16;43;64;43;40;0;1;1;3;2;5;5;7;6;12;12;3;52;13;64;13;40;15;88;15;16;25;64;25;40;29;88;29;16;45;64;45;40;0;1;1;3;2;5;5;7;6;12;12;3;52;9;64;9;40;9;84;9;20;21;64;21;40;21;84;21;20;41;64;41;40;1;1;0;0;5;3;0;0;0;2;3;1;0;0;0;0;0;;0;0;0;0;0;0;1;2;3;4;5;6;7;8;9;10;11;12;13;14;15;16;17;18;19;20;21;22;23;24;25;26;27;28;29;30;31;8;9;7;7;8;10;8;255;255;255;0;0;0;0;
1113;0;1;1;3;2;5;5;7;6;12;12;3;52;11;64;11;40;13;88;13;12;23;64;23;40;27;88;27;12;41;64;41;36;0;1;1;3;2;5;5;7;6;12;12;3;52;11;64;11;40;15;88;15;12;25;64;25;40;31;88;31;12;43;64;43;36;0;1;1;3;2;5;5;7;6;12;12;3;52;11;64;11;40;11;84;11;16;19;64;19;40;23;84;23;16;41;64;41;36;1;1;0;1;5;2;0;1;0;5;3;2;0;0;0;0;0;;0;0;0;0;0;0;1;1;3;2;5;5;7;6;12;12;3;52;11;64;11;40;11;84;11;16;19;64;19;40;23;84;23;16;41;64;41;36;0;1;1;3;2;5;5;7;6;12;12;3;52;11;64;11;40;11;84;11;16;19;64;19;40;23;84;23;16;41;64;41;36;0;1;1;3;2;5;5;7;6;12;12;3;52;11;64;11;40;11;84;11;16;19;64;19;40;23;84;23;16;41;64;41;36;1;1;0;0;8;1;1;0;0;5;6;3;0;0;0;0;0;;0;0;0;0;0;0;1;1;3;2;5;5;7;6;12;12;3;52;11;64;11;40;13;88;13;12;23;64;23;40;27;88;27;12;41;64;41;36;0;1;1;3;2;5;5;7;6;12;12;3;52;11;64;11;40;15;88;15;12;25;64;25;40;31;88;31;12;43;64;43;36;0;1;1;3;2;5;5;7;6;12;12;3;52;11;64;11;40;11;84;11;16;19;64;19;40;23;84;23;16;41;64;41;36;1;1;0;1;5;2;0;1;0;5;3;2;0;0;0;0;0;;0;0;0;0;0;0;1;2;3;4;5;6;7;8;9;10;11;12;13;14;15;16;17;18;19;20;21;22;23;24;25;26;27;28;29;30;31;8;8;8;8;8;8;7;255;255;255;0;0;0;0;
1128;0;1;1;3;2;4;5;5;10;9;12;3;52;11;64;11;40;13;88;13;16;19;52;25;68;26;36;41;84;41;20;43;52;0;1;1;3;2;4;5;5;5;5;12;3;52;11;64;11;40;13;88;13;16;19;52;25;72;33;32;33;72;25;32;43;52;0;1;1;3;2;4;5;5;5;5;12;3;52;11;64;11;40;13;88;13;16;19;52;25;72;33;32;33;72;25;32;43;52;0;0;1;1;5;2;0;0;0;5;5;2;0;1122944768;1122944768;1122944768;1122944768;;0;0;11;64;11;0;1;1;3;2;4;5;5;5;5;12;3;52;11;64;11;40;13;88;13;16;19;52;25;72;33;32;33;72;25;32;43;52;0;1;1;3;2;4;5;5;5;5;12;3;52;11;64;11;40;13;88;13;16;19;52;25;72;33;32;33;72;25;32;43;52;0;1;1;3;2;4;5;5;5;5;12;3;52;11;64;11;40;13;88;13;16;19;52;25;72;33;32;33;72;25;32;43;52;0;1;0;0;7;1;1;0;0;7;7;3;0;1122944768;1122944768;1122944768;1122944768;;0;0;25;32;43;0;1;1;3;2;4;5;5;5;5;12;3;52;11;64;11;40;13;88;13;16;19;52;25;72;33;32;33;72;25;32;43;52;0;1;1;3;2;4;5;5;5;5;12;3;52;11;64;11;40;13;88;13;16;19;52;25;72;33;32;33;72;25;32;43;52;0;1;1;3;2;4;5;5;5;5;12;3;52;11;64;11;40;13;88;13;16;19;52;25;72;33;32;33;72;25;32;43;52;0;0;1;1;5;2;0;0;0;5;5;2;0;1122944768;1122944768;1122944768;1122944768;;255;255;0;0;0;11;1;2;3;4;5;6;7;8;9;10;0;12;13;14;15;16;17;18;19;20;21;22;23;24;25;26;27;28;29;30;31;11;8;8;8;8;8;9;2;1;10;0;0;0;0;
1129;0;1;1;3;2;5;5;7;6;12;12;3;52;11;64;11;40;13;88;13;16;21;64;21;40;31;84;31;20;43;64;43;40;0;1;1;3;2;5;5;7;6;12;12;3;52;11;64;11;40;13;88;13;16;21;64;21;40;31;84;31;20;43;64;43;40;0;1;1;3;2;5;5;7;6;12;12;3;52;9;64;9;40;11;88;11;16;19;64;19;40;29;84;29;20;41;64;41;40;0;1;0;0;0;2;1;0;0;5;7;0;0;0;0;-1090803924474;-1;;0;0;9;64;9;40;11;88;11;16;19;64;19;40;29;84;29;20;41;64;41;40;0;1;1;3;2;5;5;7;6;12;12;3;52;9;64;9;40;11;88;11;16;19;64;19;40;29;84;29;20;41;64;41;40;0;1;1;3;2;5;5;7;6;12;12;3;52;9;64;9;40;11;88;11;16;19;64;19;40;29;84;29;20;41;64;41;40;1;1;0;0;1;0;1;0;0;0;0;0;0;0;0;0;0;0;0;0;52;11;0;0;0;64;11;40;20;-1090786950647;-1;216455356602122240;219563701861418242;;0;0;43;64;43;40;0;1;1;3;2;5;5;7;6;12;12;3;52;11;64;11;40;13;88;13;16;21;64;21;40;31;84;31;20;43;64;43;40;0;1;1;3;2;5;5;7;6;12;12;3;52;9;64;9;40;11;88;11;16;19;64;19;40;29;84;29;20;41;64;41;40;0;1;0;0;1;0;0;0;0;0;0;0;0;0;0;0;0;0;0;0;0;0;0;0;0;6;2;5;7;2;255;255;255;255;255;255;18;27;255;255;255;29;30;6;0;216736831578832896;795458214266537220;1449054144095131660;1878016493998186261;;255;255;0;0;0;0;1;2;3;4;5;6;7;8;9;10;11;12;13;14;15;16;17;18;19;20;21;22;23;24;25;26;27;28;29;30;31;10;8;6;8;8;10;10;2;10;9;0;0;0;0;
1141;0;1;1;1;3;2;4;4;8;12;12;3;52;11;52;11;72;11;32;15;88;15;16;19;64;19;40;33;52;43;64;43;40;0;1;1;1;3;2;4;4;8;12;12;3;52;11;52;11;72;11;32;15;88;15;16;19;64;19;40;33;52;43;64;43;40;0;1;1;1;3;2;4;4;8;12;12;3;52;11;52;11;72;11;32;15;88;15;16;19;64;19;40;33;52;43;64;43;40;0;1;1;0;6;2;0;1;1;6;4;2;0;0;0;0;0;;0;0;0;0;0;0;1;1;1;3;2;4;4;8;12;12;3;52;11;52;11;72;11;32;15;88;15;16;19;64;19;40;33;52;43;64;43;40;0;1;1;1;3;2;4;4;8;12;12;3;52;11;52;11;72;11;32;15;88;15;16;19;64;19;40;33;52;43;64;43;40;0;1;1;1;3;2;4;4;8;12;12;3;52;11;52;11;72;11;32;15;88;15;16;19;64;19;40;33;52;43;64;43;40;0;1;1;0;6;1;0;1;1;6;4;3;0;0;0;0;0;;0;0;0;0;0;0;1;1;1;3;2;4;4;8;12;12;3;52;11;52;11;72;11;32;15;88;15;16;19;64;19;40;33;52;43;64;43;40;0;1;1;1;3;2;4;4;8;12;12;3;52;11;52;11;72;11;32;15;88;15;16;19;64;19;40;33;52;43;64;43;40;0;1;1;1;3;2;4;4;8;12;12;3;52;11;52;11;72;11;32;15;88;15;16;19;64;19;40;33;52;43;64;43;40;0;1;1;0;6;2;0;1;1;6;4;2;0;0;0;0;0;;0;0;0;0;0;0;1;2;3;4;5;6;7;8;9;10;11;12;13;14;15;16;17;18;19;20;21;22;23;24;25;26;27;28;29;30;31;1;8;8;8;8;8;7;255;255;255;0;0;0;0;
1164;0;1;1;3;2;4;4;7;6;8;12;3;52;11;64;11;40;13;88;13;16;19;64;19;40;31;84;31;20;33;52;43;52;0;1;1;3;2;4;4;7;6;8;12;3;52;11;64;11;40;13;88;13;16;19;64;19;40;31;84;31;20;33;52;43;52;0;1;1;3;2;4;4;7;6;8;12;3;52;11;64;11;40;13;88;13;16;19;64;19;40;31;84;31;20;33;52;43;52;0;0;0;0;5;2;0;1;1;6;3;2;0;0;0;0;0;;0;0;0;0;0;0;1;1;3;2;4;4;7;6;8;12;3;52;11;64;11;40;13;88;13;16;19;64;19;40;31;84;31;20;33;52;43;52;0;1;1;3;2;4;4;7;6;8;12;3;52;11;64;11;40;13;88;13;16;19;64;19;40;31;84;31;20;33;52;43;52;0;1;1;3;2;4;4;7;6;8;12;3;52;11;64;11;40;13;88;13;16;19;64;19;40;31;84;31;20;33;52;43;52;0;0;0;0;5;2;1;1;0;6;3;2;0;0;0;0;0;;0;0;0;0;0;0;1;1;3;2;4;4;7;6;8;12;3;52;11;64;11;40;13;88;13;16;19;64;19;40;31;84;31;20;33;52;43;52;0;1;1;3;2;4;4;7;6;8;12;3;52;11;64;11;40;13;88;13;16;19;64;19;40;31;84;31;20;33;52;43;52;0;1;1;3;2;4;4;7;6;8;12;3;52;11;64;11;40;13;88;13;16;19;64;19;40;31;84;31;20;33;52;43;52;0;0;0;0;5;2;0;1;1;6;3;2;0;0;0;0;0;;0;0;0;0;0;0;1;2;3;4;5;6;7;8;9;10;11;12;13;14;15;16;17;18;19;20;21;22;23;24;25;26;27;28;29;30;31;9;9;9;9;9;9;5;255;255;255;0;0;0;0;
1165;0;1;1;1;3;2;5;5;7;6;12;3;52;11;52;11;72;11;32;13;92;13;12;25;64;25;40;29;88;29;16;43;52;0;1;1;1;3;2;5;5;7;6;12;3;52;13;52;13;72;13;32;15;92;15;12;27;64;27;40;31;88;31;16;45;52;0;1;1;1;3;2;5;5;7;6;12;3;52;9;52;9;68;9;36;9;88;9;16;21;64;21;40;21;88;21;16;41;52;0;0;0;0;5;2;1;1;0;5;5;2;0;0;0;0;0;;0;0;0;0;0;0;1;1;1;3;2;5;5;7;6;12;3;52;9;52;9;68;9;36;9;88;9;16;21;64;21;40;21;88;21;16;41;52;0;1;1;1;3;2;5;5;7;6;12;3;52;9;52;9;68;9;36;9;88;9;16;21;64;21;40;21;88;21;16;41;52;0;1;1;1;3;2;5;5;7;6;12;3;52;9;52;9;68;9;36;9;88;9;16;21;64;21;40;21;88;21;16;41;52;0;0;0;0;5;2;1;1;1;5;2;2;0;0;0;0;0;;0;0;0;0;0;0;1;1;1;3;2;5;5;7;6;12;3;52;11;52;11;72;11;32;13;92;13;12;25;64;25;40;29;88;29;16;43;52;0;1;1;1;3;2;5;5;7;6;12;3;52;13;52;13;72;13;32;15;92;15;12;27;64;27;40;31;88;31;16;45;52;0;1;1;1;3;2;5;5;7;6;12;3;52;9;52;9;68;9;36;9;88;9;16;21;64;21;40;21;88;21;16;41;52;0;0;0;0;5;2;1;1;0;5;5;2;0;0;0;0;0;;0;0;0;0;0;0;1;2;3;4;5;6;7;8;9;10;11;12;13;14;15;16;17;18;19;20;21;22;23;24;25;26;27;28;29;30;31;4;8;6;9;9;10;5;255;255;255;0;0;0;0;
1170;0;1;1;3;2;5;5;7;6;12;12;3;52;11;64;11;40;13;88;13;16;23;64;23;40;29;88;29;16;43;64;43;40;0;1;1;3;2;5;5;7;6;12;12;3;52;13;64;13;40;15;88;15;16;25;64;25;40;31;88;31;16;45;64;45;40;0;1;1;3;2;5;5;7;6;12;12;3;52;9;64;9;40;9;88;9;16;21;64;21;40;21;88;21;16;41;64;41;40;0;0;0;0;6;1;0;0;1;6;7;3;0;0;0;0;0;;0;0;0;0;0;0;1;1;3;2;5;5;7;6;12;12;3;52;9;64;9;40;9;88;9;16;21;64;21;40;21;88;21;16;41;64;41;40;0;1;1;3;2;5;5;7;6;12;12;3;52;9;64;9;40;9;88;9;16;21;64;21;40;21;88;21;16;41;64;41;40;0;1;1;3;2;5;5;7;6;12;12;3;52;9;64;9;40;9;88;9;16;21;64;21;40;21;88;21;16;41;64;41;40;0;0;0;0;6;1;0;0;1;6;7;3;0;0;0;0;0;;0;0;0;0;0;0;1;1;3;2;5;5;7;6;12;12;3;52;11;64;11;40;13;88;13;16;23;64;23;40;29;88;29;16;43;64;43;40;0;1;1;3;2;5;5;7;6;12;12;3;52;13;64;13;40;15;88;15;16;25;64;25;40;31;88;31;16;45;64;45;40;0;1;1;3;2;5;5;7;6;12;12;3;52;9;64;9;40;9;88;9;16;21;64;21;40;21;88;21;16;41;64;41;40;0;0;0;0;6;1;0;0;1;6;7;3;0;0;0;0;0;;0;0;0;0;0;0;1;2;3;4;5;6;7;8;9;10;11;12;13;14;15;16;17;18;19;20;21;22;23;24;25;26;27;28;29;30;31;9;5;5;5;8;9;2;255;255;255;0;0;0;0;
1175;0;1;1;3;2;5;5;7;6;12;12;3;52;11;64;11;40;13;88;13;16;23;64;23;40;31;88;31;16;43;64;43;40;0;1;1;3;2;5;5;7;6;12;12;3;52;13;64;13;40;15;88;15;16;27;64;27;40;31;88;31;16;45;64;45;40;0;1;1;3;2;5;5;7;6;12;12;3;52;9;64;9;40;9;84;9;20;21;64;21;40;21;84;21;20;41;64;41;40;0;0;0;0;5;2;0;1;0;5;2;2;0;0;0;0;0;;0;0;0;0;0;0;1;1;3;2;5;5;7;6;12;12;3;52;9;64;9;40;9;84;9;20;21;64;21;40;21;84;21;20;41;64;41;40;0;1;1;3;2;5;5;7;6;12;12;3;52;9;64;9;40;9;84;9;20;21;64;21;40;21;84;21;20;41;64;41;40;0;1;1;3;2;5;5;7;6;12;12;3;52;9;64;9;40;9;84;9;20;21;64;21;40;21;84;21;20;41;64;41;40;0;0;0;0;5;2;1;1;1;5;2;2;0;0;0;0;0;;0;0;0;0;0;0;1;1;3;2;5;5;7;6;12;12;3;52;11;64;11;40;13;88;13;16;23;64;23;40;31;88;31;16;43;64;43;40;0;1;1;3;2;5;5;7;6;12;12;3;52;13;64;13;40;15;88;15;16;27;64;27;40;31;88;31;16;45;64;45;40;0;1;1;3;2;5;5;7;6;12;12;3;52;9;64;9;40;9;84;9;20;21;64;21;40;21;84;21;20;41;64;41;40;0;0;0;0;5;2;0;1;0;5;2;2;0;0;0;0;0;;0;0;0;0;0;0;1;2;3;4;5;6;7;8;9;10;11;12;13;14;15;16;17;18;19;20;21;22;23;24;25;26;27;28;29;30;31;6;5;5;5;5;5;4;255;255;255;0;0;0;0;
1184;0;1;1;3;2;4;4;7;6;8;12;3;52;11;64;11;40;13;88;13;16;19;64;19;40;31;84;31;20;33;52;43;52;0;1;1;3;2;4;4;7;6;8;12;3;52;13;64;13;40;15;88;15;16;23;64;23;40;33;84;33;20;33;52;45;52;0;1;1;3;2;4;4;7;6;8;12;3;52;9;64;9;40;9;84;9;20;17;64;17;40;25;84;25;20;27;52;41;52;1;0;1;1;8;3;0;0;0;5;7;3;0;0;0;0;0;;0;0;0;0;0;0;1;1;3;2;4;4;7;6;8;12;3;52;9;64;9;40;9;84;9;20;17;64;17;40;25;84;25;20;27;52;41;52;0;1;1;3;2;4;4;7;6;8;12;3;52;9;64;9;40;9;84;9;20;17;64;17;40;25;84;25;20;27;52;41;52;0;1;1;3;2;4;4;7;6;8;12;3;52;9;64;9;40;9;84;9;20;17;64;17;40;25;84;25;20;27;52;41;52;0;0;1;0;6;3;1;0;0;6;6;3;0;0;0;0;0;;0;0;0;0;0;0;1;1;3;2;4;4;7;6;8;12;3;52;11;64;11;40;13;88;13;16;19;64;19;40;31;84;31;20;33;52;43;52;0;1;1;3;2;4;4;7;6;8;12;3;52;13;64;13;40;15;88;15;16;23;64;23;40;33;84;33;20;33;52;45;52;0;1;1;3;2;4;4;7;6;8;12;3;52;9;64;9;40;9;84;9;20;17;64;17;40;25;84;25;20;27;52;41;52;1;0;1;1;8;3;0;0;0;5;7;3;0;0;0;0;0;;0;0;0;0;0;0;1;2;3;4;5;6;7;8;9;10;11;12;13;14;15;16;17;18;19;20;21;22;23;24;25;26;27;28;29;30;31;6;7;8;7;4;10;9;255;255;255;0;0;0;0;
1196;0;1;1;3;2;4;4;8;8;8;12;3;52;11;64;11;40;13;88;13;16;19;64;19;40;31;52;31;80;31;24;43;52;0;1;1;3;2;4;4;8;8;8;12;3;52;11;64;11;40;13;88;13;16;19;64;19;40;31;52;31;80;31;24;43;52;0;1;1;3;2;4;4;8;8;8;12;3;52;11;64;11;40;13;88;13;16;19;64;19;40;31;52;31;80;31;24;43;52;1;1;1;0;4;3;1;0;1;7;7;3;0;0;0;0;0;;0;0;0;0;0;0;1;1;3;2;4;4;8;8;8;12;3;52;11;64;11;40;13;88;13;16;19;64;19;40;31;52;31;80;31;24;43;52;0;1;1;3;2;4;4;8;8;8;12;3;52;11;64;11;40;13;88;13;16;19;64;19;40;31;52;31;80;31;24;43;52;0;1;1;3;2;4;4;8;8;8;12;3;52;11;64;11;40;13;88;13;16;19;64;19;40;31;52;31;80;31;24;43;52;1;1;1;0;5;2;1;0;1;5;8;3;0;0;0;0;0;;0;0;0;0;0;0;1;1;3;2;4;4;8;8;8;12;3;52;11;64;11;40;13;88;13;16;19;64;19;40;31;52;31;80;31;24;43;52;0;1;1;3;2;4;4;8;8;8;12;3;52;11;64;11;40;13;88;13;16;19;64;19;40;31;52;31;80;31;24;43;52;0;1;1;3;2;4;4;8;8;8;12;3;52;11;64;11;40;13;88;13;16;19;64;19;40;31;52;31;80;31;24;43;52;1;1;1;0;4;3;1;0;1;7;7;3;0;0;0;0;0;;0;0;0;0;0;0;1;2;3;4;5;6;7;8;9;10;11;12;13;14;15;16;17;18;19;20;21;22;23;24;25;26;27;28;29;30;31;4;6;6;6;6;7;8;255;255;255;0;0;0;0;
1203;0;1;1;3;2;4;4;8;10;9;12;3;52;11;64;11;40;13;88;13;16;21;64;21;40;31;52;39;84;39;20;43;52;0;1;1;3;2;4;4;8;10;9;12;3;52;11;64;11;40;13;88;13;16;21;64;21;40;31;52;39;84;39;20;43;52;0;1;1;3;2;4;4;8;10;9;12;3;52;11;64;11;40;13;88;13;16;21;64;21;40;31;52;39;84;39;20;43;52;1;1;0;1;4;2;0;1;0;5;4;2;0;0;0;0;0;;0;0;0;0;0;0;1;1;3;2;4;4;8;10;9;12;3;52;11;64;11;40;13;88;13;16;21;64;21;40;31;52;39;84;39;20;43;52;0;1;1;3;2;4;4;8;10;9;12;3;52;11;64;11;40;13;88;13;16;21;64;21;40;31;52;39;84;39;20;43;52;0;1;1;3;2;4;4;8;10;9;12;3;52;11;64;11;40;13;88;13;16;21;64;21;40;31;52;39;84;39;20;43;52;0;0;0;1;5;2;0;0;1;4;5;2;0;0;0;0;0;;0;0;0;0;0;0;1;1;3;2;4;4;8;10;9;12;3;52;11;64;11;40;13;88;13;16;21;64;21;40;31;52;39;84;39;20;43;52;0;1;1;3;2;4;4;8;10;9;12;3;52;11;64;11;40;13;88;13;16;21;64;21;40;31;52;39;84;39;20;43;52;0;1;1;3;2;4;4;8;10;9;12;3;52;11;64;11;40;13;88;13;16;21;64;21;40;31;52;39;84;39;20;43;52;1;1;0;1;4;2;0;1;0;5;4;2;0;0;0;0;0;;0;0;0;0;0;0;1;2;3;4;5;6;7;8;9;10;11;12;13;14;15;16;17;18;19;20;21;22;23;24;25;26;27;28;29;30;31;5;9;9;9;9;8;3;255;255;255;0;0;0;0;
1207;0;1;1;3;2;5;5;7;6;12;12;3;52;11;64;11;40;13;88;13;16;25;64;25;40;25;88;25;16;43;64;43;40;0;1;1;3;2;5;5;7;6;12;12;3;52;11;64;11;40;13;88;13;16;25;64;25;40;25;88;25;16;43;64;43;40;0;1;1;3;2;5;5;7;6;12;12;3;52;11;64;11;40;13;88;13;16;25;64;25;40;25;88;25;16;43;64;43;40;0;1;1;1;8;3;1;0;0;8;9;3;0;0;0;0;0;;0;0;0;0;0;0;1;1;3;2;5;5;7;6;12;12;3;52;11;64;11;40;13;88;13;16;25;64;25;40;25;88;25;16;43;64;43;40;0;1;1;3;2;5;5;7;6;12;12;3;52;11;64;11;40;13;88;13;16;25;64;25;40;25;88;25;16;43;64;43;40;0;1;1;3;2;5;5;7;6;12;12;3;52;11;64;11;40;13;88;13;16;25;64;25;40;25;88;25;16;43;64;43;40;0;1;1;1;8;3;1;0;1;6;7;3;0;0;0;0;0;;0;0;0;0;0;0;1;1;3;2;5;5;7;6;12;12;3;52;11;64;11;40;13;88;13;16;25;64;25;40;25;88;25;16;43;64;43;40;0;1;1;3;2;5;5;7;6;12;12;3;52;11;64;11;40;13;88;13;16;25;64;25;40;25;88;25;16;43;64;43;40;0;1;1;3;2;5;5;7;6;12;12;3;52;11;64;11;40;13;88;13;16;25;64;25;40;25;88;25;16;43;64;43;40;0;1;1;1;8;3;1;0;0;8;9;3;0;0;0;0;0;;0;0;0;0;0;0;1;2;3;4;5;6;7;8;9;10;11;12;13;14;15;16;17;18;19;20;21;22;23;24;25;26;27;28;29;30;31;2;6;2;2;5;10;4;255;255;255;0;0;0;0;
1212;0;1;1;3;2;4;4;7;6;8;12;3;52;11;64;11;40;13;88;13;16;19;64;19;40;31;88;31;16;31;52;43;52;0;1;1;3;2;4;4;7;6;8;12;3;52;11;64;11;40;13;88;13;16;19;64;19;40;31;88;31;16;31;52;43;52;0;1;1;3;2;4;4;7;6;8;12;3;52;11;64;11;40;13;88;13;16;19;64;19;40;31;88;31;16;31;52;43;52;1;0;0;1;8;3;0;1;0;7;4;3;0;0;0;0;0;;0;0;0;0;0;0;1;1;3;2;4;4;7;6;8;12;3;52;11;64;11;40;13;88;13;16;19;64;19;40;31;88;31;16;31;52;43;52;0;1;1;3;2;4;4;7;6;8;12;3;52;11;64;11;40;13;88;13;16;19;64;19;40;31;88;31;16;31;52;43;52;0;1;1;3;2;4;4;7;6;8;12;3;52;11;64;11;40;13;88;13;16;19;64;19;40;31;88;31;16;31;52;43;52;0;1;0;1;6;3;0;1;1;5;6;2;0;0;0;0;0;;0;0;0;0;0;0;1;1;3;2;4;4;7;6;8;12;3;52;11;64;11;40;13;88;13;16;19;64;19;40;31;88;31;16;31;52;43;52;0;1;1;3;2;4;4;7;6;8;12;3;52;11;64;11;40;13;88;13;16;19;64;19;40;31;88;31;16;31;52;43;52;0;1;1;3;2;4;4;7;6;8;12;3;52;11;64;11;40;13;88;13;16;19;64;19;40;31;88;31;16;31;52;43;52;1;0;0;1;8;3;0;1;0;7;4;3;0;0;0;0;0;;0;0;0;0;0;0;1;2;3;4;5;6;7;8;9;10;11;12;13;14;15;16;17;18;19;20;21;22;23;24;25;26;27;28;29;30;31;3;9;7;9;9;10;5;255;255;255;0;0;0;0;
1216;0;1;1;3;2;4;4;7;6;8;12;3;52;11;64;11;40;13;88;13;16;19;64;19;40;31;88;31;16;31;52;43;52;0;1;1;3;2;4;4;7;6;8;12;3;52;11;64;11;40;13;88;13;16;19;64;19;40;31;88;31;16;31;52;43;52;0;1;1;3;2;4;4;7;6;8;12;3;52;11;64;11;40;13;88;13;16;19;64;19;40;31;88;31;16;31;52;43;52;0;1;1;0;5;2;1;0;1;4;7;3;0;0;0;0;0;;0;0;0;0;0;0;1;1;3;2;4;4;7;6;8;12;3;52;11;64;11;40;13;88;13;16;19;64;19;40;31;88;31;16;31;52;43;52;0;1;1;3;2;4;4;7;6;8;12;3;52;11;64;11;40;13;88;13;16;19;64;19;40;31;88;31;16;31;52;43;52;0;1;1;3;2;4;4;7;6;8;12;3;52;11;64;11;40;13;88;13;16;19;64;19;40;31;88;31;16;31;52;43;52;0;1;1;0;5;1;1;0;1;4;8;3;0;0;0;0;0;;0;0;0;0;0;0;1;1;3;2;4;4;7;6;8;12;3;52;11;64;11;40;13;88;13;16;19;64;19;40;31;88;31;16;31;52;43;52;0;1;1;3;2;4;4;7;6;8;12;3;52;11;64;11;40;13;88;13;16;19;64;19;40;31;88;31;16;31;52;43;52;0;1;1;3;2;4;4;7;6;8;12;3;52;11;64;11;40;13;88;13;16;19;64;19;40;31;88;31;16;31;52;43;52;0;1;1;0;5;2;1;0;1;4;7;3;0;0;0;0;0;;0;0;0;0;0;0;1;2;3;4;5;6;7;8;9;10;11;12;13;14;15;16;17;18;19;20;21;22;23;24;25;26;27;28;29;30;31;10;9;9;9;9;9;7;255;255;255;0;0;0;0;
1217;0;1;1;1;5;5;7;6;10;9;12;3;52;11;52;11;72;11;32;21;64;21;40;25;88;25;16;39;84;39;20;43;52;0;1;1;1;5;5;7;6;10;9;12;3;52;11;52;11;72;11;32;21;64;21;40;25;88;25;16;39;84;39;20;43;52;0;1;1;1;5;5;7;6;10;9;12;3;52;11;52;11;72;11;32;21;64;21;40;25;88;25;16;39;84;39;20;43;52;1;1;1;0;8;3;1;0;1;5;8;3;0;0;0;0;0;;0;0;0;0;0;0;1;1;1;5;5;7;6;10;9;12;3;52;11;52;11;72;11;32;21;64;21;40;25;88;25;16;39;84;39;20;43;52;0;1;1;1;5;5;7;6;10;9;12;3;52;11;52;11;72;11;32;21;64;21;40;25;88;25;16;39;84;39;20;43;52;0;1;1;1;5;5;7;6;10;9;12;3;52;11;52;11;72;11;32;21;64;21;40;25;88;25;16;39;84;39;20;43;52;0;1;1;0;5;3;1;0;1;3;9;3;0;0;0;0;0;;0;0;0;0;0;0;1;1;1;5;5;7;6;10;9;12;3;52;11;52;11;72;11;32;21;64;21;40;25;88;25;16;39;84;39;20;43;52;0;1;1;1;5;5;7;6;10;9;12;3;52;11;52;11;72;11;32;21;64;21;40;25;88;25;16;39;84;39;20;43;52;0;1;1;1;5;5;7;6;10;9;12;3;52;11;52;11;72;11;32;21;64;21;40;25;88;25;16;39;84;39;20;43;52;1;1;1;0;8;3;1;0;1;5;8;3;0;0;0;0;0;;0;0;0;0;0;0;1;2;3;4;5;6;7;8;9;10;11;12;13;14;15;16;17;18;19;20;21;22;23;24;25;26;27;28;29;30;31;0;4;4;4;4;8;9;255;255;255;0;0;0;0;
1218;0;1;1;3;2;4;4;7;6;8;12;3;52;11;64;11;40;13;88;13;16;19;64;19;40;31;88;31;16;31;52;43;52;0;1;1;3;2;4;4;7;6;8;12;3;52;11;64;11;40;13;88;13;16;19;64;19;40;31;88;31;16;31;52;43;52;0;1;1;3;2;4;4;7;6;8;12;3;52;11;64;11;40;13;88;13;16;19;64;19;40;31;88;31;16;31;52;43;52;1;1;0;0;6;3;0;0;1;4;7;3;0;0;0;0;0;;0;0;0;0;0;0;1;1;3;2;4;4;7;6;8;12;3;52;11;64;11;40;13;88;13;16;19;64;19;40;31;88;31;16;31;52;43;52;0;1;1;3;2;4;4;7;6;8;12;3;52;11;64;11;40;13;88;13;16;19;64;19;40;31;88;31;16;31;52;43;52;0;1;1;3;2;4;4;7;6;8;12;3;52;11;64;11;40;13;88;13;16;19;64;19;40;31;88;31;16;31;52;43;52;1;1;1;0;7;3;1;0;1;3;8;3;0;0;0;0;0;;0;0;0;0;0;0;1;1;3;2;4;4;7;6;8;12;3;52;11;64;11;40;13;88;13;16;19;64;19;40;31;88;31;16;31;52;43;52;0;1;1;3;2;4;4;7;6;8;12;3;52;11;64;11;40;13;88;13;16;19;64;19;40;31;88;31;16;31;52;43;52;0;1;1;3;2;4;4;7;6;8;12;3;52;11;64;11;40;13;88;13;16;19;64;19;40;31;88;31;16;31;52;43;52;1;1;0;0;6;3;0;0;1;4;7;3;0;0;0;0;0;;0;0;0;0;0;0;1;2;3;4;5;6;7;8;9;10;11;12;13;14;15;16;17;18;19;20;21;22;23;24;25;26;27;28;29;30;31;4;9;9;9;9;4;7;255;255;255;0;0;0;0;
1232;0;1;1;3;2;5;5;8;10;9;12;3;52;11;64;11;40;13;88;13;16;21;64;21;40;31;52;39;84;39;20;43;52;0;1;1;3;2;5;5;8;10;9;12;3;52;11;64;11;40;13;88;13;16;21;64;21;40;31;52;39;84;39;20;43;52;0;1;1;3;2;5;5;8;10;9;12;3;52;11;64;11;40;13;88;13;16;21;64;21;40;31;52;39;84;39;20;43;52;1;1;1;1;3;2;0;1;0;8;3;1;0;0;0;0;0;;0;0;0;0;0;0;1;1;3;2;5;5;8;10;9;12;3;52;11;64;11;40;13;88;13;16;21;64;21;40;31;52;39;84;39;20;43;52;0;1;1;3;2;5;5;8;10;9;12;3;52;11;64;11;40;13;88;13;16;21;64;21;40;31;52;39;84;39;20;43;52;0;1;1;3;2;5;5;8;10;9;12;3;52;11;64;11;40;13;88;13;16;21;64;21;40;31;52;39;84;39;20;43;52;1;1;1;1;3;2;0;1;0;8;3;1;0;0;0;0;0;;0;0;0;0;0;0;1;1;3;2;5;5;8;10;9;12;3;52;11;64;11;40;13;88;13;16;21;64;21;40;31;52;39;84;39;20;43;52;0;1;1;3;2;5;5;8;10;9;12;3;52;11;64;11;40;13;88;13;16;21;64;21;40;31;52;39;84;39;20;43;52;0;1;1;3;2;5;5;8;10;9;12;3;52;11;64;11;40;13;88;13;16;21;64;21;40;31;52;39;84;39;20;43;52;1;1;1;1;3;2;0;1;0;8;3;1;0;0;0;0;0;;0;0;0;0;0;0;1;2;3;4;5;6;7;8;9;10;11;12;13;14;15;16;17;18;19;20;21;22;23;24;25;26;27;28;29;30;31;7;7;1;8;7;7;9;255;255;255;0;0;0;0;
1236;0;1;1;3;2;4;5;5;7;6;12;3;52;11;64;11;40;13;88;13;16;21;52;27;68;27;36;30;93;29;11;43;52;0;1;1;3;2;5;5;7;6;8;12;3;52;11;64;11;40;15;88;15;16;21;64;21;40;31;84;31;20;31;52;43;52;0;1;1;3;2;5;5;7;6;8;12;3;52;11;64;11;40;13;88;13;16;21;64;21;40;27;84;27;20;29;52;43;52;0;1;0;0;7;2;1;1;1;6;7;3;0;0;0;0;0;;0;0;11;64;11;0;1;1;3;2;5;5;7;6;8;12;3;52;11;64;11;40;13;88;13;16;21;64;21;40;27;84;27;20;29;52;43;52;0;1;1;3;2;5;5;7;6;8;12;3;52;11;64;11;40;13;88;13;16;21;64;21;40;27;84;27;20;29;52;43;52;0;1;1;3;2;5;5;7;6;8;12;3;52;11;64;11;40;13;88;13;16;21;64;21;40;27;84;27;20;29;52;43;52;0;0;0;1;6;1;1;0;0;8;8;3;0;0;0;0;0;;0;0;31;52;43;0;1;1;3;2;5;5;7;6;8;12;3;52;11;64;11;40;13;88;13;16;21;64;21;40;29;84;29;20;31;52;43;52;0;1;1;3;2;5;5;7;6;8;12;3;52;11;64;11;40;15;88;15;16;21;64;21;40;31;84;31;20;31;52;43;52;0;1;1;3;2;5;5;7;6;8;12;3;52;11;64;11;40;13;88;13;16;21;64;21;40;27;84;27;20;29;52;43;52;0;1;0;0;7;2;1;1;1;6;7;3;0;0;0;0;0;;255;255;0;0;0;0;1;2;3;4;5;6;7;8;9;10;11;12;13;14;15;16;17;18;19;20;21;22;23;24;25;26;27;28;29;30;31;6;6;6;6;6;10;8;2;1;10;0;0;0;0;
1237;0;1;1;1;5;5;7;6;10;9;12;3;52;11;52;11;72;11;32;25;68;25;36;31;84;31;16;41;84;41;20;43;52;0;1;1;3;2;5;5;7;6;12;12;3;52;11;64;11;40;13;88;13;16;25;64;25;40;25;88;25;16;43;64;43;40;0;1;1;3;2;5;5;7;6;12;12;3;52;11;64;11;40;13;88;13;16;25;64;25;40;25;88;25;16;43;64;43;40;1;1;0;0;6;3;1;1;0;6;4;3;0;1122944768;1122944768;1122944768;1122944768;;0;0;11;64;11;0;1;1;3;2;5;5;7;6;12;12;3;52;11;64;11;40;13;88;13;16;25;64;25;40;25;88;25;16;43;64;43;40;0;1;1;3;2;5;5;7;6;12;12;3;52;11;64;11;40;13;88;13;16;25;64;25;40;25;88;25;16;43;64;43;40;0;1;1;3;2;5;5;7;6;12;12;3;52;11;64;11;40;13;88;13;16;25;64;25;40;25;88;25;16;43;64;43;40;0;0;0;0;3;3;1;1;0;3;3;3;0;1122944768;1122944768;1122944768;1122944768;;0;0;43;64;43;0;1;1;3;2;5;5;7;6;12;12;3;52;11;64;11;40;13;88;13;16;25;64;25;40;25;88;25;16;43;64;43;40;0;1;1;3;2;5;5;7;6;12;12;3;52;11;64;11;40;13;88;13;16;25;64;25;40;25;88;25;16;43;64;43;40;0;1;1;3;2;5;5;7;6;12;12;3;52;11;64;11;40;13;88;13;16;25;64;25;40;25;88;25;16;43;64;43;40;1;1;0;0;6;3;1;1;0;6;4;3;0;1122944768;1122944768;1122944768;1122944768;;255;255;0;0;0;11;17;23;2;7;6;15;4;1;30;10;0;13;14;3;5;20;9;21;22;27;26;25;24;8;19;16;28;29;18;12;255;17;15;17;15;15;10;30;17;23;10;0;0;0;0;
1238;0;1;1;3;2;4;4;7;6;8;12;3;52;11;64;11;40;13;88;13;16;19;64;19;40;31;88;31;16;33;52;43;52;0;1;1;3;2;4;4;7;6;8;12;3;52;11;64;11;40;13;88;13;16;19;64;19;40;31;88;31;16;31;52;43;52;0;1;1;3;2;4;4;7;6;8;12;3;52;11;64;11;40;13;88;13;16;19;64;19;40;31;88;31;16;31;52;43;52;1;1;0;1;6;3;0;0;0;5;7;3;0;1122944768;1122944768;1122944768;1122944768;;0;0;11;64;11;0;1;1;3;2;4;4;7;6;8;12;3;52;11;64;11;40;13;88;13;16;19;64;19;40;31;88;31;16;31;52;43;52;0;1;1;3;2;4;4;7;6;8;12;3;52;11;64;11;40;13;88;13;16;19;64;19;40;31;88;31;16;31;52;43;52;0;1;1;3;2;4;4;7;6;8;12;3;52;11;64;11;40;13;88;13;16;19;64;19;40;31;88;31;16;31;52;43;52;1;1;1;0;7;2;1;1;0;6;7;3;0;1122944768;1122944768;1122944768;1122944768;;0;0;31;52;43;0;1;1;3;2;4;4;7;6;8;12;3;52;11;64;11;40;13;88;13;16;19;64;19;40;31;88;31;16;31;52;43;52;0;1;1;3;2;4;4;7;6;8;12;3;52;11;64;11;40;13;88;13;16;19;64;19;40;31;88;31;16;31;52;43;52;0;1;1;3;2;4;4;7;6;8;12;3;52;11;64;11;40;13;88;13;16;19;64;19;40;31;88;31;16;31;52;43;52;1;1;0;1;6;3;0;0;0;5;7;3;0;1122944768;1122944768;1122944768;1122944768;;255;255;0;0;0;0;1;2;3;4;5;6;7;8;9;10;11;12;13;14;15;16;17;18;19;20;21;22;23;24;25;26;27;28;29;30;31;10;7;6;7;7;10;8;10;2;1;0;0;0;0;
1239;0;1;1;3;2;4;5;5;7;6;12;3;52;11;64;11;40;13;88;13;16;21;52;26;68;26;36;28;89;28;15;43;52;0;1;1;3;2;4;4;7;6;8;12;3;52;11;64;11;40;13;88;13;16;19;64;19;40;31;88;31;16;31;52;43;52;0;1;1;3;2;4;4;7;6;8;12;3;52;11;64;11;40;13;88;13;16;19;64;19;40;31;88;31;16;31;52;43;52;0;1;0;1;6;3;0;1;1;6;6;3;0;1122944768;1122944768;1122944768;1122944768;;0;0;11;64;11;0;1;1;3;2;4;4;7;6;8;12;3;52;11;64;11;40;13;88;13;16;19;64;19;40;31;88;31;16;31;52;43;52;0;1;1;3;2;4;4;7;6;8;12;3;52;11;64;11;40;13;88;13;16;19;64;19;40;31;88;31;16;31;52;43;52;0;1;1;3;2;4;4;7;6;8;12;3;52;11;64;11;40;13;88;13;16;19;64;19;40;31;88;31;16;31;52;43;52;1;1;1;0;7;1;1;0;0;5;5;3;0;1122944768;1122944768;1122944768;1122944768;;0;0;31;52;43;0;1;1;3;2;4;4;7;6;8;12;3;52;11;64;11;40;13;88;13;16;19;64;19;40;31;88;31;16;31;52;43;52;0;1;1;3;2;4;4;7;6;8;12;3;52;11;64;11;40;13;88;13;16;19;64;19;40;31;88;31;16;31;52;43;52;0;1;1;3;2;4;4;7;6;8;12;3;52;11;64;11;40;13;88;13;16;19;64;19;40;31;88;31;16;31;52;43;52;0;1;0;1;6;3;0;1;1;6;6;3;0;1122944768;1122944768;1122944768;1122944768;;255;255;0;0;0;0;1;2;3;4;5;6;7;8;9;10;11;12;13;14;15;16;17;18;19;20;21;22;23;24;25;26;27;28;29;30;31;8;6;6;6;6;10;8;2;1;10;0;0;0;0;
1240;0;1;1;3;2;4;5;5;10;9;12;3;52;11;64;11;40;13;88;13;16;19;52;27;68;27;36;41;84;41;20;43;52;0;1;1;3;2;4;4;7;6;8;12;3;52;11;64;11;40;15;88;15;16;23;64;23;40;33;84;33;20;33;52;43;52;0;1;1;3;2;4;4;7;6;8;12;3;52;11;64;11;40;13;88;13;16;19;64;19;40;29;84;29;20;29;52;41;52;1;1;1;0;6;3;1;0;1;5;6;3;0;1122944768;1122944768;1122944768;1122944768;;0;0;11;64;11;0;1;1;3;2;4;4;7;6;8;12;3;52;11;64;11;40;13;88;13;16;19;64;19;40;29;84;29;20;29;52;41;52;0;1;1;3;2;4;4;7;6;8;12;3;52;11;64;11;40;13;88;13;16;19;64;19;40;29;84;29;20;29;52;41;52;0;1;1;3;2;4;4;7;6;8;12;3;52;11;64;11;40;13;88;13;16;19;64;19;40;29;84;29;20;29;52;41;52;0;0;1;0;5;2;1;1;0;4;6;3;0;1122944768;1122944768;1122944768;1122944768;;0;0;31;52;43;0;1;1;3;2;4;4;7;6;8;12;3;52;11;64;11;40;13;88;13;16;21;64;21;40;31;84;31;20;31;52;43;52;0;1;1;3;2;4;4;7;6;8;12;3;52;11;64;11;40;15;88;15;16;23;64;23;40;33;84;33;20;33;52;43;52;0;1;1;3;2;4;4;7;6;8;12;3;52;11;64;11;40;13;88;13;16;19;64;19;40;29;84;29;20;29;52;41;52;1;1;1;0;6;3;1;0;1;5;6;3;0;1122944768;1122944768;1122944768;1122944768;;255;255;0;0;0;0;16;17;20;9;5;21;3;12;18;10;8;19;4;14;22;1;2;11;6;24;13;15;7;23;25;26;27;28;29;30;31;0;21;21;21;21;10;18;17;16;10;0;0;0;0;
1241;0;1;1;3;2;4;4;7;6;8;12;3;52;11;64;11;40;13;88;13;16;19;64;19;40;31;88;31;16;33;52;43;52;0;1;1;3;2;5;5;7;6;8;12;3;52;11;64;11;40;13;88;13;16;23;64;23;40;23;84;23;20;33;52;43;52;0;1;1;3;2;5;5;7;6;8;12;3;52;11;64;11;40;13;88;13;16;23;64;23;40;23;84;23;20;33;52;43;52;1;1;0;1;7;3;0;1;0;6;5;3;0;1122944768;1122944768;1122944768;1122944768;;0;0;11;64;11;0;1;1;3;2;5;5;7;6;8;12;3;52;11;64;11;40;13;88;13;16;23;64;23;40;23;84;23;20;33;52;43;52;0;1;1;3;2;5;5;7;6;8;12;3;52;11;64;11;40;13;88;13;16;23;64;23;40;23;84;23;20;33;52;43;52;0;1;1;3;2;5;5;7;6;8;12;3;52;11;64;11;40;13;88;13;16;23;64;23;40;23;84;23;20;33;52;43;52;1;1;1;1;5;3;1;1;0;3;6;3;0;1122944768;1122944768;1122944768;1122944768;;0;0;33;52;43;0;1;1;3;2;5;5;7;6;8;12;3;52;11;64;11;40;13;88;13;16;23;64;23;40;23;84;23;20;33;52;43;52;0;1;1;3;2;5;5;7;6;8;12;3;52;11;64;11;40;13;88;13;16;23;64;23;40;23;84;23;20;33;52;43;52;0;1;1;3;2;5;5;7;6;8;12;3;52;11;64;11;40;13;88;13;16;23;64;23;40;23;84;23;20;33;52;43;52;1;1;0;1;7;3;0;1;0;6;5;3;0;1122944768;1122944768;1122944768;1122944768;;255;255;0;0;0;10;13;17;0;19;27;21;8;12;29;24;2;26;11;14;1;15;16;7;5;4;22;23;6;25;9;18;20;28;3;30;31;10;29;21;29;29;24;12;17;13;0;0;0;0;0;
1242;0;1;1;3;2;4;4;7;6;8;12;3;52;11;64;11;40;13;88;13;16;19;64;19;40;31;88;31;16;33;52;43;52;0;1;1;3;2;5;5;7;6;12;12;3;52;11;64;11;40;13;88;13;16;23;64;23;40;29;88;29;16;43;64;43;40;0;1;1;3;2;5;5;7;6;12;12;3;52;11;64;11;40;13;88;13;16;21;64;21;40;25;88;25;16;41;64;41;40;0;0;0;0;7;3;1;1;1;5;6;3;0;1122944768;1122944768;1122944768;1122944768;;0;0;11;64;11;0;1;1;3;2;5;5;7;6;12;12;3;52;11;64;11;40;13;88;13;16;21;64;21;40;25;88;25;16;41;64;41;40;0;1;1;3;2;5;5;7;6;12;12;3;52;11;64;11;40;13;88;13;16;21;64;21;40;25;88;25;16;41;64;41;40;0;1;1;3;2;5;5;7;6;12;12;3;52;11;64;11;40;13;88;13;16;21;64;21;40;25;88;25;16;41;64;41;40;0;0;0;0;6;2;1;0;1;3;8;2;0;1122944768;1122944768;1122944768;1122944768;;0;0;43;64;43;0;1;1;3;2;5;5;7;6;12;12;3;52;11;64;11;40;13;88;13;16;21;64;21;40;27;88;27;16;43;64;43;40;0;1;1;3;2;5;5;7;6;12;12;3;52;11;64;11;40;13;88;13;16;23;64;23;40;29;88;29;16;43;64;43;40;0;1;1;3;2;5;5;7;6;12;12;3;52;11;64;11;40;13;88;13;16;21;64;21;40;25;88;25;16;41;64;41;40;0;0;0;0;7;3;1;1;1;5;6;3;0;1122944768;1122944768;1122944768;1122944768;;255;255;0;0;0;0;12;2;14;15;5;9;22;7;8;6;11;1;13;19;21;4;3;18;20;10;23;17;16;255;255;255;255;255;255;255;255;8;8;8;8;8;8;9;2;12;6;0;0;0;0;
1243;0;1;1;3;2;4;4;7;6;11;12;3;52;11;64;11;40;13;88;13;16;21;64;21;40;31;88;31;16;41;64;43;40;0;1;1;3;2;4;4;8;10;9;12;3;52;11;64;11;40;13;88;13;16;23;68;23;36;31;52;35;84;35;20;43;52;0;1;1;3;2;4;4;8;10;9;12;3;52;11;64;11;40;13;88;13;16;19;68;19;36;29;52;35;84;35;20;41;52;1;1;1;1;6;3;0;0;0;6;4;3;0;1122944768;1122944768;1122944768;1122944768;;0;0;11;64;11;0;1;1;3;2;4;4;8;10;9;12;3;52;11;64;11;40;13;88;13;16;19;68;19;36;29;52;35;84;35;20;41;52;0;1;1;3;2;4;4;8;10;9;12;3;52;11;64;11;40;13;88;13;16;19;68;19;36;29;52;35;84;35;20;41;52;0;1;1;3;2;4;4;8;10;9;12;3;52;11;64;11;40;13;88;13;16;19;68;19;36;29;52;35;84;35;20;41;52;0;0;0;1;4;3;1;0;0;3;7;3;0;1122944768;1122944768;1122944768;1122944768;;0;0;35;20;43;0;1;1;3;2;4;4;8;10;9;12;3;52;11;64;11;40;13;88;13;16;23;68;23;36;31;52;35;84;35;20;43;52;0;1;1;3;2;4;4;8;10;9;12;3;52;11;64;11;40;13;88;13;16;23;68;23;36;31;52;35;84;35;20;43;52;0;1;1;3;2;4;4;8;10;9;12;3;52;11;64;11;40;13;88;13;16;19;68;19;36;29;52;35;84;35;20;41;52;1;1;1;1;6;3;0;0;0;6;4;3;0;1122944768;1122944768;1122944768;1122944768;;255;255;0;0;0;1;14;3;17;12;4;26;25;5;15;2;0;6;9;18;16;28;13;7;8;11;23;27;21;10;20;19;24;22;29;30;31;3;25;15;25;25;25;2;3;14;26;0;0;0;0;
1244;0;1;1;3;2;4;4;7;6;8;12;3;52;11;64;11;40;13;88;13;16;19;64;19;40;31;88;31;16;33;52;43;52;0;1;1;1;4;4;7;6;8;8;12;3;52;11;52;11;72;11;32;19;64;19;40;27;88;27;16;33;64;33;40;43;52;0;1;1;1;4;4;7;6;8;8;12;3;52;11;52;11;72;11;32;19;64;19;40;27;88;27;16;33;64;33;40;43;52;1;1;1;1;6;3;0;0;0;6;6;3;0;1122944768;1122944768;1122944768;1122944768;;0;0;11;52;11;0;1;1;1;4;4;7;6;8;8;12;3;52;11;52;11;72;11;32;19;64;19;40;27;88;27;16;33;64;33;40;43;52;0;1;1;1;4;4;7;6;8;8;12;3;52;11;52;11;72;11;32;19;64;19;40;27;88;27;16;33;64;33;40;43;52;0;1;1;1;4;4;7;6;8;8;12;3;52;11;52;11;72;11;32;19;64;19;40;27;88;27;16;33;64;33;40;43;52;1;1;0;0;4;3;1;0;0;4;7;3;0;1122944768;1122944768;1122944768;1122944768;;0;0;33;40;43;0;1;1;1;4;4;7;6;8;8;12;3;52;11;52;11;72;11;32;19;64;19;40;27;88;27;16;33;64;33;40;43;52;0;1;1;1;4;4;7;6;8;8;12;3;52;11;52;11;72;11;32;19;64;19;40;27;88;27;16;33;64;33;40;43;52;0;1;1;1;4;4;7;6;8;8;12;3;52;11;52;11;72;11;32;19;64;19;40;27;88;27;16;33;64;33;40;43;52;1;1;1;1;6;3;0;0;0;6;6;3;0;1122944768;1122944768;1122944768;1122944768;;255;255;0;0;0;25;0;16;12;4;13;5;8;20;22;10;11;2;15;17;6;18;19;9;3;21;14;7;23;1;24;255;255;255;255;255;255;5;22;20;4;4;8;8;0;12;10;0;0;0;0;
1245;0;1;1;3;2;5;5;7;6;8;12;3;52;11;64;11;40;13;88;13;16;19;64;19;40;31;84;31;20;31;52;43;52;0;1;1;3;2;4;4;7;6;8;12;3;52;13;64;13;40;15;88;15;16;21;64;21;40;33;84;33;20;33;52;43;52;0;1;1;3;2;4;4;7;6;8;12;3;52;9;64;9;40;11;88;11;16;17;64;17;40;29;84;29;20;29;52;41;52;1;1;0;1;3;3;0;1;0;6;6;2;0;1122944768;1122944768;1122944768;1122944768;;0;0;11;64;11;0;1;1;3;2;4;4;7;6;8;12;3;52;9;64;9;40;11;88;11;16;17;64;17;40;29;84;29;20;29;52;41;52;0;1;1;3;2;4;4;7;6;8;12;3;52;9;64;9;40;11;88;11;16;17;64;17;40;29;84;29;20;29;52;41;52;0;1;1;3;2;4;4;7;6;8;12;3;52;9;64;9;40;11;88;11;16;17;64;17;40;29;84;29;20;29;52;41;52;0;1;0;1;4;2;0;1;1;4;7;3;0;1122944768;1122944768;1122944768;1122944768;;0;0;31;52;43;0;1;1;3;2;4;4;7;6;8;12;3;52;11;64;11;40;13;88;13;16;19;64;19;40;31;84;31;20;31;52;43;52;0;1;1;3;2;4;4;7;6;8;12;3;52;13;64;13;40;15;88;15;16;21;64;21;40;33;84;33;20;33;52;43;52;0;1;1;3;2;4;4;7;6;8;12;3;52;9;64;9;40;11;88;11;16;17;64;17;40;29;84;29;20;29;52;41;52;1;1;0;1;3;3;0;1;0;6;6;2;0;1122944768;1122944768;1122944768;1122944768;;255;255;0;0;0;18;8;4;15;7;14;27;16;21;11;0;17;13;5;9;23;22;24;6;20;28;3;1;26;2;10;19;12;25;255;255;255;0;0;11;11;11;0;11;8;4;0;0;0;0;0;
1246;0;1;1;3;2;4;4;7;6;8;12;3;52;11;64;11;40;13;88;13;16;19;64;19;40;31;88;31;16;33;52;43;52;0;1;1;3;2;4;5;5;7;6;12;3;52;11;64;11;40;13;88;13;16;19;52;25;68;25;36;33;84;33;20;43;52;0;1;1;3;2;4;5;5;7;6;12;3;52;11;64;11;40;13;88;13;16;19;52;25;68;25;36;33;84;33;20;43;52;1;1;1;1;6;3;1;1;1;5;5;2;0;1122944768;1122944768;1122944768;1122944768;;0;0;11;64;11;0;1;1;3;2;4;5;5;7;6;12;3;52;11;64;11;40;13;88;13;16;19;52;25;68;25;36;33;84;33;20;43;52;0;1;1;3;2;4;5;5;7;6;12;3;52;11;64;11;40;13;88;13;16;19;52;25;68;25;36;33;84;33;20;43;52;0;1;1;3;2;4;5;5;7;6;12;3;52;11;64;11;40;13;88;13;16;19;52;25;68;25;36;33;84;33;20;43;52;1;1;1;1;8;2;1;1;1;4;5;2;0;1122944768;1122944768;1122944768;1122944768;;0;0;33;52;43;0;1;1;3;2;4;5;5;7;6;12;3;52;11;64;11;40;13;88;13;16;19;52;25;68;25;36;33;84;33;20;43;52;0;1;1;3;2;4;5;5;7;6;12;3;52;11;64;11;40;13;88;13;16;19;52;25;68;25;36;33;84;33;20;43;52;0;1;1;3;2;4;5;5;7;6;12;3;52;11;64;11;40;13;88;13;16;19;52;25;68;25;36;33;84;33;20;43;52;1;1;1;1;6;3;1;1;1;5;5;2;0;1122944768;1122944768;1122944768;1122944768;;255;255;0;2;0;24;12;13;1;8;21;26;10;14;18;2;15;20;11;4;28;3;19;5;9;16;25;23;7;0;6;17;22;27;29;30;31;24;18;8;18;18;18;10;13;12;2;0;0;0;0;
1247;0;1;1;1;4;5;7;6;8;12;12;3;52;11;52;11;72;11;32;23;64;23;40;31;88;31;16;33;52;43;64;43;40;0;1;1;3;2;4;4;7;6;8;12;3;52;11;64;11;40;13;88;13;16;21;64;21;40;29;84;29;20;31;52;41;52;0;1;1;3;2;4;4;7;6;8;12;3;52;11;64;11;40;13;88;13;16;21;64;21;40;29;84;29;20;31;52;41;52;0;1;0;0;4;2;1;1;1;4;7;3;0;1122944768;1122944768;1122944768;1122944768;;0;0;11;64;11;0;1;1;3;2;4;4;7;6;8;12;3;52;11;64;11;40;13;88;13;16;21;64;21;40;29;84;29;20;31;52;41;52;0;1;1;3;2;4;4;7;6;8;12;3;52;11;64;11;40;13;88;13;16;21;64;21;40;29;84;29;20;31;52;41;52;0;1;1;3;2;4;4;7;6;8;12;3;52;11;64;11;40;13;88;13;16;21;64;21;40;29;84;29;20;31;52;41;52;0;1;0;0;6;1;1;1;1;2;8;3;0;1122944768;1122944768;1122944768;1122944768;;0;0;31;52;43;0;1;1;3;2;4;4;7;6;8;12;3;52;11;64;11;40;13;88;13;16;21;64;21;40;29;84;29;20;31;52;41;52;0;1;1;3;2;4;4;7;6;8;12;3;52;11;64;11;40;13;88;13;16;21;64;21;40;29;84;29;20;31;52;41;52;0;1;1;3;2;4;4;7;6;8;12;3;52;11;64;11;40;13;88;13;16;21;64;21;40;29;84;29;20;31;52;41;52;0;1;0;0;4;2;1;1;1;4;7;3;0;1122944768;1122944768;1122944768;1122944768;;255;255;0;0;0;15;4;7;2;24;20;9;5;11;0;25;3;8;16;13;17;23;6;26;14;19;18;12;27;1;22;21;28;10;29;255;255;0;11;11;11;11;0;0;4;7;255;0;0;0;0;
1248;0;1;1;3;2;4;4;8;8;8;12;3;52;11;64;11;40;13;88;13;16;19;64;19;40;33;83;33;21;33;52;43;52;0;1;1;3;2;4;4;7;6;8;12;3;52;11;64;11;40;13;88;13;16;23;64;23;40;33;84;33;20;33;52;43;52;0;1;1;3;2;4;4;7;6;8;12;3;52;11;64;11;40;11;88;11;16;17;64;17;40;29;84;29;20;29;52;43;52;1;1;1;0;5;2;0;0;0;6;6;2;0;1122944768;1122944768;1122944768;1122944768;;0;0;11;64;11;0;1;1;3;2;4;4;7;6;8;12;3;52;11;64;11;40;11;88;11;16;17;64;17;40;29;84;29;20;29;52;43;52;0;1;1;3;2;4;4;7;6;8;12;3;52;11;64;11;40;11;88;11;16;17;64;17;40;29;84;29;20;29;52;43;52;0;1;1;3;2;4;4;7;6;8;12;3;52;11;64;11;40;11;88;11;16;17;64;17;40;29;84;29;20;29;52;43;52;1;1;1;1;7;2;1;1;1;2;6;3;0;1122944768;1122944768;1122944768;1122944768;;0;0;33;52;43;0;1;1;3;2;4;4;7;6;8;12;3;52;11;64;11;40;13;88;13;16;19;64;19;40;31;84;31;20;33;52;43;52;0;1;1;3;2;4;4;7;6;8;12;3;52;11;64;11;40;13;88;13;16;23;64;23;40;33;84;33;20;33;52;43;52;0;1;1;3;2;4;4;7;6;8;12;3;52;11;64;11;40;11;88;11;16;17;64;17;40;29;84;29;20;29;52;43;52;1;1;1;0;5;2;0;0;0;6;6;2;0;1122944768;1122944768;1122944768;1122944768;;255;255;0;0;0;8;6;5;15;21;3;2;27;24;7;10;16;20;17;11;25;18;0;14;1;12;23;19;13;9;22;4;26;255;255;255;255;21;7;2;7;7;2;2;5;6;10;0;0;0;0;
1249;0;1;1;3;2;5;5;7;6;8;12;3;52;11;64;11;40;13;88;13;16;19;64;19;40;31;88;31;16;33;52;43;52;0;1;1;3;2;4;5;5;7;6;12;3;52;11;64;11;40;13;88;13;16;19;52;25;68;25;36;33;84;33;20;43;52;0;1;1;3;2;4;5;5;7;6;12;3;52;11;64;11;40;13;88;13;16;19;52;25;68;25;36;33;84;33;20;43;52;1;1;0;1;5;1;1;1;1;6;5;3;0;1122944768;1122944768;1122944768;1122944768;;0;0;11;64;11;0;1;1;3;2;4;5;5;7;6;12;3;52;11;64;11;40;13;88;13;16;19;52;25;68;25;36;33;84;33;20;43;52;0;1;1;3;2;4;5;5;7;6;12;3;52;11;64;11;40;13;88;13;16;19;52;25;68;25;36;33;84;33;20;43;52;0;1;1;3;2;4;5;5;7;6;12;3;52;11;64;11;40;13;88;13;16;19;52;25;68;25;36;33;84;33;20;43;52;1;1;0;1;6;1;1;1;1;4;6;3;0;1122944768;1122944768;1122944768;1122944768;;0;0;33;20;43;0;1;1;3;2;4;5;5;7;6;12;3;52;11;64;11;40;13;88;13;16;19;52;25;68;25;36;33;84;33;20;43;52;0;1;1;3;2;4;5;5;7;6;12;3;52;11;64;11;40;13;88;13;16;19;52;25;68;25;36;33;84;33;20;43;52;0;1;1;3;2;4;5;5;7;6;12;3;52;11;64;11;40;13;88;13;16;19;52;25;68;25;36;33;84;33;20;43;52;1;1;0;1;5;1;1;1;1;6;5;3;0;1122944768;1122944768;1122944768;1122944768;;255;255;0;0;0;0;11;19;3;16;6;24;12;13;28;10;5;22;31;14;21;23;25;8;9;7;2;29;17;15;4;1;18;30;27;26;20;11;28;28;28;28;28;3;19;11;10;0;0;0;0;
1250;0;1;1;3;2;4;4;7;6;8;12;3;52;11;64;11;40;13;88;13;16;19;64;19;40;31;84;31;20;33;52;43;52;0;1;1;3;2;4;4;7;6;8;12;3;52;11;64;11;40;13;88;13;16;21;64;21;40;33;84;33;20;33;52;43;52;0;1;1;3;2;4;4;7;6;8;12;3;52;11;64;11;40;11;88;11;16;19;64;19;40;27;84;27;20;33;52;43;52;1;1;0;1;6;3;0;1;0;7;7;2;0;1122944768;1122944768;1122944768;1122944768;;0;0;11;64;11;0;1;1;3;2;4;4;7;6;8;12;3;52;11;64;11;40;11;88;11;16;19;64;19;40;27;84;27;20;33;52;43;52;0;1;1;3;2;4;4;7;6;8;12;3;52;11;64;11;40;11;88;11;16;19;64;19;40;27;84;27;20;33;52;43;52;0;1;1;3;2;4;4;7;6;8;12;3;52;11;64;11;40;11;88;11;16;19;64;19;40;27;84;27;20;33;52;43;52;0;0;1;1;5;3;1;0;0;6;7;3;0;1122944768;1122944768;1122944768;1122944768;;0;0;31;52;43;0;1;1;3;2;4;4;7;6;8;12;3;52;11;64;11;40;13;88;13;16;19;64;19;40;31;84;31;20;33;52;43;52;0;1;1;3;2;4;4;7;6;8;12;3;52;11;64;11;40;13;88;13;16;21;64;21;40;33;84;33;20;33;52;43;52;0;1;1;3;2;4;4;7;6;8;12;3;52;11;64;11;40;11;88;11;16;19;64;19;40;27;84;27;20;33;52;43;52;1;1;0;1;6;3;0;1;0;7;7;2;0;1122944768;1122944768;1122944768;1122944768;;255;255;0;0;0;3;5;20;27;4;17;22;15;13;31;29;1;30;0;19;9;24;8;12;26;10;28;14;16;7;6;23;21;25;18;2;11;31;31;22;22;22;31;4;20;5;29;0;0;0;0;
1252;0;1;1;3;2;4;4;7;6;8;12;3;52;11;64;11;40;13;88;13;16;19;64;19;40;31;84;31;20;33;52;43;52;0;1;1;3;2;4;4;7;6;8;12;3;52;11;64;11;40;13;88;13;16;19;64;19;40;31;84;31;20;33;52;43;52;0;1;1;3;2;4;4;7;6;8;12;3;52;11;64;11;40;13;88;13;16;19;64;19;40;31;84;31;20;33;52;43;52;1;1;0;1;5;3;0;1;1;7;6;3;0;1122944768;1122944768;1122944768;1122944768;;0;0;11;64;11;0;1;1;3;2;4;4;7;6;8;12;3;52;11;64;11;40;13;88;13;16;19;64;19;40;31;84;31;20;33;52;43;52;0;1;1;3;2;4;4;7;6;8;12;3;52;11;64;11;40;13;88;13;16;19;64;19;40;31;84;31;20;33;52;43;52;0;1;1;3;2;4;4;7;6;8;12;3;52;11;64;11;40;13;88;13;16;19;64;19;40;31;84;31;20;33;52;43;52;0;1;0;1;4;3;1;0;0;4;8;3;0;1122944768;1122944768;1122944768;1122944768;;0;0;33;52;43;0;1;1;3;2;4;4;7;6;8;12;3;52;11;64;11;40;13;88;13;16;19;64;19;40;31;84;31;20;33;52;43;52;0;1;1;3;2;4;4;7;6;8;12;3;52;11;64;11;40;13;88;13;16;19;64;19;40;31;84;31;20;33;52;43;52;0;1;1;3;2;4;4;7;6;8;12;3;52;11;64;11;40;13;88;13;16;19;64;19;40;31;84;31;20;33;52;43;52;1;1;0;1;5;3;0;1;1;7;6;3;0;1122944768;1122944768;1122944768;1122944768;;255;255;0;0;0;6;11;16;22;23;4;24;7;3;2;1;19;18;15;0;20;10;14;12;13;25;9;27;21;17;26;5;8;255;255;255;255;2;2;2;2;2;2;22;16;11;1;0;0;0;0;
1254;0;1;1;3;2;4;5;5;10;9;11;3;52;11;64;11;40;13;88;13;16;19;52;26;68;26;36;41;84;41;20;39;52;0;1;1;3;2;4;4;7;6;8;12;3;52;11;64;11;40;13;88;13;16;19;64;19;40;31;84;31;20;33;52;43;52;0;1;1;3;2;4;4;7;6;8;12;3;52;11;64;11;40;13;88;13;16;19;64;19;40;31;84;31;20;33;52;43;52;1;1;0;1;4;3;0;1;0;6;3;2;0;1122944768;1122944768;1122944768;1122944768;;0;0;11;64;11;0;1;1;3;2;4;4;7;6;8;12;3;52;11;64;11;40;13;88;13;16;19;64;19;40;31;84;31;20;33;52;43;52;0;1;1;3;2;4;4;7;6;8;12;3;52;11;64;11;40;13;88;13;16;19;64;19;40;31;84;31;20;33;52;43;52;0;1;1;3;2;4;4;7;6;8;12;3;52;11;64;11;40;13;88;13;16;19;64;19;40;31;84;31;20;33;52;43;52;0;0;0;1;6;2;0;1;0;5;4;3;0;1122944768;1122944768;1122944768;1122944768;;0;0;31;52;43;0;1;1;3;2;4;4;7;6;8;12;3;52;11;64;11;40;13;88;13;16;19;64;19;40;31;84;31;20;33;52;43;52;0;1;1;3;2;4;4;7;6;8;12;3;52;11;64;11;40;13;88;13;16;19;64;19;40;31;84;31;20;33;52;43;52;0;1;1;3;2;4;4;7;6;8;12;3;52;11;64;11;40;13;88;13;16;19;64;19;40;31;84;31;20;33;52;43;52;1;1;0;1;4;3;0;1;0;6;3;2;0;1122944768;1122944768;1122944768;1122944768;;255;255;0;0;0;18;4;8;21;6;23;15;0;12;14;1;17;10;30;11;22;13;3;5;2;29;16;9;20;19;25;27;26;24;7;28;255;1;1;15;1;1;1;12;8;4;23;0;0;0;0;
1255;0;1;1;1;4;4;7;6;8;11;12;3;52;11;52;11;72;11;32;19;64;19;40;31;88;31;16;33;52;41;64;43;40;0;1;1;3;2;4;4;7;6;8;12;3;52;11;64;11;40;13;88;13;16;19;64;19;40;31;88;31;16;31;52;43;52;0;1;1;3;2;4;4;7;6;8;12;3;52;11;64;11;40;13;88;13;16;19;64;19;40;31;88;31;16;31;52;43;52;1;1;0;0;5;3;1;1;1;8;5;2;0;1122944768;1122944768;1122944768;1122944768;;0;0;11;64;11;0;1;1;3;2;4;4;7;6;8;12;3;52;11;64;11;40;13;88;13;16;19;64;19;40;31;88;31;16;31;52;43;52;0;1;1;3;2;4;4;7;6;8;12;3;52;11;64;11;40;13;88;13;16;19;64;19;40;31;88;31;16;31;52;43;52;0;1;1;3;2;4;4;7;6;8;12;3;52;11;64;11;40;13;88;13;16;19;64;19;40;31;88;31;16;31;52;43;52;0;1;0;1;7;2;1;1;1;6;7;3;0;1122944768;1122944768;1122944768;1122944768;;0;0;35;20;43;0;1;1;3;2;4;4;7;6;8;12;3;52;11;64;11;40;13;88;13;16;19;64;19;40;31;88;31;16;31;52;43;52;0;1;1;3;2;4;4;7;6;8;12;3;52;11;64;11;40;13;88;13;16;19;64;19;40;31;88;31;16;31;52;43;52;0;1;1;3;2;4;4;7;6;8;12;3;52;11;64;11;40;13;88;13;16;19;64;19;40;31;88;31;16;31;52;43;52;1;1;0;0;5;3;1;1;1;8;5;2;0;1122944768;1122944768;1122944768;1122944768;;255;255;0;0;0;7;14;27;6;3;16;1;11;4;2;0;10;9;21;12;5;22;15;13;17;20;25;8;26;28;18;29;24;30;23;19;255;4;4;4;4;4;4;2;14;6;0;0;0;0;0;
1256;0;1;1;3;2;4;4;7;6;8;12;3;52;11;64;11;40;13;88;13;16;19;64;19;40;31;88;31;16;33;52;43;52;0;1;1;1;5;5;7;6;8;12;12;3;52;11;52;11;72;11;32;23;68;23;36;31;88;31;16;31;52;43;64;43;40;0;1;1;1;5;5;7;6;8;12;12;3;52;11;52;11;72;11;32;23;68;23;36;23;88;23;16;31;52;43;64;43;40;0;1;0;1;6;3;0;1;0;5;5;3;0;1122944768;1122944768;1122944768;1122944768;;0;0;11;64;11;0;1;1;1;5;5;7;6;8;12;12;3;52;11;52;11;72;11;32;23;68;23;36;23;88;23;16;31;52;43;64;43;40;0;1;1;1;5;5;7;6;8;12;12;3;52;11;52;11;72;11;32;23;68;23;36;23;88;23;16;31;52;43;64;43;40;0;1;1;1;5;5;7;6;8;12;12;3;52;11;52;11;72;11;32;23;68;23;36;23;88;23;16;31;52;43;64;43;40;0;1;0;0;7;3;0;1;0;6;5;3;0;1122944768;1122944768;1122944768;1122944768;;0;0;31;52;43;0;1;1;1;5;5;7;6;8;12;12;3;52;11;52;11;72;11;32;23;68;23;36;23;88;23;16;31;52;43;64;43;40;0;1;1;1;5;5;7;6;8;12;12;3;52;11;52;11;72;11;32;23;68;23;36;31;88;31;16;31;52;43;64;43;40;0;1;1;1;5;5;7;6;8;12;12;3;52;11;52;11;72;11;32;23;68;23;36;23;88;23;16;31;52;43;64;43;40;0;1;0;1;6;3;0;1;0;5;5;3;0;1122944768;1122944768;1122944768;1122944768;;255;255;0;0;0;10;16;13;0;18;21;9;14;11;5;15;17;12;8;6;4;2;3;22;7;1;20;19;255;255;255;255;255;255;255;255;255;9;5;9;5;5;5;11;13;16;15;0;0;0;0;
1258;0;1;1;3;2;4;4;7;6;8;12;3;52;11;64;11;40;13;88;13;16;19;64;19;40;31;88;31;16;31;52;43;52;0;1;1;3;2;4;4;7;6;8;12;3;52;11;64;11;40;13;88;13;16;19;64;19;40;31;88;31;16;31;52;43;52;0;1;1;3;2;4;4;7;6;8;12;3;52;11;64;11;40;13;88;13;16;19;64;19;40;31;88;31;16;31;52;43;52;0;1;0;0;7;3;1;1;0;4;6;3;0;1122944768;1122944768;1122944768;1122944768;;0;0;11;64;11;0;1;1;3;2;4;4;7;6;8;12;3;52;11;64;11;40;13;88;13;16;19;64;19;40;31;88;31;16;31;52;43;52;0;1;1;3;2;4;4;7;6;8;12;3;52;11;64;11;40;13;88;13;16;19;64;19;40;31;88;31;16;31;52;43;52;0;1;1;3;2;4;4;7;6;8;12;3;52;11;64;11;40;13;88;13;16;19;64;19;40;31;88;31;16;31;52;43;52;0;0;0;0;3;3;1;1;0;3;6;3;0;1122944768;1122944768;1122944768;1122944768;;0;0;39;20;43;0;1;1;3;2;4;4;7;6;8;12;3;52;11;64;11;40;13;88;13;16;19;64;19;40;31;88;31;16;31;52;43;52;0;1;1;3;2;4;4;7;6;8;12;3;52;11;64;11;40;13;88;13;16;19;64;19;40;31;88;31;16;31;52;43;52;0;1;1;3;2;4;4;7;6;8;12;3;52;11;64;11;40;13;88;13;16;19;64;19;40;31;88;31;16;31;52;43;52;0;1;0;0;7;3;1;1;0;4;6;3;0;1122944768;1122944768;1122944768;1122944768;;255;255;0;0;0;10;17;8;18;5;19;3;12;24;20;6;21;15;7;0;14;2;13;11;26;23;28;1;4;22;27;9;25;16;29;30;31;8;20;20;20;20;6;6;8;17;6;0;0;0;0;
1327;0;1;1;1;5;5;5;7;6;11;12;3;52;11;52;11;72;11;32;21;52;27;68;27;36;27;88;27;16;43;64;43;40;0;1;1;1;4;5;5;7;6;11;12;3;52;11;52;11;72;11;32;23;52;29;68;29;36;31;88;31;16;43;64;43;40;0;1;1;1;4;5;5;7;6;11;12;3;52;11;52;11;72;11;32;19;52;25;68;25;36;25;88;25;16;41;64;41;40;1;1;0;1;5;3;0;1;0;6;6;3;0;0;0;0;0;;0;0;0;0;0;0;1;1;1;4;5;5;7;6;11;12;3;52;11;52;11;72;11;32;19;52;25;68;25;36;25;88;25;16;41;64;41;40;0;1;1;1;4;5;5;7;6;11;12;3;52;11;52;11;72;11;32;19;52;25;68;25;36;25;88;25;16;41;64;41;40;0;1;1;1;4;5;5;7;6;11;12;3;52;11;52;11;72;11;32;19;52;25;68;25;36;25;88;25;16;41;64;41;40;0;1;0;0;4;3;0;1;1;5;5;3;0;0;0;0;0;;0;0;0;0;0;0;1;1;1;5;5;5;7;6;11;12;3;52;11;52;11;72;11;32;21;52;27;68;27;36;27;88;27;16;43;64;43;40;0;1;1;1;4;5;5;7;6;11;12;3;52;11;52;11;72;11;32;23;52;29;68;29;36;31;88;31;16;43;64;43;40;0;1;1;1;4;5;5;7;6;11;12;3;52;11;52;11;72;11;32;19;52;25;68;25;36;25;88;25;16;41;64;41;40;1;1;0;1;5;3;0;1;0;6;6;3;0;0;0;0;0;;0;0;0;0;0;0;1;2;3;4;5;6;7;8;9;10;11;12;13;14;15;16;17;18;19;20;21;22;23;24;25;26;27;28;29;30;31;1;9;9;9;9;10;6;255;255;255;0;0;0;0;
1328;0;1;1;3;2;4;5;5;10;9;12;3;52;11;64;11;40;13;88;13;16;19;52;25;68;25;36;39;84;39;20;43;52;0;1;1;3;2;4;5;5;10;9;12;3;52;11;64;11;40;13;88;13;16;19;52;25;68;25;36;39;84;39;20;43;52;0;1;1;3;2;4;5;5;10;9;12;3;52;11;64;11;40;13;88;13;16;19;52;25;68;25;36;39;84;39;20;43;52;1;1;1;1;5;3;0;0;0;5;5;3;0;0;0;0;0;;0;0;0;0;0;0;1;1;3;2;4;5;5;10;9;12;3;52;11;64;11;40;13;88;13;16;19;52;25;68;25;36;39;84;39;20;43;52;0;1;1;3;2;4;5;5;10;9;12;3;52;11;64;11;40;13;88;13;16;19;52;25;68;25;36;39;84;39;20;43;52;0;1;1;3;2;4;5;5;10;9;12;3;52;11;64;11;40;13;88;13;16;19;52;25;68;25;36;39;84;39;20;43;52;1;1;1;1;5;3;0;0;0;5;5;3;0;0;0;0;0;;0;0;0;0;0;0;1;1;3;2;4;5;5;10;9;12;3;52;11;64;11;40;13;88;13;16;19;52;25;68;25;36;39;84;39;20;43;52;0;1;1;3;2;4;5;5;10;9;12;3;52;11;64;11;40;13;88;13;16;19;52;25;68;25;36;39;84;39;20;43;52;0;1;1;3;2;4;5;5;10;9;12;3;52;11;64;11;40;13;88;13;16;19;52;25;68;25;36;39;84;39;20;43;52;1;1;1;1;5;3;0;0;0;5;5;3;0;0;0;0;0;;0;0;0;0;0;0;1;2;3;4;5;6;7;8;9;10;11;12;13;14;15;16;17;18;19;20;21;22;23;24;25;26;27;28;29;30;31;0;5;5;7;7;5;6;255;255;255;0;0;0;0;
1329;0;1;1;3;2;4;5;5;7;6;12;3;52;11;64;11;40;13;88;13;16;19;52;25;68;25;36;33;84;33;20;43;52;0;1;1;3;2;4;5;5;7;6;12;3;52;11;64;11;40;13;88;13;16;19;52;25;68;25;36;33;84;33;20;43;52;0;1;1;3;2;4;5;5;7;6;12;3;52;11;64;11;40;13;88;13;16;19;52;25;68;25;36;33;84;33;20;43;52;0;0;0;0;6;3;0;1;0;7;5;3;0;0;0;0;0;;0;0;0;0;0;0;1;1;3;2;4;5;5;7;6;12;3;52;11;64;11;40;13;88;13;16;19;52;25;68;25;36;33;84;33;20;43;52;0;1;1;3;2;4;5;5;7;6;12;3;52;11;64;11;40;13;88;13;16;19;52;25;68;25;36;33;84;33;20;43;52;0;1;1;3;2;4;5;5;7;6;12;3;52;11;64;11;40;13;88;13;16;19;52;25;68;25;36;33;84;33;20;43;52;0;0;0;0;4;3;1;1;1;7;5;3;0;0;0;0;0;;0;0;0;0;0;0;1;1;3;2;4;5;5;7;6;12;3;52;11;64;11;40;13;88;13;16;19;52;25;68;25;36;33;84;33;20;43;52;0;1;1;3;2;4;5;5;7;6;12;3;52;11;64;11;40;13;88;13;16;19;52;25;68;25;36;33;84;33;20;43;52;0;1;1;3;2;4;5;5;7;6;12;3;52;11;64;11;40;13;88;13;16;19;52;25;68;25;36;33;84;33;20;43;52;0;0;0;0;6;3;0;1;0;7;5;3;0;0;0;0;0;;0;0;0;0;0;0;1;2;3;4;5;6;7;8;9;10;11;12;13;14;15;16;17;18;19;20;21;22;23;24;25;26;27;28;29;30;31;3;10;9;9;9;10;6;255;255;255;0;0;0;0;
1330;0;1;1;3;2;4;4;7;6;8;12;3;52;11;64;11;40;13;88;13;16;19;64;19;40;31;88;31;16;31;52;43;52;0;1;1;3;2;4;4;7;6;8;12;3;52;11;64;11;40;13;88;13;16;19;64;19;40;31;88;31;16;31;52;43;52;0;1;1;3;2;4;4;7;6;8;12;3;52;11;64;11;40;13;88;13;16;19;64;19;40;31;88;31;16;31;52;43;52;0;1;0;0;3;1;1;0;1;4;3;3;0;0;0;0;0;;0;0;0;0;0;0;1;1;3;2;4;4;7;6;8;12;3;52;11;64;11;40;13;88;13;16;19;64;19;40;31;88;31;16;31;52;43;52;0;1;1;3;2;4;4;7;6;8;12;3;52;11;64;11;40;13;88;13;16;19;64;19;40;31;88;31;16;31;52;43;52;0;1;1;3;2;4;4;7;6;8;12;3;52;11;64;11;40;13;88;13;16;19;64;19;40;31;88;31;16;31;52;43;52;0;0;1;0;4;1;0;0;0;5;5;3;0;0;0;0;0;;0;0;0;0;0;0;1;1;3;2;4;4;7;6;8;12;3;52;11;64;11;40;13;88;13;16;19;64;19;40;31;88;31;16;31;52;43;52;0;1;1;3;2;4;4;7;6;8;12;3;52;11;64;11;40;13;88;13;16;19;64;19;40;31;88;31;16;31;52;43;52;0;1;1;3;2;4;4;7;6;8;12;3;52;11;64;11;40;13;88;13;16;19;64;19;40;31;88;31;16;31;52;43;52;0;1;0;0;3;1;1;0;1;4;3;3;0;0;0;0;0;;0;0;0;0;0;0;1;2;3;4;5;6;7;8;9;10;11;12;13;14;15;16;17;18;19;20;21;22;23;24;25;26;27;28;29;30;31;6;5;5;8;5;10;9;255;255;255;0;0;0;0;
1362;0;1;1;3;2;5;5;7;6;12;12;3;52;11;64;11;40;13;88;13;16;25;64;25;40;25;88;25;16;43;64;43;40;0;1;1;3;2;5;5;7;6;12;12;3;52;11;64;11;40;13;88;13;16;25;64;25;40;25;88;25;16;43;64;43;40;0;1;1;3;2;5;5;7;6;12;12;3;52;11;64;11;40;13;88;13;16;25;64;25;40;25;88;25;16;43;64;43;40;1;1;0;0;6;2;1;1;0;4;6;2;0;0;0;0;0;;0;0;0;0;0;0;1;1;3;2;5;5;7;6;12;12;3;52;11;64;11;40;13;88;13;16;25;64;25;40;25;88;25;16;43;64;43;40;0;1;1;3;2;5;5;7;6;12;12;3;52;11;64;11;40;13;88;13;16;25;64;25;40;25;88;25;16;43;64;43;40;0;1;1;3;2;5;5;7;6;12;12;3;52;11;64;11;40;13;88;13;16;25;64;25;40;25;88;25;16;43;64;43;40;0;0;0;0;4;2;1;1;1;3;8;2;0;0;0;0;0;;0;0;0;0;0;0;1;1;3;2;5;5;7;6;12;12;3;52;11;64;11;40;13;88;13;16;25;64;25;40;25;88;25;16;43;64;43;40;0;1;1;3;2;5;5;7;6;12;12;3;52;11;64;11;40;13;88;13;16;25;64;25;40;25;88;25;16;43;64;43;40;0;1;1;3;2;5;5;7;6;12;12;3;52;11;64;11;40;13;88;13;16;25;64;25;40;25;88;25;16;43;64;43;40;1;1;0;0;6;2;1;1;0;4;6;2;0;0;0;0;0;;0;0;0;0;0;0;1;2;3;4;5;6;7;8;9;10;11;12;13;14;15;16;17;18;19;20;21;22;23;24;25;26;27;28;29;30;31;8;8;8;8;8;8;5;255;255;255;0;0;0;0;
1363;0;1;1;3;2;4;5;5;10;9;12;3;52;11;64;11;40;13;88;13;16;19;52;25;68;25;36;39;84;39;20;43;52;0;1;1;3;2;4;5;5;10;9;12;3;52;11;64;11;40;13;88;13;16;19;52;25;68;25;36;39;84;39;20;43;52;0;1;1;3;2;4;5;5;10;9;12;3;52;11;64;11;40;13;88;13;16;19;52;25;68;25;36;39;84;39;20;43;52;0;1;0;1;4;3;1;1;0;4;5;3;0;0;0;0;0;;0;0;0;0;0;0;1;1;3;2;4;5;5;10;9;12;3;52;11;64;11;40;13;88;13;16;19;52;25;68;25;36;39;84;39;20;43;52;0;1;1;3;2;4;5;5;10;9;12;3;52;11;64;11;40;13;88;13;16;19;52;25;68;25;36;39;84;39;20;43;52;0;1;1;3;2;4;5;5;10;9;12;3;52;11;64;11;40;13;88;13;16;19;52;25;68;25;36;39;84;39;20;43;52;0;1;0;1;5;3;1;0;0;4;6;3;0;0;0;0;0;;0;0;0;0;0;0;1;1;3;2;4;5;5;10;9;12;3;52;11;64;11;40;13;88;13;16;19;52;25;68;25;36;39;84;39;20;43;52;0;1;1;3;2;4;5;5;10;9;12;3;52;11;64;11;40;13;88;13;16;19;52;25;68;25;36;39;84;39;20;43;52;0;1;1;3;2;4;5;5;10;9;12;3;52;11;64;11;40;13;88;13;16;19;52;25;68;25;36;39;84;39;20;43;52;0;1;0;1;4;3;1;1;0;4;5;3;0;0;0;0;0;;0;0;0;0;0;0;1;2;3;4;5;6;7;8;9;10;11;12;13;14;15;16;17;18;19;20;21;22;23;24;25;26;27;28;29;30;31;0;6;6;6;6;10;3;255;255;255;0;0;0;0;
1386;0;1;1;3;2;4;7;6;8;11;12;3;52;9;64;9;40;9;84;9;20;21;48;23;84;23;20;33;52;41;36;43;64;0;1;1;3;2;4;7;6;8;11;12;3;52;9;64;9;40;9;84;9;20;21;48;23;84;23;20;33;52;41;36;43;64;0;1;1;3;2;4;7;6;8;11;12;3;52;9;64;9;40;9;84;9;20;21;48;23;84;23;20;33;52;41;36;43;64;0;1;0;1;5;1;0;1;0;5;5;2;0;0;0;0;0;;0;0;0;0;0;0;1;1;3;2;4;7;6;8;11;12;3;52;9;64;9;40;9;84;9;20;21;48;23;84;23;20;33;52;41;36;43;64;0;1;1;3;2;4;7;6;8;11;12;3;52;9;64;9;40;9;84;9;20;21;48;23;84;23;20;33;52;41;36;43;64;0;1;1;3;2;4;7;6;8;11;12;3;52;9;64;9;40;9;84;9;20;21;48;23;84;23;20;33;52;41;36;43;64;0;1;0;0;3;1;1;1;0;5;7;2;0;0;0;0;0;;0;0;0;0;0;0;1;1;3;2;4;7;6;8;11;12;3;52;9;64;9;40;9;84;9;20;21;48;23;84;23;20;33;52;41;36;43;64;0;1;1;3;2;4;7;6;8;11;12;3;52;9;64;9;40;9;84;9;20;21;48;23;84;23;20;33;52;41;36;43;64;0;1;1;3;2;4;7;6;8;11;12;3;52;9;64;9;40;9;84;9;20;21;48;23;84;23;20;33;52;41;36;43;64;0;1;0;1;5;1;0;1;0;5;5;2;0;0;0;0;0;;0;0;0;0;0;0;1;2;3;4;5;6;7;8;9;10;11;12;13;14;15;16;17;18;19;20;21;22;23;24;25;26;27;28;29;30;31;7;7;7;7;7;7;8;255;255;255;0;0;0;0;
1528;0;1;1;3;2;4;5;5;10;9;12;3;52;11;64;11;40;13;88;13;16;19;52;25;68;25;36;39;84;39;20;43;52;0;1;1;3;2;4;5;5;10;9;12;3;52;11;64;11;40;13;88;13;16;19;52;25;68;25;36;39;84;39;20;43;52;0;1;1;3;2;4;5;5;10;9;12;3;52;11;64;11;40;13;88;13;16;19;52;25;68;25;36;39;84;39;20;43;52;0;0;0;0;5;3;1;0;1;6;5;3;0;0;0;0;0;;0;0;0;0;0;0;1;1;3;2;4;5;5;10;9;12;3;52;11;64;11;40;13;88;13;16;19;52;25;68;25;36;39;84;39;20;43;52;0;1;1;3;2;4;5;5;10;9;12;3;52;11;64;11;40;13;88;13;16;19;52;25;68;25;36;39;84;39;20;43;52;0;1;1;3;2;4;5;5;10;9;12;3;52;11;64;11;40;13;88;13;16;19;52;25;68;25;36;39;84;39;20;43;52;0;0;0;0;3;3;1;0;1;6;5;3;0;0;0;0;0;;0;0;0;0;0;0;1;1;3;2;4;5;5;10;9;12;3;52;11;64;11;40;13;88;13;16;19;52;25;68;25;36;39;84;39;20;43;52;0;1;1;3;2;4;5;5;10;9;12;3;52;11;64;11;40;13;88;13;16;19;52;25;68;25;36;39;84;39;20;43;52;0;1;1;3;2;4;5;5;10;9;12;3;52;11;64;11;40;13;88;13;16;19;52;25;68;25;36;39;84;39;20;43;52;0;0;0;0;5;3;1;0;1;6;5;3;0;0;0;0;0;;0;0;0;0;0;0;1;2;3;4;5;6;7;8;9;10;11;12;13;14;15;16;17;18;19;20;21;22;23;24;25;26;27;28;29;30;31;10;7;10;4;4;7;8;255;255;255;0;0;0;0;
1550;0;1;1;1;5;5;7;6;10;9;12;3;52;11;52;11;72;11;32;23;64;23;40;23;88;23;16;37;84;37;20;43;52;0;1;1;1;5;5;7;6;10;9;12;3;52;13;52;13;72;13;32;25;64;25;40;25;88;25;16;39;84;39;20;45;52;0;1;1;1;5;4;3;2;10;9;12;3;52;11;52;11;72;11;32;21;64;19;40;15;88;15;16;35;84;35;20;41;52;0;1;0;1;5;2;0;1;0;5;5;2;0;0;0;0;0;;0;0;0;0;0;0;1;1;1;5;4;3;2;10;9;12;3;52;11;52;11;72;11;32;21;64;19;40;15;88;15;16;35;84;35;20;41;52;0;1;1;1;5;4;3;2;10;9;12;3;52;11;52;11;72;11;32;21;64;19;40;15;88;15;16;35;84;35;20;41;52;0;1;1;1;5;4;3;2;10;9;12;3;52;11;52;11;72;11;32;21;64;19;40;15;88;15;16;35;84;35;20;41;52;0;1;0;0;3;2;1;1;0;5;7;2;0;0;0;0;0;;0;0;0;0;0;0;1;1;1;5;5;7;6;10;9;12;3;52;11;52;11;72;11;32;23;64;23;40;23;88;23;16;37;84;37;20;43;52;0;1;1;1;5;5;7;6;10;9;12;3;52;13;52;13;72;13;32;25;64;25;40;25;88;25;16;39;84;39;20;45;52;0;1;1;1;5;4;3;2;10;9;12;3;52;11;52;11;72;11;32;21;64;19;40;15;88;15;16;35;84;35;20;41;52;0;1;0;1;5;2;0;1;0;5;5;2;0;0;0;0;0;;0;0;0;0;0;0;1;2;3;4;5;6;7;8;9;10;11;12;13;14;15;16;17;18;19;20;21;22;23;24;25;26;27;28;29;30;31;1;8;8;8;8;8;3;255;255;255;0;0;0;0;
1588;0;1;1;3;2;5;5;7;6;12;12;3;52;11;64;11;40;13;88;13;16;25;64;25;40;25;88;25;16;43;64;43;40;0;1;1;3;2;5;5;7;6;12;12;3;52;11;64;11;40;13;88;13;16;25;64;25;40;25;88;25;16;43;64;43;40;0;1;1;3;2;5;5;7;6;12;12;3;52;11;64;11;40;13;88;13;16;25;64;25;40;25;88;25;16;43;64;43;40;0;0;0;0;1;2;0;0;0;1;1;2;0;0;0;0;0;;0;0;0;0;0;0;1;1;3;2;5;5;7;6;12;12;3;52;11;64;11;40;13;88;13;16;25;64;25;40;25;88;25;16;43;64;43;40;0;1;1;3;2;5;5;7;6;12;12;3;52;11;64;11;40;13;88;13;16;25;64;25;40;25;88;25;16;43;64;43;40;0;1;1;3;2;5;5;7;6;12;12;3;52;11;64;11;40;13;88;13;16;25;64;25;40;25;88;25;16;43;64;43;40;0;0;0;0;1;2;0;0;0;1;1;2;0;0;0;0;0;;0;0;0;0;0;0;1;1;3;2;5;5;7;6;12;12;3;52;11;64;11;40;13;88;13;16;25;64;25;40;25;88;25;16;43;64;43;40;0;1;1;3;2;5;5;7;6;12;12;3;52;11;64;11;40;13;88;13;16;25;64;25;40;25;88;25;16;43;64;43;40;0;1;1;3;2;5;5;7;6;12;12;3;52;11;64;11;40;13;88;13;16;25;64;25;40;25;88;25;16;43;64;43;40;0;0;0;0;1;2;0;0;0;1;1;2;0;0;0;0;0;;0;0;0;0;0;0;1;2;3;4;5;6;7;8;9;10;11;12;13;14;15;16;17;18;19;20;21;22;23;24;25;26;27;28;29;30;31;3;8;8;8;4;9;5;255;255;255;0;0;0;0;
1589;0;1;1;3;2;4;4;8;8;8;12;3;52;11;64;11;40;13;88;13;16;19;64;19;40;31;52;31;80;31;24;43;52;0;1;1;3;2;4;4;8;8;8;12;3;52;11;64;11;40;13;88;13;16;19;64;19;40;31;52;31;80;31;24;43;52;0;1;1;3;2;4;4;8;8;8;12;3;52;11;64;11;40;13;88;13;16;19;64;19;40;31;52;31;80;31;24;43;52;0;1;1;0;7;3;1;0;0;7;7;3;0;0;0;0;0;;0;0;0;0;0;0;1;1;3;2;4;4;8;8;8;12;3;52;11;64;11;40;13;88;13;16;19;64;19;40;31;52;31;80;31;24;43;52;0;1;1;3;2;4;4;8;8;8;12;3;52;11;64;11;40;13;88;13;16;19;64;19;40;31;52;31;80;31;24;43;52;0;1;1;3;2;4;4;8;8;8;12;3;52;11;64;11;40;13;88;13;16;19;64;19;40;31;52;31;80;31;24;43;52;0;0;1;0;5;1;1;0;0;7;6;3;0;0;0;0;0;;0;0;0;0;0;0;1;1;3;2;4;4;8;8;8;12;3;52;11;64;11;40;13;88;13;16;19;64;19;40;31;52;31;80;31;24;43;52;0;1;1;3;2;4;4;8;8;8;12;3;52;11;64;11;40;13;88;13;16;19;64;19;40;31;52;31;80;31;24;43;52;0;1;1;3;2;4;4;8;8;8;12;3;52;11;64;11;40;13;88;13;16;19;64;19;40;31;52;31;80;31;24;43;52;0;1;1;0;7;3;1;0;0;7;7;3;0;0;0;0;0;;0;0;0;0;0;0;1;2;3;4;5;6;7;8;9;10;11;12;13;14;15;16;17;18;19;20;21;22;23;24;25;26;27;28;29;30;31;5;5;5;5;8;7;4;255;255;255;0;0;0;0;
1600;0;1;1;3;2;4;5;5;8;12;12;3;52;11;64;11;40;13;88;13;16;21;52;25;72;25;32;31;52;43;64;43;40;0;1;1;3;2;4;5;5;8;12;12;3;52;11;64;11;40;15;88;15;16;23;52;27;72;27;32;33;52;43;64;43;40;0;1;1;3;2;4;5;5;8;12;12;3;52;11;64;11;40;11;88;11;16;19;52;23;72;23;32;29;52;41;64;41;40;0;0;0;1;5;1;1;1;0;4;5;3;0;0;0;0;0;;0;0;0;0;0;0;1;1;3;2;4;5;5;8;12;12;3;52;11;64;11;40;11;88;11;16;19;52;23;72;23;32;29;52;41;64;41;40;0;1;1;3;2;4;5;5;8;12;12;3;52;11;64;11;40;11;88;11;16;19;52;23;72;23;32;29;52;41;64;41;40;0;1;1;3;2;4;5;5;8;12;12;3;52;11;64;11;40;11;88;11;16;19;52;23;72;23;32;29;52;41;64;41;40;1;1;0;1;4;3;1;1;1;6;7;3;0;0;0;0;0;;0;0;0;0;0;0;1;1;3;2;4;5;5;8;12;12;3;52;11;64;11;40;13;88;13;16;21;52;25;72;25;32;31;52;43;64;43;40;0;1;1;3;2;4;5;5;8;12;12;3;52;11;64;11;40;15;88;15;16;23;52;27;72;27;32;33;52;43;64;43;40;0;1;1;3;2;4;5;5;8;12;12;3;52;11;64;11;40;11;88;11;16;19;52;23;72;23;32;29;52;41;64;41;40;0;0;0;1;5;1;1;1;0;4;5;3;0;0;0;0;0;;0;0;0;0;0;0;1;2;3;4;5;6;7;8;9;10;11;12;13;14;15;16;17;18;19;20;21;22;23;24;25;26;27;28;29;30;31;1;6;6;8;8;9;8;255;255;255;0;0;0;0;
1602;0;1;1;3;2;4;4;7;6;8;12;3;52;11;64;11;40;13;88;13;16;19;64;19;40;31;88;31;16;31;52;43;52;0;1;1;3;2;4;4;7;6;8;12;3;52;11;64;11;40;13;88;13;16;19;64;19;40;31;88;31;16;31;52;43;52;0;1;1;3;2;4;4;7;6;8;12;3;52;11;64;11;40;13;88;13;16;19;64;19;40;31;88;31;16;31;52;43;52;1;1;0;0;5;3;0;1;0;5;5;3;0;0;0;0;0;;0;0;0;0;0;0;1;1;3;2;4;4;7;6;8;12;3;52;11;64;11;40;13;88;13;16;19;64;19;40;31;88;31;16;31;52;43;52;0;1;1;3;2;4;4;7;6;8;12;3;52;11;64;11;40;13;88;13;16;19;64;19;40;31;88;31;16;31;52;43;52;0;1;1;3;2;4;4;7;6;8;12;3;52;11;64;11;40;13;88;13;16;19;64;19;40;31;88;31;16;31;52;43;52;1;1;0;0;5;3;0;1;0;5;5;3;0;0;0;0;0;;0;0;0;0;0;0;1;1;3;2;4;4;7;6;8;12;3;52;11;64;11;40;13;88;13;16;19;64;19;40;31;88;31;16;31;52;43;52;0;1;1;3;2;4;4;7;6;8;12;3;52;11;64;11;40;13;88;13;16;19;64;19;40;31;88;31;16;31;52;43;52;0;1;1;3;2;4;4;7;6;8;12;3;52;11;64;11;40;13;88;13;16;19;64;19;40;31;88;31;16;31;52;43;52;1;1;0;0;5;3;0;1;0;5;5;3;0;0;0;0;0;;0;0;0;0;0;0;1;2;3;4;5;6;7;8;9;10;11;12;13;14;15;16;17;18;19;20;21;22;23;24;25;26;27;28;29;30;31;3;9;9;8;7;10;1;255;255;255;0;0;0;0;
1702;0;1;1;3;2;4;4;7;6;12;12;3;52;11;64;11;40;13;88;13;16;25;64;25;40;25;88;25;16;43;64;43;40;0;1;1;3;2;4;4;7;6;12;12;3;52;11;64;11;40;13;88;13;16;21;64;21;40;31;84;31;20;43;64;43;40;0;1;1;3;2;4;4;7;6;12;12;3;52;11;64;11;40;13;88;13;16;25;64;25;40;25;88;25;16;43;64;43;40;0;0;0;0;8;2;1;0;1;3;8;3;0;0;0;0;0;;0;0;0;0;0;0;1;1;3;2;4;4;7;6;12;12;3;52;11;64;11;40;13;88;13;16;25;64;25;40;25;88;25;16;43;64;43;40;0;1;1;3;2;4;4;7;6;12;12;3;52;11;64;11;40;13;88;13;16;25;64;25;40;25;88;25;16;43;64;43;40;0;1;1;3;2;4;4;7;6;12;12;3;52;11;64;11;40;13;88;13;16;25;64;25;40;25;88;25;16;43;64;43;40;0;0;0;0;8;2;1;0;1;3;8;3;0;0;0;0;0;;0;0;0;0;0;0;1;1;3;2;4;4;7;6;12;12;3;52;11;64;11;40;13;88;13;16;25;64;25;40;25;88;25;16;43;64;43;40;0;1;1;3;2;4;4;7;6;12;12;3;52;11;64;11;40;13;88;13;16;21;64;21;40;31;84;31;20;43;64;43;40;0;1;1;3;2;4;4;7;6;12;12;3;52;11;64;11;40;13;88;13;16;25;64;25;40;25;88;25;16;43;64;43;40;0;0;0;0;8;2;1;0;1;3;8;3;0;0;0;0;0;;0;0;0;0;0;0;1;2;3;4;5;6;7;8;9;10;11;12;13;14;15;16;17;18;19;20;21;22;23;24;25;26;27;28;29;30;31;9;9;7;7;7;9;5;255;255;255;0;0;0;0;
1706;0;1;1;3;2;5;5;7;6;12;12;3;52;11;64;11;40;13;88;13;16;21;64;21;40;31;84;31;20;43;64;43;40;0;1;1;3;2;5;5;7;6;12;12;3;52;11;64;11;40;13;88;13;16;21;64;21;40;31;84;31;20;43;64;43;40;0;1;1;3;2;5;5;7;6;12;12;3;52;11;64;11;40;13;88;13;16;21;64;21;40;31;84;31;20;43;64;43;40;1;1;1;0;6;2;1;1;1;6;7;3;0;0;0;0;0;;0;0;0;0;0;0;1;1;3;2;5;5;7;6;12;12;3;52;11;64;11;40;13;88;13;16;21;64;21;40;31;84;31;20;43;64;43;40;0;1;1;3;2;5;5;7;6;12;12;3;52;11;64;11;40;13;88;13;16;21;64;21;40;31;84;31;20;43;64;43;40;0;1;1;3;2;5;5;7;6;12;12;3;52;11;64;11;40;13;88;13;16;21;64;21;40;31;84;31;20;43;64;43;40;1;1;1;0;7;1;1;0;1;5;5;3;0;0;0;0;0;;0;0;0;0;0;0;1;1;3;2;5;5;7;6;12;12;3;52;11;64;11;40;13;88;13;16;21;64;21;40;31;84;31;20;43;64;43;40;0;1;1;3;2;5;5;7;6;12;12;3;52;11;64;11;40;13;88;13;16;21;64;21;40;31;84;31;20;43;64;43;40;0;1;1;3;2;5;5;7;6;12;12;3;52;11;64;11;40;13;88;13;16;21;64;21;40;31;84;31;20;43;64;43;40;1;1;1;0;6;2;1;1;1;6;7;3;0;0;0;0;0;;0;0;0;0;0;0;1;2;3;4;5;6;7;8;9;10;11;12;13;14;15;16;17;18;19;20;21;22;23;24;25;26;27;28;29;30;31;1;7;7;7;7;7;8;255;255;255;0;0;0;0;
1760;0;1;1;3;2;5;5;7;6;12;12;3;52;11;64;11;40;13;88;13;16;25;64;25;40;25;88;25;16;43;64;43;40;0;1;1;3;2;5;5;7;6;12;12;3;52;11;64;11;40;13;88;13;16;25;64;25;40;25;88;25;16;43;64;43;40;0;1;1;3;2;5;5;7;6;12;12;3;52;11;64;11;40;13;88;13;16;25;64;25;40;25;88;25;16;43;64;43;40;1;1;0;0;6;3;0;1;1;6;4;3;0;0;0;0;0;;0;0;0;0;0;0;1;1;3;2;5;5;7;6;12;12;3;52;11;64;11;40;13;88;13;16;25;64;25;40;25;88;25;16;43;64;43;40;0;1;1;3;2;5;5;7;6;12;12;3;52;11;64;11;40;13;88;13;16;25;64;25;40;25;88;25;16;43;64;43;40;0;1;1;3;2;5;5;7;6;12;12;3;52;11;64;11;40;13;88;13;16;25;64;25;40;25;88;25;16;43;64;43;40;0;1;0;0;5;2;1;1;1;4;4;3;0;0;0;0;0;;0;0;0;0;0;0;1;1;3;2;5;5;7;6;12;12;3;52;11;64;11;40;13;88;13;16;25;64;25;40;25;88;25;16;43;64;43;40;0;1;1;3;2;5;5;7;6;12;12;3;52;11;64;11;40;13;88;13;16;25;64;25;40;25;88;25;16;43;64;43;40;0;1;1;3;2;5;5;7;6;12;12;3;52;11;64;11;40;13;88;13;16;25;64;25;40;25;88;25;16;43;64;43;40;1;1;0;0;6;3;0;1;1;6;4;3;0;0;0;0;0;;0;0;0;0;0;0;1;2;3;4;5;6;7;8;9;10;11;12;13;14;15;16;17;18;19;20;21;22;23;24;25;26;27;28;29;30;31;2;8;4;7;4;9;6;255;255;255;0;0;0;0;
1765;0;1;1;3;2;5;5;7;6;12;12;3;52;11;64;11;40;13;88;13;16;21;64;21;40;31;84;31;20;43;64;43;40;0;1;1;3;2;5;5;7;6;12;12;3;52;11;64;11;40;13;88;13;16;21;64;21;40;31;84;31;20;43;64;43;40;0;1;1;3;2;5;5;7;6;12;12;3;52;11;64;11;40;13;88;13;16;21;64;21;40;31;84;31;20;43;64;43;40;0;1;0;0;5;2;1;1;1;7;6;3;0;0;0;0;0;;0;0;0;0;0;0;1;1;3;2;5;5;7;6;12;12;3;52;11;64;11;40;13;88;13;16;21;64;21;40;31;84;31;20;43;64;43;40;0;1;1;3;2;5;5;7;6;12;12;3;52;11;64;11;40;13;88;13;16;21;64;21;40;31;84;31;20;43;64;43;40;0;1;1;3;2;5;5;7;6;12;12;3;52;11;64;11;40;13;88;13;16;21;64;21;40;31;84;31;20;43;64;43;40;0;1;0;0;5;1;1;0;1;7;7;3;0;0;0;0;0;;0;0;0;0;0;0;1;1;3;2;5;5;7;6;12;12;3;52;11;64;11;40;13;88;13;16;21;64;21;40;31;84;31;20;43;64;43;40;0;1;1;3;2;5;5;7;6;12;12;3;52;11;64;11;40;13;88;13;16;21;64;21;40;31;84;31;20;43;64;43;40;0;1;1;3;2;5;5;7;6;12;12;3;52;11;64;11;40;13;88;13;16;21;64;21;40;31;84;31;20;43;64;43;40;0;1;0;0;5;2;1;1;1;7;6;3;0;0;0;0;0;;0;0;0;0;0;0;1;2;3;4;5;6;7;8;9;10;11;12;13;14;15;16;17;18;19;20;21;22;23;24;25;26;27;28;29;30;31;3;9;8;7;7;10;4;255;255;255;0;0;0;0;
1804;0;1;1;3;2;4;4;7;6;8;12;3;52;11;64;11;40;13;88;13;16;19;64;19;40;31;88;31;16;31;52;43;52;0;1;1;3;2;4;4;7;6;8;12;3;52;11;64;11;40;13;88;13;16;19;64;19;40;31;88;31;16;31;52;43;52;0;1;1;3;2;4;4;7;6;8;12;3;52;11;64;11;40;13;88;13;16;19;64;19;40;31;88;31;16;31;52;43;52;1;1;0;0;10;3;0;1;0;8;8;3;0;0;0;0;0;;0;0;0;0;0;0;1;1;3;2;4;4;7;6;8;12;3;52;11;64;11;40;13;88;13;16;19;64;19;40;31;88;31;16;31;52;43;52;0;1;1;3;2;4;4;7;6;8;12;3;52;11;64;11;40;13;88;13;16;19;64;19;40;31;88;31;16;31;52;43;52;0;1;1;3;2;4;4;7;6;8;12;3;52;11;64;11;40;13;88;13;16;19;64;19;40;31;88;31;16;31;52;43;52;1;1;0;0;10;3;0;1;0;10;10;3;0;0;0;0;0;;0;0;0;0;0;0;1;1;3;2;4;4;7;6;8;12;3;52;11;64;11;40;13;88;13;16;19;64;19;40;31;88;31;16;31;52;43;52;0;1;1;3;2;4;4;7;6;8;12;3;52;11;64;11;40;13;88;13;16;19;64;19;40;31;88;31;16;31;52;43;52;0;1;1;3;2;4;4;7;6;8;12;3;52;11;64;11;40;13;88;13;16;19;64;19;40;31;88;31;16;31;52;43;52;1;1;0;0;10;3;0;1;0;8;8;3;0;0;0;0;0;;0;0;0;0;0;0;1;2;3;4;5;6;7;8;9;10;11;12;13;14;15;16;17;18;19;20;21;22;23;24;25;26;27;28;29;30;31;2;9;6;8;7;10;7;255;255;255;0;0;0;0;
1909;0;1;1;1;3;2;5;5;7;6;12;3;52;11;52;11;72;11;32;15;88;15;16;23;64;23;40;29;84;29;20;41;52;0;1;1;1;3;2;5;5;7;6;12;3;52;11;52;11;72;11;32;15;88;15;16;23;64;23;40;29;84;29;20;41;52;0;1;1;1;3;2;5;5;7;6;12;3;52;11;52;11;72;11;32;15;88;15;16;23;64;23;40;29;84;29;20;41;52;1;1;1;0;8;3;0;0;1;7;7;3;0;0;0;0;0;;0;0;0;0;0;0;1;1;1;3;2;5;5;7;6;12;3;52;11;52;11;72;11;32;15;88;15;16;23;64;23;40;29;84;29;20;41;52;0;1;1;1;3;2;5;5;7;6;12;3;52;11;52;11;72;11;32;15;88;15;16;23;64;23;40;29;84;29;20;41;52;0;1;1;1;3;2;5;5;7;6;12;3;52;11;52;11;72;11;32;15;88;15;16;23;64;23;40;29;84;29;20;41;52;1;1;1;0;7;3;0;0;1;7;8;3;0;0;0;0;0;;0;0;0;0;0;0;1;1;1;3;2;5;5;7;6;12;3;52;11;52;11;72;11;32;15;88;15;16;23;64;23;40;29;84;29;20;41;52;0;1;1;1;3;2;5;5;7;6;12;3;52;11;52;11;72;11;32;15;88;15;16;23;64;23;40;29;84;29;20;41;52;0;1;1;1;3;2;5;5;7;6;12;3;52;11;52;11;72;11;32;15;88;15;16;23;64;23;40;29;84;29;20;41;52;1;1;1;0;8;3;0;0;1;7;7;3;0;0;0;0;0;;0;0;0;0;0;0;1;2;3;4;5;6;7;8;9;10;11;12;13;14;15;16;17;18;19;20;21;22;23;24;25;26;27;28;29;30;31;1;7;7;6;7;10;10;255;255;255;0;0;0;0;
1910;0;1;1;3;2;5;5;7;6;12;12;3;52;11;64;11;40;13;88;13;16;25;68;25;36;27;92;27;12;43;64;43;40;0;1;1;3;2;5;5;7;6;12;12;3;52;11;64;11;40;15;88;15;16;27;68;27;36;29;92;29;12;45;64;45;40;0;1;1;3;2;5;5;7;6;12;12;3;52;11;64;11;40;11;88;11;16;23;68;23;36;25;92;25;12;41;64;41;40;0;0;0;0;4;1;1;1;1;5;6;3;0;0;0;0;0;;0;0;0;0;0;0;1;1;3;2;5;5;7;6;12;12;3;52;11;64;11;40;11;88;11;16;23;68;23;36;25;92;25;12;41;64;41;40;0;1;1;3;2;5;5;7;6;12;12;3;52;11;64;11;40;11;88;11;16;23;68;23;36;25;92;25;12;41;64;41;40;0;1;1;3;2;5;5;7;6;12;12;3;52;11;64;11;40;11;88;11;16;23;68;23;36;25;92;25;12;41;64;41;40;0;0;0;0;3;3;1;1;1;6;5;1;0;0;0;0;0;;0;0;0;0;0;0;1;1;3;2;5;5;7;6;12;12;3;52;11;64;11;40;13;88;13;16;25;68;25;36;27;92;27;12;43;64;43;40;0;1;1;3;2;5;5;7;6;12;12;3;52;11;64;11;40;15;88;15;16;27;68;27;36;29;92;29;12;45;64;45;40;0;1;1;3;2;5;5;7;6;12;12;3;52;11;64;11;40;11;88;11;16;23;68;23;36;25;92;25;12;41;64;41;40;0;0;0;0;4;1;1;1;1;5;6;3;0;0;0;0;0;;0;0;0;0;0;0;1;2;3;4;5;6;7;8;9;10;11;12;13;14;15;16;17;18;19;20;21;22;23;24;25;26;27;28;29;30;31;5;6;6;8;7;9;10;255;255;255;0;0;0;0;
1919;0;1;1;3;2;4;5;5;10;9;12;3;52;11;64;11;40;13;88;13;16;21;52;25;72;25;32;37;88;37;16;43;52;0;1;1;3;2;4;5;5;10;9;12;3;52;11;64;11;40;15;88;15;16;23;52;27;72;27;32;39;88;39;16;43;52;0;1;1;3;2;4;5;5;10;9;12;3;52;11;64;11;40;11;88;11;16;19;52;23;72;23;32;35;88;35;16;41;52;0;0;0;1;0;0;1;0;0;0;0;0;52;0;0;-1086525734136;-1;;0;0;11;64;11;40;11;88;11;16;19;52;23;72;23;32;35;88;35;16;41;52;0;1;1;3;2;4;5;5;10;9;12;3;52;11;64;11;40;11;88;11;16;19;52;23;72;23;32;35;88;35;16;41;52;0;1;1;3;2;4;5;5;10;9;12;3;52;11;64;11;40;11;88;11;16;19;52;23;72;23;32;35;88;35;16;41;52;0;0;1;0;1;1;0;0;0;0;0;0;0;0;0;0;0;0;0;0;52;11;0;0;0;64;11;40;88;-1086542642424;-1;216455356602122240;219560420472849410;;0;0;37;16;43;52;0;1;1;3;2;4;5;5;10;9;12;3;52;11;64;11;40;15;88;15;16;23;52;27;72;27;32;39;88;39;16;43;52;0;1;1;3;2;4;5;5;10;9;12;3;52;11;64;11;40;11;88;11;16;19;52;23;72;23;32;35;88;35;16;41;52;0;0;0;1;1;0;0;0;0;0;0;0;0;0;0;0;0;0;0;0;0;0;0;0;0;8;3;5;6;3;255;255;255;255;255;255;28;29;255;255;255;30;31;8;0;216736831578832896;795458214266537220;1374179596971150604;1952900979675763988;;255;255;0;0;0;0;0;0;0;0;0;0;0;0;0;0;0;0;0;0;0;0;0;0;0;0;0;0;0;0;0;0;0;0;0;0;0;0;0;0;0;0;0;0;0;0;0;0;0;0;0;
1920;0;1;1;3;2;4;5;5;8;12;12;3;52;11;64;11;40;13;88;13;16;19;52;25;68;25;36;33;52;43;64;43;40;0;1;1;3;2;4;5;5;8;12;12;3;52;11;64;11;40;13;88;13;16;19;52;25;68;25;36;33;52;43;64;43;40;0;1;1;3;2;4;5;5;8;12;12;3;52;11;64;11;40;13;88;13;16;19;52;25;68;25;36;33;52;43;64;43;40;1;0;0;1;8;3;0;1;0;8;6;3;0;0;0;0;0;;0;0;0;0;0;0;1;1;3;2;4;5;5;8;12;12;3;52;11;64;11;40;13;88;13;16;19;52;25;68;25;36;33;52;43;64;43;40;0;1;1;3;2;4;5;5;8;12;12;3;52;11;64;11;40;13;88;13;16;19;52;25;68;25;36;33;52;43;64;43;40;0;1;1;3;2;4;5;5;8;12;12;3;52;11;64;11;40;13;88;13;16;19;52;25;68;25;36;33;52;43;64;43;40;0;1;1;0;3;1;1;0;1;4;3;3;0;0;0;0;0;;0;0;0;0;0;0;1;1;3;2;4;5;5;8;12;12;3;52;11;64;11;40;13;88;13;16;19;52;25;68;25;36;33;52;43;64;43;40;0;1;1;3;2;4;5;5;8;12;12;3;52;11;64;11;40;13;88;13;16;19;52;25;68;25;36;33;52;43;64;43;40;0;1;1;3;2;4;5;5;8;12;12;3;52;11;64;11;40;13;88;13;16;19;52;25;68;25;36;33;52;43;64;43;40;1;0;0;1;8;3;0;1;0;8;6;3;0;0;0;0;0;;0;0;0;0;0;0;1;2;3;4;5;6;7;8;9;10;11;12;13;14;15;16;17;18;19;20;21;22;23;24;25;26;27;28;29;30;31;5;5;5;5;5;5;8;255;255;255;0;0;0;0;
1921;0;1;1;3;2;4;5;5;7;6;12;3;52;11;64;11;40;13;88;13;16;19;52;25;68;25;36;33;84;33;20;43;52;0;1;1;3;2;4;5;5;7;6;12;3;52;11;64;11;40;13;88;13;16;19;52;25;68;25;36;33;84;33;20;43;52;0;1;1;3;2;4;5;5;7;6;12;3;52;11;64;11;40;13;88;13;16;19;52;25;68;25;36;33;84;33;20;43;52;0;1;0;1;5;1;1;1;0;4;6;3;0;0;0;0;0;;0;0;0;0;0;0;1;1;3;2;4;5;5;7;6;12;3;52;11;64;11;40;13;88;13;16;19;52;25;68;25;36;33;84;33;20;43;52;0;1;1;3;2;4;5;5;7;6;12;3;52;11;64;11;40;13;88;13;16;19;52;25;68;25;36;33;84;33;20;43;52;0;1;1;3;2;4;5;5;7;6;12;3;52;11;64;11;40;13;88;13;16;19;52;25;68;25;36;33;84;33;20;43;52;0;1;0;1;6;1;1;1;1;4;4;3;0;0;0;0;0;;0;0;0;0;0;0;1;1;3;2;4;5;5;7;6;12;3;52;11;64;11;40;13;88;13;16;19;52;25;68;25;36;33;84;33;20;43;52;0;1;1;3;2;4;5;5;7;6;12;3;52;11;64;11;40;13;88;13;16;19;52;25;68;25;36;33;84;33;20;43;52;0;1;1;3;2;4;5;5;7;6;12;3;52;11;64;11;40;13;88;13;16;19;52;25;68;25;36;33;84;33;20;43;52;0;1;0;1;5;1;1;1;0;4;6;3;0;0;0;0;0;;0;0;0;0;0;0;1;2;3;4;5;6;7;8;9;10;11;12;13;14;15;16;17;18;19;20;21;22;23;24;25;26;27;28;29;30;31;4;8;8;8;8;8;7;255;255;255;0;0;0;0;
1922;0;1;1;3;2;4;5;5;10;9;12;3;52;11;64;11;40;13;88;13;16;21;52;28;68;28;36;41;84;41;20;43;52;0;1;1;3;2;5;5;7;6;8;12;3;52;11;64;11;40;15;88;15;16;21;64;21;40;31;84;31;20;31;52;43;52;0;1;1;3;2;5;5;7;6;8;12;3;52;11;64;11;40;11;88;11;16;21;64;21;40;27;84;27;20;31;52;43;52;0;0;1;1;7;3;0;0;1;6;6;3;0;0;0;0;0;;0;0;11;64;11;0;1;1;3;2;5;5;7;6;8;12;3;52;11;64;11;40;11;88;11;16;21;64;21;40;27;84;27;20;31;52;43;52;0;1;1;3;2;5;5;7;6;8;12;3;52;11;64;11;40;11;88;11;16;21;64;21;40;27;84;27;20;31;52;43;52;0;1;1;3;2;5;5;7;6;8;12;3;52;11;64;11;40;11;88;11;16;21;64;21;40;27;84;27;20;31;52;43;52;0;0;1;0;7;2;1;1;0;7;7;3;0;0;0;0;0;;0;0;31;52;43;0;1;1;3;2;5;5;7;6;8;12;3;52;11;64;11;40;13;88;13;16;21;64;21;40;29;84;29;20;31;52;43;52;0;1;1;3;2;5;5;7;6;8;12;3;52;11;64;11;40;15;88;15;16;21;64;21;40;31;84;31;20;31;52;43;52;0;1;1;3;2;5;5;7;6;8;12;3;52;11;64;11;40;11;88;11;16;21;64;21;40;27;84;27;20;31;52;43;52;0;0;1;1;7;3;0;0;1;6;6;3;0;0;0;0;0;;255;255;0;0;0;0;1;2;3;4;5;6;7;8;9;10;11;12;13;14;15;16;17;18;19;20;21;22;23;24;25;26;27;28;29;30;31;0;6;6;6;6;10;7;2;1;10;0;0;0;0;
1923;0;1;1;3;2;5;5;7;6;12;12;3;52;11;64;11;40;13;88;13;16;25;64;25;40;25;88;25;16;43;64;43;40;0;1;1;3;2;5;5;7;6;12;12;3;52;11;64;11;40;13;88;13;16;25;64;25;40;25;88;25;16;43;64;43;40;0;1;1;3;2;5;5;7;6;12;12;3;52;11;64;11;40;13;88;13;16;25;64;25;40;25;88;25;16;43;64;43;40;0;0;0;0;8;2;0;0;0;7;8;3;0;0;0;0;0;;0;0;0;0;0;0;1;1;3;2;5;5;7;6;12;12;3;52;11;64;11;40;13;88;13;16;25;64;25;40;25;88;25;16;43;64;43;40;0;1;1;3;2;5;5;7;6;12;12;3;52;11;64;11;40;13;88;13;16;25;64;25;40;25;88;25;16;43;64;43;40;0;1;1;3;2;5;5;7;6;12;12;3;52;11;64;11;40;13;88;13;16;25;64;25;40;25;88;25;16;43;64;43;40;0;0;0;1;7;1;1;0;0;7;8;3;0;0;0;0;0;;0;0;0;0;0;0;1;1;3;2;5;5;7;6;12;12;3;52;11;64;11;40;13;88;13;16;25;64;25;40;25;88;25;16;43;64;43;40;0;1;1;3;2;5;5;7;6;12;12;3;52;11;64;11;40;13;88;13;16;25;64;25;40;25;88;25;16;43;64;43;40;0;1;1;3;2;5;5;7;6;12;12;3;52;11;64;11;40;13;88;13;16;25;64;25;40;25;88;25;16;43;64;43;40;0;0;0;0;8;2;0;0;0;7;8;3;0;0;0;0;0;;0;0;0;0;0;0;1;2;3;4;5;6;7;8;9;10;11;12;13;14;15;16;17;18;19;20;21;22;23;24;25;26;27;28;29;30;31;1;8;5;8;6;10;9;255;255;255;0;0;0;0;
1924;0;1;1;1;5;5;7;6;10;9;12;3;52;11;52;11;72;11;32;21;68;21;36;31;84;31;16;41;84;41;20;43;52;0;1;1;3;2;4;5;5;10;9;12;3;52;11;64;11;40;13;88;13;16;19;52;25;68;25;36;39;84;39;20;43;52;0;1;1;3;2;4;5;5;10;9;12;3;52;11;64;11;40;13;88;13;16;19;52;25;68;25;36;39;84;39;20;43;52;1;0;1;0;5;1;0;1;0;6;8;3;0;1122944768;1122944768;1122944768;1122944768;;0;0;11;64;11;0;1;1;3;2;4;5;5;10;9;12;3;52;11;64;11;40;13;88;13;16;19;52;25;68;25;36;39;84;39;20;43;52;0;1;1;3;2;4;5;5;10;9;12;3;52;11;64;11;40;13;88;13;16;19;52;25;68;25;36;39;84;39;20;43;52;0;1;1;3;2;4;5;5;10;9;12;3;52;11;64;11;40;13;88;13;16;19;52;25;68;25;36;39;84;39;20;43;52;0;0;0;0;7;1;1;0;0;7;6;3;0;1122944768;1122944768;1122944768;1122944768;;0;0;39;20;43;0;1;1;3;2;4;5;5;10;9;12;3;52;11;64;11;40;13;88;13;16;19;52;25;68;25;36;39;84;39;20;43;52;0;1;1;3;2;4;5;5;10;9;12;3;52;11;64;11;40;13;88;13;16;19;52;25;68;25;36;39;84;39;20;43;52;0;1;1;3;2;4;5;5;10;9;12;3;52;11;64;11;40;13;88;13;16;19;52;25;68;25;36;39;84;39;20;43;52;1;0;1;0;5;1;0;1;0;6;8;3;0;1122944768;1122944768;1122944768;1122944768;;255;255;0;0;0;0;17;27;2;6;9;13;1;14;23;19;26;10;3;12;11;21;8;5;15;4;25;22;20;18;24;16;7;255;255;255;255;6;6;23;6;6;6;23;2;17;27;0;0;0;0;
1925;0;1;1;3;2;5;5;7;6;8;12;3;52;11;64;11;40;13;88;13;16;21;64;21;40;29;84;29;20;31;52;43;52;0;1;1;3;2;5;5;7;6;8;12;3;52;11;64;11;40;15;88;15;16;21;64;21;40;31;84;31;20;31;52;43;52;0;1;1;3;2;5;5;7;6;8;12;3;52;11;64;11;40;13;88;13;16;19;64;19;40;27;84;27;20;31;52;43;52;0;0;0;0;6;2;0;0;0;7;5;3;0;1122944768;1122944768;1122944768;1122944768;;0;0;11;64;11;0;1;1;3;2;5;5;7;6;8;12;3;52;11;64;11;40;13;88;13;16;19;64;19;40;27;84;27;20;31;52;43;52;0;1;1;3;2;5;5;7;6;8;12;3;52;11;64;11;40;13;88;13;16;19;64;19;40;27;84;27;20;31;52;43;52;0;1;1;3;2;5;5;7;6;8;12;3;52;11;64;11;40;13;88;13;16;19;64;19;40;27;84;27;20;31;52;43;52;0;0;0;0;6;2;1;0;0;7;8;3;0;1122944768;1122944768;1122944768;1122944768;;0;0;33;20;43;0;1;1;3;2;5;5;7;6;8;12;3;52;11;64;11;40;13;88;13;16;21;64;21;40;29;84;29;20;31;52;43;52;0;1;1;3;2;5;5;7;6;8;12;3;52;11;64;11;40;15;88;15;16;21;64;21;40;31;84;31;20;31;52;43;52;0;1;1;3;2;5;5;7;6;8;12;3;52;11;64;11;40;13;88;13;16;19;64;19;40;27;84;27;20;31;52;43;52;0;0;0;0;6;2;0;0;0;7;5;3;0;1122944768;1122944768;1122944768;1122944768;;255;255;0;0;0;17;2;9;11;19;12;13;18;7;6;3;16;10;21;15;22;1;8;5;20;23;4;14;0;255;255;255;255;255;255;255;255;12;6;12;6;6;6;12;9;7;30;0;0;0;0;
1926;0;1;1;3;2;5;5;7;6;12;12;3;52;11;64;11;40;13;88;13;16;21;64;21;40;31;88;31;16;43;64;43;40;0;1;1;3;2;4;4;7;6;8;12;3;52;11;64;11;40;13;88;13;16;19;64;19;40;31;84;31;20;33;52;43;52;0;1;1;3;2;4;4;7;6;8;12;3;52;11;64;11;40;13;88;13;16;17;68;17;36;25;84;25;20;29;52;41;52;0;1;1;1;5;3;1;1;1;5;4;3;0;1122944768;1122944768;1122944768;1122944768;;0;0;11;64;11;0;1;1;3;2;4;4;7;6;8;12;3;52;11;64;11;40;13;88;13;16;17;68;17;36;25;84;25;20;29;52;41;52;0;1;1;3;2;4;4;7;6;8;12;3;52;11;64;11;40;13;88;13;16;17;68;17;36;25;84;25;20;29;52;41;52;0;1;1;3;2;4;4;7;6;8;12;3;52;11;64;11;40;13;88;13;16;17;68;17;36;25;84;25;20;29;52;41;52;0;0;0;0;3;3;1;1;0;3;7;3;0;1122944768;1122944768;1122944768;1122944768;;0;0;33;52;43;0;1;1;3;2;4;4;7;6;8;12;3;52;11;64;11;40;13;88;13;16;19;68;19;36;31;84;31;20;33;52;43;52;0;1;1;3;2;4;4;7;6;8;12;3;52;11;64;11;40;13;88;13;16;19;64;19;40;31;84;31;20;33;52;43;52;0;1;1;3;2;4;4;7;6;8;12;3;52;11;64;11;40;13;88;13;16;17;68;17;36;25;84;25;20;29;52;41;52;0;1;1;1;5;3;1;1;1;5;4;3;0;1122944768;1122944768;1122944768;1122944768;;255;255;0;0;0;9;8;25;28;21;11;14;6;0;13;2;23;4;17;10;12;22;15;18;7;1;19;24;3;26;5;27;20;16;255;255;255;8;0;21;0;0;0;13;25;8;13;0;0;0;0;
1927;0;1;1;3;2;5;5;7;6;12;12;3;52;11;64;11;40;13;88;13;16;25;64;25;40;31;88;31;16;43;64;43;40;0;1;1;3;2;4;4;7;6;8;12;3;52;11;64;11;40;13;88;13;16;19;64;19;40;31;88;31;16;31;52;43;52;0;1;1;3;2;4;4;7;6;8;12;3;52;11;64;11;40;13;88;13;16;19;64;19;40;31;88;31;16;31;52;43;52;0;1;0;1;4;3;1;0;1;5;5;3;0;1122944768;1122944768;1122944768;1122944768;;0;0;11;64;11;0;1;1;3;2;4;4;7;6;8;12;3;52;11;64;11;40;13;88;13;16;19;64;19;40;31;88;31;16;31;52;43;52;0;1;1;3;2;4;4;7;6;8;12;3;52;11;64;11;40;13;88;13;16;19;64;19;40;31;88;31;16;31;52;43;52;0;1;1;3;2;4;4;7;6;8;12;3;52;11;64;11;40;13;88;13;16;19;64;19;40;31;88;31;16;31;52;43;52;0;0;0;0;7;2;1;0;0;6;6;3;0;1122944768;1122944768;1122944768;1122944768;;0;0;31;52;43;0;1;1;3;2;4;4;7;6;8;12;3;52;11;64;11;40;13;88;13;16;19;64;19;40;31;88;31;16;31;52;43;52;0;1;1;3;2;4;4;7;6;8;12;3;52;11;64;11;40;13;88;13;16;19;64;19;40;31;88;31;16;31;52;43;52;0;1;1;3;2;4;4;7;6;8;12;3;52;11;64;11;40;13;88;13;16;19;64;19;40;31;88;31;16;31;52;43;52;0;1;0;1;4;3;1;0;1;5;5;3;0;1122944768;1122944768;1122944768;1122944768;;255;255;0;0;0;0;1;2;3;4;5;6;7;8;9;10;11;12;13;14;15;16;17;18;19;20;21;22;23;24;25;26;27;28;29;30;31;0;10;2;7;7;10;7;2;1;10;0;0;0;0;
1929;0;1;1;3;2;4;4;7;6;8;12;3;52;11;64;11;40;13;88;13;16;19;64;19;40;31;88;31;16;33;52;43;52;0;1;1;3;2;4;5;5;10;9;12;3;52;11;64;11;40;15;88;15;16;25;52;27;72;27;32;39;84;39;20;41;52;0;1;1;3;2;4;5;5;10;9;12;3;52;11;64;11;40;13;88;13;16;19;52;21;72;21;32;37;84;37;20;41;52;1;1;0;1;5;3;0;0;0;5;5;1;0;1122944768;1122944768;1122944768;1122944768;;0;0;11;64;11;0;1;1;3;2;4;5;5;10;9;12;3;52;11;64;11;40;13;88;13;16;19;52;21;72;21;32;37;84;37;20;41;52;0;1;1;3;2;4;5;5;10;9;12;3;52;11;64;11;40;13;88;13;16;19;52;21;72;21;32;37;84;37;20;41;52;0;1;1;3;2;4;5;5;10;9;12;3;52;11;64;11;40;13;88;13;16;19;52;21;72;21;32;37;84;37;20;41;52;0;0;0;0;5;3;1;1;0;8;5;3;0;1122944768;1122944768;1122944768;1122944768;;0;0;37;20;41;0;1;1;3;2;4;5;5;10;9;12;3;52;11;64;11;40;13;88;13;16;25;52;27;72;27;32;37;84;37;20;41;52;0;1;1;3;2;4;5;5;10;9;12;3;52;11;64;11;40;15;88;15;16;25;52;27;72;27;32;39;84;39;20;41;52;0;1;1;3;2;4;5;5;10;9;12;3;52;11;64;11;40;13;88;13;16;19;52;21;72;21;32;37;84;37;20;41;52;1;1;0;1;5;3;0;0;0;5;5;1;0;1122944768;1122944768;1122944768;1122944768;;255;255;0;0;0;17;7;14;1;18;20;15;11;9;8;3;21;13;12;16;6;5;10;23;0;4;2;26;22;25;24;19;27;28;29;30;31;7;8;8;8;8;8;9;14;7;3;0;0;0;0;
1930;0;1;1;3;2;4;4;7;6;8;12;3;52;11;64;11;40;13;88;13;16;19;64;19;40;31;84;31;20;33;52;43;52;0;1;1;3;2;4;4;7;6;8;12;3;52;11;64;11;40;13;88;13;16;19;64;19;40;31;84;31;20;33;52;43;52;0;1;1;3;2;4;4;7;6;8;12;3;52;11;64;11;40;13;88;13;16;19;64;19;40;31;84;31;20;33;52;43;52;0;0;1;1;4;1;1;0;1;3;7;3;0;0;0;0;0;;0;0;0;0;0;0;1;1;3;2;4;4;7;6;8;12;3;52;11;64;11;40;13;88;13;16;19;64;19;40;31;84;31;20;33;52;43;52;0;1;1;3;2;4;4;7;6;8;12;3;52;11;64;11;40;13;88;13;16;19;64;19;40;31;84;31;20;33;52;43;52;0;1;1;3;2;4;4;7;6;8;12;3;52;11;64;11;40;13;88;13;16;19;64;19;40;31;84;31;20;33;52;43;52;0;0;0;0;2;3;1;0;1;3;4;3;0;0;0;0;0;;0;0;0;0;0;0;1;1;3;2;4;4;7;6;8;12;3;52;11;64;11;40;13;88;13;16;19;64;19;40;31;84;31;20;33;52;43;52;0;1;1;3;2;4;4;7;6;8;12;3;52;11;64;11;40;13;88;13;16;19;64;19;40;31;84;31;20;33;52;43;52;0;1;1;3;2;4;4;7;6;8;12;3;52;11;64;11;40;13;88;13;16;19;64;19;40;31;84;31;20;33;52;43;52;0;0;1;1;4;1;1;0;1;3;7;3;0;0;0;0;0;;0;0;0;0;0;0;1;2;3;4;5;6;7;8;9;10;11;12;13;14;15;16;17;18;19;20;21;22;23;24;25;26;27;28;29;30;31;4;8;8;8;8;8;6;255;255;255;0;0;0;0;
1931;0;1;1;3;2;4;4;7;6;8;12;3;52;11;64;11;40;13;88;13;16;19;64;19;40;31;88;31;16;31;52;43;52;0;1;1;3;2;4;4;7;6;8;12;3;52;11;64;11;40;13;88;13;16;19;64;19;40;31;88;31;16;31;52;43;52;0;1;1;3;2;4;4;7;6;8;12;3;52;11;64;11;40;13;88;13;16;19;64;19;40;31;88;31;16;31;52;43;52;0;0;0;0;7;2;1;1;0;6;6;3;0;0;0;0;0;;0;0;0;0;0;0;1;1;3;2;4;4;7;6;8;12;3;52;11;64;11;40;13;88;13;16;19;64;19;40;31;88;31;16;31;52;43;52;0;1;1;3;2;4;4;7;6;8;12;3;52;11;64;11;40;13;88;13;16;19;64;19;40;31;88;31;16;31;52;43;52;0;1;1;3;2;4;4;7;6;8;12;3;52;11;64;11;40;13;88;13;16;19;64;19;40;31;88;31;16;31;52;43;52;0;1;1;0;4;3;1;0;1;4;4;3;0;0;0;0;0;;0;0;0;0;0;0;1;1;3;2;4;4;7;6;8;12;3;52;11;64;11;40;13;88;13;16;19;64;19;40;31;88;31;16;31;52;43;52;0;1;1;3;2;4;4;7;6;8;12;3;52;11;64;11;40;13;88;13;16;19;64;19;40;31;88;31;16;31;52;43;52;0;1;1;3;2;4;4;7;6;8;12;3;52;11;64;11;40;13;88;13;16;19;64;19;40;31;88;31;16;31;52;43;52;0;0;0;0;7;2;1;1;0;6;6;3;0;0;0;0;0;;0;0;0;0;0;0;1;2;3;4;5;6;7;8;9;10;11;12;13;14;15;16;17;18;19;20;21;22;23;24;25;26;27;28;29;30;31;0;9;9;9;9;10;4;255;255;255;0;0;0;0;
1936;0;1;1;3;2;4;4;7;6;8;12;3;52;11;64;11;40;13;88;13;16;19;64;19;40;31;88;31;16;31;52;43;52;0;1;1;3;2;4;4;7;6;8;12;3;52;11;64;11;40;13;88;13;16;19;64;19;40;31;88;31;16;31;52;43;52;0;1;1;3;2;4;4;7;6;8;12;3;52;11;64;11;40;13;88;13;16;19;64;19;40;31;88;31;16;31;52;43;52;1;1;1;1;4;2;1;1;1;5;5;2;0;1122944768;1122944768;1122944768;1122944768;;0;0;11;64;11;0;1;1;3;2;4;4;7;6;8;12;3;52;11;64;11;40;13;88;13;16;19;64;19;40;31;88;31;16;31;52;43;52;0;1;1;3;2;4;4;7;6;8;12;3;52;11;64;11;40;13;88;13;16;19;64;19;40;31;88;31;16;31;52;43;52;0;1;1;3;2;4;4;7;6;8;12;3;52;11;64;11;40;13;88;13;16;19;64;19;40;31;88;31;16;31;52;43;52;0;1;1;0;5;2;1;1;1;4;6;3;0;1122944768;1122944768;1122944768;1122944768;;0;0;31;52;43;0;1;1;3;2;4;4;7;6;8;12;3;52;11;64;11;40;13;88;13;16;19;64;19;40;31;88;31;16;31;52;43;52;0;1;1;3;2;4;4;7;6;8;12;3;52;11;64;11;40;13;88;13;16;19;64;19;40;31;88;31;16;31;52;43;52;0;1;1;3;2;4;4;7;6;8;12;3;52;11;64;11;40;13;88;13;16;19;64;19;40;31;88;31;16;31;52;43;52;1;1;1;1;4;2;1;1;1;5;5;2;0;1122944768;1122944768;1122944768;1122944768;;255;255;0;0;0;16;21;17;23;11;25;15;13;26;1;7;14;8;9;20;22;6;27;28;4;24;2;19;18;10;3;12;0;5;255;255;255;15;15;15;15;15;15;1;21;29;7;0;0;0;0;
1937;0;1;1;1;4;4;7;6;10;9;12;3;52;11;52;11;72;11;32;21;68;21;36;31;84;31;16;41;84;41;20;43;52;0;1;1;3;2;5;5;7;6;12;12;3;52;11;64;11;40;13;88;13;16;21;64;21;40;31;84;31;20;43;64;43;40;0;1;1;3;2;5;5;7;6;12;12;3;52;11;64;11;40;13;88;13;16;21;64;21;40;31;84;31;20;43;64;43;40;0;0;0;1;5;3;1;1;1;5;4;3;0;1122944768;1122944768;1122944768;1122944768;;0;0;11;64;11;0;1;1;3;2;5;5;7;6;12;12;3;52;11;64;11;40;13;88;13;16;21;64;21;40;31;84;31;20;43;64;43;40;0;1;1;3;2;5;5;7;6;12;12;3;52;11;64;11;40;13;88;13;16;21;64;21;40;31;84;31;20;43;64;43;40;0;1;1;3;2;5;5;7;6;12;12;3;52;11;64;11;40;13;88;13;16;21;64;21;40;31;84;31;20;43;64;43;40;0;0;1;0;4;3;1;1;0;2;6;2;0;1122944768;1122944768;1122944768;1122944768;;0;0;31;52;43;0;1;1;3;2;5;5;7;6;12;12;3;52;11;64;11;40;13;88;13;16;21;64;21;40;31;84;31;20;43;64;43;40;0;1;1;3;2;5;5;7;6;12;12;3;52;11;64;11;40;13;88;13;16;21;64;21;40;31;84;31;20;43;64;43;40;0;1;1;3;2;5;5;7;6;12;12;3;52;11;64;11;40;13;88;13;16;21;64;21;40;31;84;31;20;43;64;43;40;0;0;0;1;5;3;1;1;1;5;4;3;0;1122944768;1122944768;1122944768;1122944768;;255;255;0;0;0;18;12;17;26;9;20;28;21;5;11;10;0;15;2;7;6;16;27;8;19;13;3;23;14;24;1;31;22;30;25;29;4;18;28;9;5;5;10;21;17;26;10;0;0;0;0;
1950;0;1;1;3;2;4;4;7;6;8;12;3;52;11;64;11;40;13;88;13;16;19;64;19;40;31;88;31;16;31;52;43;52;0;1;1;3;2;4;4;7;6;8;12;3;52;11;64;11;40;13;88;13;16;19;64;19;40;31;88;31;16;31;52;43;52;0;1;1;3;2;4;4;7;6;8;12;3;52;11;64;11;40;13;88;13;16;19;64;19;40;31;88;31;16;31;52;43;52;1;0;0;0;5;2;0;0;0;4;6;2;0;0;0;0;0;;0;0;0;0;0;0;1;1;3;2;4;4;7;6;8;12;3;52;11;64;11;40;13;88;13;16;19;64;19;40;31;88;31;16;31;52;43;52;0;1;1;3;2;4;4;7;6;8;12;3;52;11;64;11;40;13;88;13;16;19;64;19;40;31;88;31;16;31;52;43;52;0;1;1;3;2;4;4;7;6;8;12;3;52;11;64;11;40;13;88;13;16;19;64;19;40;31;88;31;16;31;52;43;52;0;0;0;0;6;2;1;0;0;3;6;2;0;0;0;0;0;;0;0;0;0;0;0;1;1;3;2;4;4;7;6;8;12;3;52;11;64;11;40;13;88;13;16;19;64;19;40;31;88;31;16;31;52;43;52;0;1;1;3;2;4;4;7;6;8;12;3;52;11;64;11;40;13;88;13;16;19;64;19;40;31;88;31;16;31;52;43;52;0;1;1;3;2;4;4;7;6;8;12;3;52;11;64;11;40;13;88;13;16;19;64;19;40;31;88;31;16;31;52;43;52;1;0;0;0;5;2;0;0;0;4;6;2;0;0;0;0;0;;0;0;0;0;0;0;1;2;3;4;5;6;7;8;9;10;11;12;13;14;15;16;17;18;19;20;21;22;23;24;25;26;27;28;29;30;31;2;8;8;8;8;10;9;255;255;255;0;0;0;0;
1973;0;1;1;3;2;4;4;7;6;8;12;3;52;11;64;11;40;13;88;13;16;19;64;19;40;31;84;31;20;33;52;43;52;0;1;1;3;2;4;4;7;6;8;12;3;52;11;64;11;40;13;88;13;16;23;64;23;40;33;84;33;20;33;52;43;52;0;1;1;3;2;4;4;7;6;8;12;3;52;11;64;11;40;13;88;13;16;17;64;17;40;25;84;25;20;29;52;41;52;1;1;1;1;7;3;0;1;1;5;4;3;0;0;0;0;0;;0;0;0;0;0;0;1;1;3;2;4;4;7;6;8;12;3;52;11;64;11;40;13;88;13;16;17;64;17;40;25;84;25;20;29;52;41;52;0;1;1;3;2;4;4;7;6;8;12;3;52;11;64;11;40;13;88;13;16;17;64;17;40;25;84;25;20;29;52;41;52;0;1;1;3;2;4;4;7;6;8;12;3;52;11;64;11;40;13;88;13;16;17;64;17;40;25;84;25;20;29;52;41;52;0;1;0;0;5;3;1;0;0;4;5;3;0;0;0;0;0;;0;0;0;0;0;0;1;1;3;2;4;4;7;6;8;12;3;52;11;64;11;40;13;88;13;16;19;64;19;40;31;84;31;20;33;52;43;52;0;1;1;3;2;4;4;7;6;8;12;3;52;11;64;11;40;13;88;13;16;23;64;23;40;33;84;33;20;33;52;43;52;0;1;1;3;2;4;4;7;6;8;12;3;52;11;64;11;40;13;88;13;16;17;64;17;40;25;84;25;20;29;52;41;52;1;1;1;1;7;3;0;1;1;5;4;3;0;0;0;0;0;;0;0;0;0;0;0;1;2;3;4;5;6;7;8;9;10;11;12;13;14;15;16;17;18;19;20;21;22;23;24;25;26;27;28;29;30;31;1;6;6;3;7;6;7;255;255;255;0;0;0;0;
1974;0;1;1;3;2;4;4;7;6;12;12;3;52;11;64;11;40;13;88;13;16;23;64;23;40;31;84;31;20;41;64;41;40;0;1;1;3;2;4;4;7;6;12;12;3;52;13;68;13;36;15;96;15;8;25;64;25;40;33;88;33;16;43;64;43;40;0;1;1;3;2;4;4;7;6;12;12;3;52;11;64;11;40;13;88;13;16;23;64;23;40;31;84;31;20;41;64;41;40;0;1;1;1;6;3;1;0;0;5;4;3;0;0;0;0;0;;0;0;0;0;0;0;1;1;3;2;4;4;7;6;12;12;3;52;11;64;11;40;13;88;13;16;23;64;23;40;31;84;31;20;41;64;41;40;0;1;1;3;2;4;4;7;6;12;12;3;52;11;64;11;40;13;88;13;16;23;64;23;40;31;84;31;20;41;64;41;40;0;1;1;3;2;4;4;7;6;12;12;3;52;11;64;11;40;13;88;13;16;23;64;23;40;31;84;31;20;41;64;41;40;0;1;1;0;4;3;1;0;0;6;3;3;0;0;0;0;0;;0;0;0;0;0;0;1;1;3;2;4;4;7;6;12;12;3;52;11;64;11;40;13;88;13;16;23;64;23;40;31;84;31;20;41;64;41;40;0;1;1;3;2;4;4;7;6;12;12;3;52;13;68;13;36;15;96;15;8;25;64;25;40;33;88;33;16;43;64;43;40;0;1;1;3;2;4;4;7;6;12;12;3;52;11;64;11;40;13;88;13;16;23;64;23;40;31;84;31;20;41;64;41;40;0;1;1;1;6;3;1;0;0;5;4;3;0;0;0;0;0;;0;0;0;0;0;0;1;2;3;4;5;6;7;8;9;10;11;12;13;14;15;16;17;18;19;20;21;22;23;24;25;26;27;28;29;30;31;0;6;6;8;7;10;7;255;255;255;0;0;0;0;
1976;0;1;1;3;2;4;4;5;7;6;12;3;52;11;64;11;40;13;88;13;16;19;64;19;40;31;52;31;88;31;16;43;52;0;1;1;3;2;4;4;5;7;6;12;3;52;11;64;11;40;13;88;13;16;19;64;19;40;31;52;31;88;31;16;43;52;0;1;1;3;2;4;4;5;7;6;12;3;52;11;64;11;40;13;88;13;16;19;64;19;40;31;52;31;88;31;16;43;52;1;1;0;0;5;3;0;1;1;3;7;1;0;0;0;0;0;;0;0;0;0;0;0;1;1;3;2;4;4;5;7;6;12;3;52;11;64;11;40;13;88;13;16;19;64;19;40;31;52;31;88;31;16;43;52;0;1;1;3;2;4;4;5;7;6;12;3;52;11;64;11;40;13;88;13;16;19;64;19;40;31;52;31;88;31;16;43;52;0;1;1;3;2;4;4;5;7;6;12;3;52;11;64;11;40;13;88;13;16;19;64;19;40;31;52;31;88;31;16;43;52;0;1;1;0;5;1;0;1;0;7;3;3;0;0;0;0;0;;0;0;0;0;0;0;1;1;3;2;4;4;5;7;6;12;3;52;11;64;11;40;13;88;13;16;19;64;19;40;31;52;31;88;31;16;43;52;0;1;1;3;2;4;4;5;7;6;12;3;52;11;64;11;40;13;88;13;16;19;64;19;40;31;52;31;88;31;16;43;52;0;1;1;3;2;4;4;5;7;6;12;3;52;11;64;11;40;13;88;13;16;19;64;19;40;31;52;31;88;31;16;43;52;1;1;0;0;5;3;0;1;1;3;7;1;0;0;0;0;0;;0;0;0;0;0;0;1;2;3;4;5;6;7;8;9;10;11;12;13;14;15;16;17;18;19;20;21;22;23;24;25;26;27;28;29;30;31;2;9;5;8;9;10;4;255;255;255;0;0;0;0;
1978;0;1;1;3;2;4;4;7;6;8;12;3;52;11;64;11;40;13;88;13;16;19;64;19;40;25;84;25;20;33;52;43;52;0;1;1;3;2;4;4;7;6;8;12;3;52;11;64;11;40;13;88;13;16;19;64;19;40;25;84;25;20;33;52;43;52;0;1;1;3;2;4;4;7;6;8;12;3;52;11;64;11;40;13;88;13;16;19;64;19;40;25;84;25;20;33;52;43;52;0;0;1;1;8;1;1;0;0;6;4;3;0;0;0;0;0;;0;0;0;0;0;0;1;1;3;2;4;4;7;6;8;12;3;52;11;64;11;40;13;88;13;16;19;64;19;40;25;84;25;20;33;52;43;52;0;1;1;3;2;4;4;7;6;8;12;3;52;11;64;11;40;13;88;13;16;19;64;19;40;25;84;25;20;33;52;43;52;0;1;1;3;2;4;4;7;6;8;12;3;52;11;64;11;40;13;88;13;16;19;64;19;40;25;84;25;20;33;52;43;52;0;0;1;1;6;1;1;0;0;7;6;3;0;0;0;0;0;;0;0;0;0;0;0;1;1;3;2;4;4;7;6;8;12;3;52;11;64;11;40;13;88;13;16;19;64;19;40;25;84;25;20;33;52;43;52;0;1;1;3;2;4;4;7;6;8;12;3;52;11;64;11;40;13;88;13;16;19;64;19;40;25;84;25;20;33;52;43;52;0;1;1;3;2;4;4;7;6;8;12;3;52;11;64;11;40;13;88;13;16;19;64;19;40;25;84;25;20;33;52;43;52;0;0;1;1;8;1;1;0;0;6;4;3;0;0;0;0;0;;0;0;0;0;0;0;1;2;3;4;5;6;7;8;9;10;11;12;13;14;15;16;17;18;19;20;21;22;23;24;25;26;27;28;29;30;31;2;9;9;9;9;10;7;255;255;255;0;0;0;0;
1979;0;1;1;3;2;4;4;7;6;8;12;3;52;11;64;11;40;13;88;13;16;19;64;19;40;31;84;31;20;33;52;43;52;0;1;1;3;2;4;4;7;6;8;12;3;52;11;64;11;40;13;88;13;16;23;64;23;40;33;84;33;20;33;52;43;52;0;1;1;3;2;4;4;7;6;8;12;3;52;11;64;11;40;13;88;13;16;17;64;17;40;25;84;25;20;29;52;41;52;0;1;1;1;10;3;1;1;0;8;8;3;0;0;0;0;0;;0;0;0;0;0;0;1;1;3;2;4;4;7;6;8;12;3;52;11;64;11;40;13;88;13;16;17;64;17;40;25;84;25;20;29;52;41;52;0;1;1;3;2;4;4;7;6;8;12;3;52;11;64;11;40;13;88;13;16;17;64;17;40;25;84;25;20;29;52;41;52;0;1;1;3;2;4;4;7;6;8;12;3;52;11;64;11;40;13;88;13;16;17;64;17;40;25;84;25;20;29;52;41;52;0;0;0;0;9;1;1;0;0;9;9;3;0;0;0;0;0;;0;0;0;0;0;0;1;1;3;2;4;4;7;6;8;12;3;52;11;64;11;40;13;88;13;16;19;64;19;40;31;84;31;20;33;52;43;52;0;1;1;3;2;4;4;7;6;8;12;3;52;11;64;11;40;13;88;13;16;23;64;23;40;33;84;33;20;33;52;43;52;0;1;1;3;2;4;4;7;6;8;12;3;52;11;64;11;40;13;88;13;16;17;64;17;40;25;84;25;20;29;52;41;52;0;1;1;1;10;3;1;1;0;8;8;3;0;0;0;0;0;;0;0;0;0;0;0;1;2;3;4;5;6;7;8;9;10;11;12;13;14;15;16;17;18;19;20;21;22;23;24;25;26;27;28;29;30;31;6;7;7;7;7;5;3;255;255;255;0;0;0;0;
1981;0;1;1;3;2;4;4;7;6;8;12;3;52;11;64;11;40;13;88;13;16;19;64;19;40;31;84;31;20;33;52;43;52;0;1;1;3;2;4;4;7;6;8;12;3;52;11;64;11;40;15;88;15;16;21;64;21;40;33;84;33;20;33;52;43;52;0;1;1;3;2;4;4;7;6;8;12;3;52;11;64;11;40;13;88;13;16;17;64;17;40;25;84;25;20;29;52;41;52;1;0;1;1;7;2;1;0;0;2;6;2;0;0;0;0;0;;0;0;0;0;0;0;1;1;3;2;4;4;7;6;8;12;3;52;11;64;11;40;13;88;13;16;17;64;17;40;25;84;25;20;29;52;41;52;0;1;1;3;2;4;4;7;6;8;12;3;52;11;64;11;40;13;88;13;16;17;64;17;40;25;84;25;20;29;52;41;52;0;1;1;3;2;4;4;7;6;8;12;3;52;11;64;11;40;13;88;13;16;17;64;17;40;25;84;25;20;29;52;41;52;0;1;1;0;2;1;1;0;1;5;7;3;0;0;0;0;0;;0;0;0;0;0;0;1;1;3;2;4;4;7;6;8;12;3;52;11;64;11;40;13;88;13;16;19;64;19;40;31;84;31;20;33;52;43;52;0;1;1;3;2;4;4;7;6;8;12;3;52;11;64;11;40;15;88;15;16;21;64;21;40;33;84;33;20;33;52;43;52;0;1;1;3;2;4;4;7;6;8;12;3;52;11;64;11;40;13;88;13;16;17;64;17;40;25;84;25;20;29;52;41;52;1;0;1;1;7;2;1;0;0;2;6;2;0;0;0;0;0;;0;0;0;0;0;0;1;2;3;4;5;6;7;8;9;10;11;12;13;14;15;16;17;18;19;20;21;22;23;24;25;26;27;28;29;30;31;2;8;8;8;8;10;10;255;255;255;0;0;0;0;
2187;0;1;1;3;2;4;4;7;6;8;12;3;52;11;64;11;40;13;88;13;16;19;64;19;40;31;88;31;16;33;52;43;52;0;1;1;1;4;4;7;6;8;8;12;3;52;11;52;11;72;11;32;23;64;23;40;25;84;25;20;33;72;33;32;43;52;0;1;1;1;4;4;7;6;8;8;12;3;52;11;52;11;72;11;32;19;64;19;40;21;84;21;20;31;72;31;32;43;52;0;1;1;0;3;2;0;0;0;4;6;3;0;1122944768;1122944768;1122944768;1122944768;;0;0;11;52;11;0;1;1;1;4;4;7;6;8;8;12;3;52;11;52;11;72;11;32;19;64;19;40;21;84;21;20;31;72;31;32;43;52;0;1;1;1;4;4;7;6;8;8;12;3;52;11;52;11;72;11;32;19;64;19;40;21;84;21;20;31;72;31;32;43;52;0;1;1;1;4;4;7;6;8;8;12;3;52;11;52;11;72;11;32;19;64;19;40;21;84;21;20;31;72;31;32;43;52;0;1;1;0;3;2;0;1;0;4;3;3;0;1122944768;1122944768;1122944768;1122944768;;0;0;41;64;41;0;1;1;1;4;4;7;6;8;8;12;3;52;11;52;11;72;11;32;21;64;21;40;23;84;23;20;33;72;33;32;43;52;0;1;1;1;4;4;7;6;8;8;12;3;52;11;52;11;72;11;32;23;64;23;40;25;84;25;20;33;72;33;32;43;52;0;1;1;1;4;4;7;6;8;8;12;3;52;11;52;11;72;11;32;19;64;19;40;21;84;21;20;31;72;31;32;43;52;0;1;1;0;3;2;0;0;0;4;6;3;0;1122944768;1122944768;1122944768;1122944768;;255;255;0;0;0;0;1;2;3;4;5;6;7;8;9;10;11;12;13;14;15;16;17;18;19;20;21;22;23;24;25;26;27;28;29;30;31;3;7;7;7;7;10;9;2;1;10;0;0;0;0;
2188;0;1;1;3;2;4;5;5;7;6;12;3;52;11;64;11;40;13;88;13;16;19;52;25;68;25;36;33;84;33;20;43;52;0;1;1;3;2;4;5;5;7;6;12;3;52;11;64;11;40;13;88;13;16;19;52;25;68;25;36;33;84;33;20;43;52;0;1;1;3;2;4;5;5;7;6;12;3;52;11;64;11;40;13;88;13;16;19;52;25;68;25;36;33;84;33;20;43;52;0;1;1;0;5;1;1;0;1;5;5;3;0;0;0;0;0;;0;0;0;0;0;0;1;1;3;2;4;5;5;7;6;12;3;52;11;64;11;40;13;88;13;16;19;52;25;68;25;36;33;84;33;20;43;52;0;1;1;3;2;4;5;5;7;6;12;3;52;11;64;11;40;13;88;13;16;19;52;25;68;25;36;33;84;33;20;43;52;0;1;1;3;2;4;5;5;7;6;12;3;52;11;64;11;40;13;88;13;16;19;52;25;68;25;36;33;84;33;20;43;52;0;1;1;0;5;1;1;0;1;5;5;3;0;0;0;0;0;;0;0;0;0;0;0;1;1;3;2;4;5;5;7;6;12;3;52;11;64;11;40;13;88;13;16;19;52;25;68;25;36;33;84;33;20;43;52;0;1;1;3;2;4;5;5;7;6;12;3;52;11;64;11;40;13;88;13;16;19;52;25;68;25;36;33;84;33;20;43;52;0;1;1;3;2;4;5;5;7;6;12;3;52;11;64;11;40;13;88;13;16;19;52;25;68;25;36;33;84;33;20;43;52;0;1;1;0;5;1;1;0;1;5;5;3;0;0;0;0;0;;0;0;0;0;0;0;1;2;3;4;5;6;7;8;9;10;11;12;13;14;15;16;17;18;19;20;21;22;23;24;25;26;27;28;29;30;31;6;8;8;8;8;6;7;255;255;255;0;0;0;0;
2191;0;1;1;3;2;5;5;7;6;12;12;3;52;11;64;11;40;13;88;13;16;25;64;25;40;25;88;25;16;43;64;43;40;0;1;1;3;2;5;5;7;6;12;12;3;52;11;64;11;40;13;88;13;16;25;64;25;40;25;88;25;16;43;64;43;40;0;1;1;3;2;5;5;7;6;12;12;3;52;11;64;11;40;13;88;13;16;25;64;25;40;25;88;25;16;43;64;43;40;1;1;0;1;7;3;0;1;0;4;4;3;0;0;0;0;0;;0;0;0;0;0;0;1;1;3;2;5;5;7;6;12;12;3;52;11;64;11;40;13;88;13;16;25;64;25;40;25;88;25;16;43;64;43;40;0;1;1;3;2;5;5;7;6;12;12;3;52;11;64;11;40;13;88;13;16;25;64;25;40;25;88;25;16;43;64;43;40;0;1;1;3;2;5;5;7;6;12;12;3;52;11;64;11;40;13;88;13;16;25;64;25;40;25;88;25;16;43;64;43;40;1;0;0;1;4;3;0;1;0;4;7;3;0;0;0;0;0;;0;0;0;0;0;0;1;1;3;2;5;5;7;6;12;12;3;52;11;64;11;40;13;88;13;16;25;64;25;40;25;88;25;16;43;64;43;40;0;1;1;3;2;5;5;7;6;12;12;3;52;11;64;11;40;13;88;13;16;25;64;25;40;25;88;25;16;43;64;43;40;0;1;1;3;2;5;5;7;6;12;12;3;52;11;64;11;40;13;88;13;16;25;64;25;40;25;88;25;16;43;64;43;40;1;1;0;1;7;3;0;1;0;4;4;3;0;0;0;0;0;;0;0;0;0;0;0;1;2;3;4;5;6;7;8;9;10;11;12;13;14;15;16;17;18;19;20;21;22;23;24;25;26;27;28;29;30;31;3;7;7;5;3;6;3;255;255;255;0;0;0;0;
2192;0;1;1;3;2;4;4;7;6;8;12;3;52;11;64;11;40;13;88;13;16;19;64;19;40;31;84;31;20;33;52;43;52;0;1;1;3;2;4;4;7;6;8;12;3;52;11;64;11;40;13;88;13;16;19;64;19;40;31;84;31;20;33;52;43;52;0;1;1;3;2;4;4;7;6;8;12;3;52;9;64;9;40;11;88;11;16;17;64;17;40;29;84;29;20;31;52;41;52;0;1;0;0;4;3;1;0;1;5;4;3;0;0;0;0;0;;0;0;0;0;0;0;1;1;3;2;4;4;7;6;8;12;3;52;9;64;9;40;11;88;11;16;17;64;17;40;29;84;29;20;31;52;41;52;0;1;1;3;2;4;4;7;6;8;12;3;52;9;64;9;40;11;88;11;16;17;64;17;40;29;84;29;20;31;52;41;52;0;1;1;3;2;4;4;7;6;8;12;3;52;9;64;9;40;11;88;11;16;17;64;17;40;29;84;29;20;31;52;41;52;0;1;0;0;4;3;1;0;1;5;4;3;0;0;0;0;0;;0;0;0;0;0;0;1;1;3;2;4;4;7;6;8;12;3;52;11;64;11;40;13;88;13;16;19;64;19;40;31;84;31;20;33;52;43;52;0;1;1;3;2;4;4;7;6;8;12;3;52;11;64;11;40;13;88;13;16;19;64;19;40;31;84;31;20;33;52;43;52;0;1;1;3;2;4;4;7;6;8;12;3;52;9;64;9;40;11;88;11;16;17;64;17;40;29;84;29;20;31;52;41;52;0;1;0;0;4;3;1;0;1;5;4;3;0;0;0;0;0;;0;0;0;0;0;0;1;2;3;4;5;6;7;8;9;10;11;12;13;14;15;16;17;18;19;20;21;22;23;24;25;26;27;28;29;30;31;0;7;7;7;7;10;4;255;255;255;0;0;0;0;
2193;0;1;1;3;2;4;4;7;6;8;12;3;52;11;64;11;40;13;88;13;16;19;64;19;40;31;88;31;16;33;52;43;52;0;1;1;3;2;4;5;5;7;6;12;3;52;11;64;11;40;13;88;13;16;19;52;25;68;25;36;33;84;33;20;43;52;0;1;1;3;2;4;5;5;7;6;12;3;52;11;64;11;40;13;88;13;16;19;52;25;68;25;36;33;84;33;20;43;52;1;1;1;1;8;3;0;1;0;5;5;3;0;1122944768;1122944768;1122944768;1122944768;;0;0;11;64;11;0;1;1;3;2;4;5;5;7;6;12;3;52;11;64;11;40;13;88;13;16;19;52;25;68;25;36;33;84;33;20;43;52;0;1;1;3;2;4;5;5;7;6;12;3;52;11;64;11;40;13;88;13;16;19;52;25;68;25;36;33;84;33;20;43;52;0;1;1;3;2;4;5;5;7;6;12;3;52;11;64;11;40;13;88;13;16;19;52;25;68;25;36;33;84;33;20;43;52;0;0;1;0;7;1;1;1;1;7;6;3;0;1122944768;1122944768;1122944768;1122944768;;0;0;37;20;43;0;1;1;3;2;4;5;5;7;6;12;3;52;11;64;11;40;13;88;13;16;19;52;25;68;25;36;33;84;33;20;43;52;0;1;1;3;2;4;5;5;7;6;12;3;52;11;64;11;40;13;88;13;16;19;52;25;68;25;36;33;84;33;20;43;52;0;1;1;3;2;4;5;5;7;6;12;3;52;11;64;11;40;13;88;13;16;19;52;25;68;25;36;33;84;33;20;43;52;1;1;1;1;8;3;0;1;0;5;5;3;0;1122944768;1122944768;1122944768;1122944768;;255;255;0;2;0;6;5;10;15;17;7;9;19;23;16;4;2;21;11;13;14;8;0;3;20;1;22;24;12;18;25;26;27;28;29;30;31;6;16;16;16;16;16;17;10;5;4;0;0;0;0;
2208;0;1;1;3;2;4;4;7;6;8;12;3;52;11;64;11;40;13;88;13;16;19;64;19;40;31;84;31;20;33;52;43;52;0;1;1;3;2;4;4;7;6;8;12;3;52;11;64;11;40;15;88;15;16;19;64;19;40;33;84;33;20;33;52;43;52;0;1;1;3;2;4;4;7;6;8;12;3;52;11;64;11;40;13;88;13;16;19;64;19;40;31;84;31;20;33;52;43;52;0;1;0;0;5;3;1;0;0;5;4;3;0;0;0;0;0;;0;0;0;0;0;0;1;1;3;2;4;4;7;6;8;12;3;52;11;64;11;40;13;88;13;16;19;64;19;40;31;84;31;20;33;52;43;52;0;1;1;3;2;4;4;7;6;8;12;3;52;11;64;11;40;13;88;13;16;19;64;19;40;31;84;31;20;33;52;43;52;0;1;1;3;2;4;4;7;6;8;12;3;52;11;64;11;40;13;88;13;16;19;64;19;40;31;84;31;20;33;52;43;52;0;1;0;0;5;3;1;0;0;5;4;3;0;0;0;0;0;;0;0;0;0;0;0;1;1;3;2;4;4;7;6;8;12;3;52;11;64;11;40;13;88;13;16;19;64;19;40;31;84;31;20;33;52;43;52;0;1;1;3;2;4;4;7;6;8;12;3;52;11;64;11;40;15;88;15;16;19;64;19;40;33;84;33;20;33;52;43;52;0;1;1;3;2;4;4;7;6;8;12;3;52;11;64;11;40;13;88;13;16;19;64;19;40;31;84;31;20;33;52;43;52;0;1;0;0;5;3;1;0;0;5;4;3;0;0;0;0;0;;0;0;0;0;0;0;1;2;3;4;5;6;7;8;9;10;11;12;13;14;15;16;17;18;19;20;21;22;23;24;25;26;27;28;29;30;31;2;7;5;9;7;5;8;255;255;255;0;0;0;0;
2209;0;1;1;1;5;5;7;6;8;12;12;3;52;11;52;11;72;11;32;19;64;19;40;31;88;31;16;33;52;43;64;43;40;0;1;1;1;3;2;4;4;8;12;12;3;52;11;52;11;72;11;32;15;88;15;16;21;64;21;40;31;52;43;64;43;40;0;1;1;1;3;2;4;4;8;12;12;3;52;11;52;11;72;11;32;15;88;15;16;21;64;21;40;31;52;43;64;43;40;1;1;0;1;7;3;0;0;0;6;6;3;0;1122944768;1122944768;1122944768;1122944768;;0;0;11;52;11;0;1;1;1;3;2;4;4;8;12;12;3;52;11;52;11;72;11;32;15;88;15;16;21;64;21;40;31;52;43;64;43;40;0;1;1;1;3;2;4;4;8;12;12;3;52;11;52;11;72;11;32;15;88;15;16;21;64;21;40;31;52;43;64;43;40;0;1;1;1;3;2;4;4;8;12;12;3;52;11;52;11;72;11;32;15;88;15;16;21;64;21;40;31;52;43;64;43;40;0;1;0;1;6;3;1;1;0;5;7;3;0;1122944768;1122944768;1122944768;1122944768;;0;0;43;64;43;0;1;1;1;3;2;4;4;8;12;12;3;52;11;52;11;72;11;32;15;88;15;16;21;64;21;40;31;52;43;64;43;40;0;1;1;1;3;2;4;4;8;12;12;3;52;11;52;11;72;11;32;15;88;15;16;21;64;21;40;31;52;43;64;43;40;0;1;1;1;3;2;4;4;8;12;12;3;52;11;52;11;72;11;32;15;88;15;16;21;64;21;40;31;52;43;64;43;40;1;1;0;1;7;3;0;0;0;6;6;3;0;1122944768;1122944768;1122944768;1122944768;;255;255;0;0;0;5;10;14;11;8;17;13;22;2;19;16;6;3;4;20;21;7;9;12;1;15;0;23;18;255;255;255;255;255;255;255;255;8;22;8;8;8;8;8;11;10;19;0;0;0;0;
2216;0;1;1;3;2;4;5;5;10;9;12;3;52;11;64;11;40;13;88;13;16;19;52;26;68;26;36;41;84;41;20;43;52;0;1;1;3;2;5;5;5;10;9;12;3;52;11;64;11;40;13;88;13;16;25;52;25;72;25;32;39;84;39;20;43;52;0;1;1;3;2;5;5;5;10;9;12;3;52;11;64;11;40;13;88;13;16;25;52;25;72;25;32;39;84;39;20;43;52;0;0;0;0;5;2;1;0;0;7;7;3;0;1122944768;1122944768;1122944768;1122944768;;0;0;11;64;11;0;1;1;3;2;5;5;5;10;9;12;3;52;11;64;11;40;13;88;13;16;25;52;25;72;25;32;39;84;39;20;43;52;0;1;1;3;2;5;5;5;10;9;12;3;52;11;64;11;40;13;88;13;16;25;52;25;72;25;32;39;84;39;20;43;52;0;1;1;3;2;5;5;5;10;9;12;3;52;11;64;11;40;13;88;13;16;25;52;25;72;25;32;39;84;39;20;43;52;0;0;0;0;5;2;1;0;0;8;7;3;0;1122944768;1122944768;1122944768;1122944768;;0;0;39;20;43;0;1;1;3;2;5;5;5;10;9;12;3;52;11;64;11;40;13;88;13;16;25;52;25;72;25;32;39;84;39;20;43;52;0;1;1;3;2;5;5;5;10;9;12;3;52;11;64;11;40;13;88;13;16;25;52;25;72;25;32;39;84;39;20;43;52;0;1;1;3;2;5;5;5;10;9;12;3;52;11;64;11;40;13;88;13;16;25;52;25;72;25;32;39;84;39;20;43;52;0;0;0;0;5;2;1;0;0;7;7;3;0;1122944768;1122944768;1122944768;1122944768;;255;255;0;0;0;1;10;25;23;19;18;20;17;11;16;12;0;21;2;24;8;14;6;22;3;9;5;15;7;13;4;26;27;28;29;30;31;20;11;20;19;19;11;18;25;10;12;0;0;0;0;
2245;0;1;1;1;4;4;4;7;6;12;12;3;52;11;52;11;72;11;32;19;52;23;72;23;32;29;88;29;16;43;64;43;40;0;1;1;1;4;4;4;7;6;11;12;3;52;11;52;11;72;11;32;19;52;23;72;23;32;29;88;29;16;35;60;43;44;0;1;1;1;4;4;4;7;6;11;12;3;52;11;52;11;72;11;32;19;52;23;72;23;32;29;88;29;16;35;60;43;44;0;0;0;1;5;2;1;1;1;2;4;2;0;1122944768;1122944768;1122944768;1122944768;;0;0;11;52;11;0;1;1;1;4;4;4;7;6;11;12;3;52;11;52;11;72;11;32;19;52;23;72;23;32;29;88;29;16;35;60;43;44;0;1;1;1;4;4;4;7;6;11;12;3;52;11;52;11;72;11;32;19;52;23;72;23;32;29;88;29;16;35;60;43;44;0;1;1;1;4;4;4;7;6;11;12;3;52;11;52;11;72;11;32;19;52;23;72;23;32;29;88;29;16;35;60;43;44;0;0;1;0;4;1;1;1;1;7;6;3;0;1122944768;1122944768;1122944768;1122944768;;0;0;35;60;43;0;1;1;1;4;4;4;7;6;11;12;3;52;11;52;11;72;11;32;19;52;23;72;23;32;29;88;29;16;35;60;43;44;0;1;1;1;4;4;4;7;6;11;12;3;52;11;52;11;72;11;32;19;52;23;72;23;32;29;88;29;16;35;60;43;44;0;1;1;1;4;4;4;7;6;11;12;3;52;11;52;11;72;11;32;19;52;23;72;23;32;29;88;29;16;35;60;43;44;0;0;0;1;5;2;1;1;1;2;4;2;0;1122944768;1122944768;1122944768;1122944768;;255;255;0;0;0;15;2;24;13;14;5;25;16;0;19;4;12;10;23;20;9;22;1;11;8;21;17;3;18;6;7;255;255;255;255;255;255;2;19;14;14;14;19;13;2;24;4;0;0;0;0;
2287;0;1;1;3;2;5;5;7;6;8;12;3;52;11;64;11;40;13;88;13;16;19;64;19;40;31;88;31;16;33;52;43;52;0;1;1;3;2;5;5;5;10;9;12;3;52;11;64;11;40;13;88;13;16;25;52;25;72;25;32;39;84;39;20;43;52;0;1;1;3;2;5;5;5;10;9;12;3;52;11;64;11;40;13;88;13;16;25;52;25;72;25;32;39;84;39;20;43;52;1;0;0;0;4;3;1;0;0;6;5;3;0;1122944768;1122944768;1122944768;1122944768;;0;0;11;64;11;0;1;1;3;2;5;5;5;10;9;12;3;52;11;64;11;40;13;88;13;16;25;52;25;72;25;32;39;84;39;20;43;52;0;1;1;3;2;5;5;5;10;9;12;3;52;11;64;11;40;13;88;13;16;25;52;25;72;25;32;39;84;39;20;43;52;0;1;1;3;2;5;5;5;10;9;12;3;52;11;64;11;40;13;88;13;16;25;52;25;72;25;32;39;84;39;20;43;52;0;0;0;0;5;3;0;0;0;6;5;3;0;1122944768;1122944768;1122944768;1122944768;;0;0;33;20;43;0;1;1;3;2;5;5;5;10;9;12;3;52;11;64;11;40;13;88;13;16;25;52;25;72;25;32;39;84;39;20;43;52;0;1;1;3;2;5;5;5;10;9;12;3;52;11;64;11;40;13;88;13;16;25;52;25;72;25;32;39;84;39;20;43;52;0;1;1;3;2;5;5;5;10;9;12;3;52;11;64;11;40;13;88;13;16;25;52;25;72;25;32;39;84;39;20;43;52;1;0;0;0;4;3;1;0;0;6;5;3;0;1122944768;1122944768;1122944768;1122944768;;255;255;0;0;0;20;17;22;23;21;13;25;6;9;18;15;1;24;10;3;12;19;14;8;0;11;16;5;7;4;2;255;255;255;255;255;255;17;25;25;21;21;15;18;15;17;6;0;0;0;0;
2293;0;1;1;3;2;4;4;7;6;8;12;3;52;11;64;11;40;13;88;13;16;19;64;19;40;31;88;31;16;33;52;43;52;0;1;1;3;2;4;5;5;8;12;12;3;52;10;63;9;41;11;84;12;17;18;52;22;70;22;32;32;52;41;63;41;41;0;1;1;3;2;4;5;5;8;12;12;3;52;10;63;9;41;11;84;12;17;18;52;22;70;22;32;32;52;41;63;41;41;1;0;0;1;3;1;1;0;1;2;2;1;0;0;0;0;0;;0;0;10;63;9;0;1;1;3;2;4;5;5;8;12;12;3;52;10;63;9;41;11;84;12;17;18;52;22;70;22;32;32;52;41;63;41;41;0;1;1;3;2;4;5;5;8;12;12;3;52;10;63;9;41;11;84;12;17;18;52;22;70;22;32;32;52;41;63;41;41;0;1;1;3;2;4;5;5;8;12;12;3;52;10;63;9;41;11;84;12;17;18;52;22;70;22;32;32;52;41;63;41;41;0;0;1;1;3;2;0;0;1;5;1;2;0;0;0;0;0;;0;0;41;63;41;0;1;1;3;2;4;5;5;8;12;12;3;52;10;63;9;41;11;84;12;17;18;52;22;70;22;32;32;52;41;63;41;41;0;1;1;3;2;4;5;5;8;12;12;3;52;10;63;9;41;11;84;12;17;18;52;22;70;22;32;32;52;41;63;41;41;0;1;1;3;2;4;5;5;8;12;12;3;52;10;63;9;41;11;84;12;17;18;52;22;70;22;32;32;52;41;63;41;41;1;0;0;1;3;1;1;0;1;2;2;1;0;0;0;0;0;;255;255;0;2;0;0;14;1;18;16;6;5;3;12;9;10;7;2;13;20;15;4;17;11;19;22;24;8;21;23;25;26;27;28;29;30;31;0;3;6;6;6;10;6;1;14;10;0;0;0;0;
2297;0;1;1;3;2;4;4;7;6;8;12;3;52;10;65;10;39;14;91;14;13;22;63;21;41;29;84;29;20;33;52;42;52;0;1;1;3;2;4;4;7;6;8;12;3;52;10;65;10;39;14;91;14;13;22;63;21;41;29;84;29;20;33;52;42;52;0;1;1;3;2;4;4;7;6;8;12;3;52;10;65;10;39;14;91;14;13;22;63;21;41;29;84;29;20;33;52;42;52;0;0;0;0;6;2;1;1;1;4;5;3;0;0;0;0;0;;0;0;0;0;0;0;1;1;3;2;4;4;7;6;8;12;3;52;10;65;10;39;14;91;14;13;22;63;21;41;29;84;29;20;33;52;42;52;0;1;1;3;2;4;4;7;6;8;12;3;52;10;65;10;39;14;91;14;13;22;63;21;41;29;84;29;20;33;52;42;52;0;1;1;3;2;4;4;7;6;8;12;3;52;10;65;10;39;14;91;14;13;22;63;21;41;29;84;29;20;33;52;42;52;0;0;0;0;6;1;1;1;1;5;6;3;0;0;0;0;0;;0;0;0;0;0;0;1;1;3;2;4;4;7;6;8;12;3;52;10;65;10;39;14;91;14;13;22;63;21;41;29;84;29;20;33;52;42;52;0;1;1;3;2;4;4;7;6;8;12;3;52;10;65;10;39;14;91;14;13;22;63;21;41;29;84;29;20;33;52;42;52;0;1;1;3;2;4;4;7;6;8;12;3;52;10;65;10;39;14;91;14;13;22;63;21;41;29;84;29;20;33;52;42;52;0;0;0;0;6;2;1;1;1;4;5;3;0;0;0;0;0;;0;0;0;0;0;0;1;2;3;4;5;6;7;8;9;10;11;12;13;14;15;16;17;18;19;20;21;22;23;24;25;26;27;28;29;30;31;5;5;5;5;5;5;9;255;255;255;0;0;0;0;
2298;0;1;1;3;2;4;4;7;6;11;12;3;52;10;65;10;39;12;89;12;15;22;63;24;41;27;84;26;20;37;65;41;39;0;1;1;3;2;4;4;7;6;11;12;3;52;10;65;10;39;12;89;12;15;22;63;24;41;27;84;26;20;37;65;41;39;0;1;1;3;2;4;4;7;6;11;12;3;52;10;65;10;39;12;89;12;15;22;63;24;41;27;84;26;20;37;65;41;39;0;0;0;0;9;1;1;0;0;10;8;3;0;0;0;0;0;;0;0;0;0;0;0;1;1;3;2;4;4;7;6;11;12;3;52;10;65;10;39;12;89;12;15;22;63;24;41;27;84;26;20;37;65;41;39;0;1;1;3;2;4;4;7;6;11;12;3;52;10;65;10;39;12;89;12;15;22;63;24;41;27;84;26;20;37;65;41;39;0;1;1;3;2;4;4;7;6;11;12;3;52;10;65;10;39;12;89;12;15;22;63;24;41;27;84;26;20;37;65;41;39;0;0;0;0;10;1;1;0;0;10;10;3;0;0;0;0;0;;0;0;0;0;0;0;1;1;3;2;4;4;7;6;11;12;3;52;10;65;10;39;12;89;12;15;22;63;24;41;27;84;26;20;37;65;41;39;0;1;1;3;2;4;4;7;6;11;12;3;52;10;65;10;39;12;89;12;15;22;63;24;41;27;84;26;20;37;65;41;39;0;1;1;3;2;4;4;7;6;11;12;3;52;10;65;10;39;12;89;12;15;22;63;24;41;27;84;26;20;37;65;41;39;0;0;0;0;9;1;1;0;0;10;8;3;0;0;0;0;0;;0;0;0;0;0;0;1;2;3;4;5;6;7;8;9;10;11;12;13;14;15;16;17;18;19;20;21;22;23;24;25;26;27;28;29;30;31;7;7;7;7;7;7;4;255;255;255;0;0;0;0;
2300;0;1;1;3;2;4;4;7;6;11;12;3;52;8;65;8;39;12;91;12;13;21;63;21;41;27;84;27;20;37;39;41;65;0;1;1;3;2;4;4;7;6;11;12;3;52;8;65;8;39;12;91;12;13;21;63;21;41;27;84;27;20;37;39;41;65;0;1;1;3;2;4;4;7;6;11;12;3;52;8;65;8;39;12;91;12;13;21;63;21;41;27;84;27;20;37;39;41;65;1;1;0;1;5;2;1;0;1;4;7;2;0;0;0;0;0;;0;0;0;0;0;0;1;1;3;2;4;4;7;6;11;12;3;52;8;65;8;39;12;91;12;13;21;63;21;41;27;84;27;20;37;39;41;65;0;1;1;3;2;4;4;7;6;11;12;3;52;8;65;8;39;12;91;12;13;21;63;21;41;27;84;27;20;37;39;41;65;0;1;1;3;2;4;4;7;6;11;12;3;52;8;65;8;39;12;91;12;13;21;63;21;41;27;84;27;20;37;39;41;65;0;1;1;0;7;2;0;1;1;4;6;2;0;0;0;0;0;;0;0;0;0;0;0;1;1;3;2;4;4;7;6;11;12;3;52;8;65;8;39;12;91;12;13;21;63;21;41;27;84;27;20;37;39;41;65;0;1;1;3;2;4;4;7;6;11;12;3;52;8;65;8;39;12;91;12;13;21;63;21;41;27;84;27;20;37;39;41;65;0;1;1;3;2;4;4;7;6;11;12;3;52;8;65;8;39;12;91;12;13;21;63;21;41;27;84;27;20;37;39;41;65;1;1;0;1;5;2;1;0;1;4;7;2;0;0;0;0;0;;0;0;0;0;0;0;1;2;3;4;5;6;7;8;9;10;11;12;13;14;15;16;17;18;19;20;21;22;23;24;25;26;27;28;29;30;31;5;5;5;5;5;5;9;255;255;255;0;0;0;0;
2301;0;1;1;3;2;4;4;7;6;8;12;3;52;10;65;10;39;14;91;14;13;21;63;21;41;30;84;30;20;33;52;42;52;0;1;1;3;2;4;4;7;6;8;12;3;52;10;65;10;39;14;91;14;13;21;63;21;41;30;84;30;20;33;52;42;52;0;1;1;3;2;4;4;7;6;8;12;3;52;10;65;10;39;14;91;14;13;21;63;21;41;30;84;30;20;33;52;42;52;1;1;0;1;8;2;1;0;1;7;7;2;0;0;0;0;0;;0;0;0;0;0;0;1;1;3;2;4;4;7;6;8;12;3;52;10;65;10;39;14;91;14;13;21;63;21;41;30;84;30;20;33;52;42;52;0;1;1;3;2;4;4;7;6;8;12;3;52;10;65;10;39;14;91;14;13;21;63;21;41;30;84;30;20;33;52;42;52;0;1;1;3;2;4;4;7;6;8;12;3;52;10;65;10;39;14;91;14;13;21;63;21;41;30;84;30;20;33;52;42;52;0;0;1;0;4;3;1;1;0;3;5;3;0;0;0;0;0;;0;0;0;0;0;0;1;1;3;2;4;4;7;6;8;12;3;52;10;65;10;39;14;91;14;13;21;63;21;41;30;84;30;20;33;52;42;52;0;1;1;3;2;4;4;7;6;8;12;3;52;10;65;10;39;14;91;14;13;21;63;21;41;30;84;30;20;33;52;42;52;0;1;1;3;2;4;4;7;6;8;12;3;52;10;65;10;39;14;91;14;13;21;63;21;41;30;84;30;20;33;52;42;52;1;1;0;1;8;2;1;0;1;7;7;2;0;0;0;0;0;;0;0;0;0;0;0;1;2;3;4;5;6;7;8;9;10;11;12;13;14;15;16;17;18;19;20;21;22;23;24;25;26;27;28;29;30;31;2;2;2;2;2;2;4;255;255;255;0;0;0;0;
2344;0;1;1;3;2;4;7;6;8;8;12;3;52;6;63;6;41;10;86;13;14;19;52;25;84;23;20;34;63;31;41;42;45;0;1;1;3;2;4;7;6;8;8;12;3;52;6;63;6;41;10;86;13;14;19;52;25;84;23;20;34;63;31;41;42;45;0;1;1;3;2;4;7;6;8;8;12;3;52;6;63;6;41;10;86;13;14;19;52;25;84;23;20;34;63;31;41;42;45;1;1;1;0;8;3;0;1;0;7;6;2;0;0;0;0;0;;0;0;0;0;0;0;1;1;3;2;4;7;6;8;8;12;3;52;6;63;6;41;10;86;13;14;19;52;25;84;23;20;34;63;31;41;42;45;0;1;1;3;2;4;7;6;8;8;12;3;52;6;63;6;41;10;86;13;14;19;52;25;84;23;20;34;63;31;41;42;45;0;1;1;3;2;4;7;6;8;8;12;3;52;6;63;6;41;10;86;13;14;19;52;25;84;23;20;34;63;31;41;42;45;0;0;0;1;6;3;1;0;0;7;6;3;0;0;0;0;0;;0;0;0;0;0;0;1;1;3;2;4;7;6;8;8;12;3;52;6;63;6;41;10;86;13;14;19;52;25;84;23;20;34;63;31;41;42;45;0;1;1;3;2;4;7;6;8;8;12;3;52;6;63;6;41;10;86;13;14;19;52;25;84;23;20;34;63;31;41;42;45;0;1;1;3;2;4;7;6;8;8;12;3;52;6;63;6;41;10;86;13;14;19;52;25;84;23;20;34;63;31;41;42;45;1;1;1;0;8;3;0;1;0;7;6;2;0;0;0;0;0;;0;0;0;0;0;0;1;2;3;4;5;6;7;8;9;10;11;12;13;14;15;16;17;18;19;20;21;22;23;24;25;26;27;28;29;30;31;10;10;10;10;10;10;9;255;255;255;0;0;0;0;
2345;0;1;1;3;2;4;4;7;6;8;12;3;52;7;63;7;41;10;84;10;19;21;62;21;42;24;84;24;17;32;52;40;52;0;1;1;3;2;4;4;7;6;8;12;3;52;7;63;7;41;10;84;10;19;21;62;21;42;24;84;24;17;32;52;40;52;0;1;1;3;2;4;4;7;6;8;12;3;52;7;63;7;41;10;84;10;19;21;62;21;42;24;84;24;17;32;52;40;52;0;1;1;0;7;2;0;0;1;7;7;3;0;0;0;0;0;;0;0;0;0;0;0;1;1;3;2;4;4;7;6;8;12;3;52;7;63;7;41;10;84;10;19;21;62;21;42;24;84;24;17;32;52;40;52;0;1;1;3;2;4;4;7;6;8;12;3;52;7;63;7;41;10;84;10;19;21;62;21;42;24;84;24;17;32;52;40;52;0;1;1;3;2;4;4;7;6;8;12;3;52;7;63;7;41;10;84;10;19;21;62;21;42;24;84;24;17;32;52;40;52;0;1;1;0;7;2;0;0;1;7;7;3;0;0;0;0;0;;0;0;0;0;0;0;1;1;3;2;4;4;7;6;8;12;3;52;7;63;7;41;10;84;10;19;21;62;21;42;24;84;24;17;32;52;40;52;0;1;1;3;2;4;4;7;6;8;12;3;52;7;63;7;41;10;84;10;19;21;62;21;42;24;84;24;17;32;52;40;52;0;1;1;3;2;4;4;7;6;8;12;3;52;7;63;7;41;10;84;10;19;21;62;21;42;24;84;24;17;32;52;40;52;0;1;1;0;7;2;0;0;1;7;7;3;0;0;0;0;0;;0;0;0;0;0;0;1;2;3;4;5;6;7;8;9;10;11;12;13;14;15;16;17;18;19;20;21;22;23;24;25;26;27;28;29;30;31;8;8;8;8;8;8;4;255;255;255;0;0;0;0;
2346;0;1;1;3;2;4;4;7;6;11;12;3;52;10;65;10;39;14;91;14;13;22;63;22;41;26;84;26;20;37;61;41;39;0;1;1;3;2;4;4;7;6;11;12;3;52;10;65;10;39;14;91;14;13;22;63;22;41;26;84;26;20;37;61;41;39;0;1;1;3;2;4;4;7;6;11;12;3;52;10;65;10;39;14;91;14;13;22;63;22;41;26;84;26;20;37;61;41;39;0;1;0;1;4;3;0;0;1;7;5;3;0;0;0;0;0;;0;0;0;0;0;0;1;1;3;2;4;4;7;6;11;12;3;52;10;65;10;39;14;91;14;13;22;63;22;41;26;84;26;20;37;61;41;39;0;1;1;3;2;4;4;7;6;11;12;3;52;10;65;10;39;14;91;14;13;22;63;22;41;26;84;26;20;37;61;41;39;0;1;1;3;2;4;4;7;6;11;12;3;52;10;65;10;39;14;91;14;13;22;63;22;41;26;84;26;20;37;61;41;39;0;1;0;1;4;2;0;0;1;7;6;3;0;0;0;0;0;;0;0;0;0;0;0;1;1;3;2;4;4;7;6;11;12;3;52;10;65;10;39;14;91;14;13;22;63;22;41;26;84;26;20;37;61;41;39;0;1;1;3;2;4;4;7;6;11;12;3;52;10;65;10;39;14;91;14;13;22;63;22;41;26;84;26;20;37;61;41;39;0;1;1;3;2;4;4;7;6;11;12;3;52;10;65;10;39;14;91;14;13;22;63;22;41;26;84;26;20;37;61;41;39;0;1;0;1;4;3;0;0;1;7;5;3;0;0;0;0;0;;0;0;0;0;0;0;1;2;3;4;5;6;7;8;9;10;11;12;13;14;15;16;17;18;19;20;21;22;23;24;25;26;27;28;29;30;31;8;8;8;8;8;8;4;255;255;255;0;0;0;0;
2347;0;1;1;1;4;7;6;8;8;12;12;3;52;7;52;9;72;9;32;19;52;23;84;23;20;29;64;29;40;41;64;41;40;0;1;1;1;4;7;6;8;8;12;12;3;52;7;52;9;68;9;32;19;52;23;84;23;20;29;64;29;40;41;60;41;40;0;1;1;1;4;7;6;8;8;12;12;3;52;7;52;9;68;9;32;19;52;23;84;23;20;29;64;29;40;41;60;41;40;1;0;0;1;3;2;0;0;0;2;2;1;0;0;0;0;0;;0;0;0;0;0;0;1;1;1;4;7;6;8;8;12;12;3;52;7;52;9;68;9;32;19;52;23;84;23;20;29;64;29;40;41;60;41;40;0;1;1;1;4;7;6;8;8;12;12;3;52;7;52;9;68;9;32;19;52;23;84;23;20;29;64;29;40;41;60;41;40;0;1;1;1;4;7;6;8;8;12;12;3;52;7;52;9;68;9;32;19;52;23;84;23;20;29;64;29;40;41;60;41;40;1;1;0;1;3;2;0;1;0;2;2;1;0;0;0;0;0;;0;0;0;0;0;0;1;1;1;4;7;6;8;8;12;12;3;52;7;52;9;72;9;32;19;52;23;84;23;20;29;64;29;40;41;64;41;40;0;1;1;1;4;7;6;8;8;12;12;3;52;7;52;9;68;9;32;19;52;23;84;23;20;29;64;29;40;41;60;41;40;0;1;1;1;4;7;6;8;8;12;12;3;52;7;52;9;68;9;32;19;52;23;84;23;20;29;64;29;40;41;60;41;40;1;0;0;1;3;2;0;0;0;2;2;1;0;0;0;0;0;;0;0;0;0;0;0;1;2;3;4;5;6;7;8;9;10;11;12;13;14;15;16;17;18;19;20;21;22;23;24;25;26;27;28;29;30;31;9;9;9;9;9;9;4;255;255;255;0;0;0;0;
2348;0;1;1;1;4;4;7;6;8;12;12;3;52;9;72;8;52;9;31;21;58;22;41;25;87;23;13;32;47;40;67;43;38;0;1;1;1;4;4;7;6;8;12;12;3;52;9;72;8;52;9;31;21;58;22;41;25;87;23;13;32;47;40;67;43;38;0;1;1;1;4;4;7;6;8;12;12;3;52;9;72;8;52;9;31;21;58;22;41;25;87;23;13;32;47;40;67;43;38;0;0;0;0;4;1;1;1;1;2;8;2;0;0;0;0;0;;0;0;0;0;0;0;1;1;1;4;4;7;6;8;12;12;3;52;9;72;8;52;9;31;21;58;22;41;25;87;23;13;32;47;40;67;43;38;0;1;1;1;4;4;7;6;8;12;12;3;52;9;72;8;52;9;31;21;58;22;41;25;87;23;13;32;47;40;67;43;38;0;1;1;1;4;4;7;6;8;12;12;3;52;9;72;8;52;9;31;21;58;22;41;25;87;23;13;32;47;40;67;43;38;0;0;0;0;1;1;1;1;1;2;10;2;0;0;0;0;0;;0;0;0;0;0;0;1;1;1;4;4;7;6;8;12;12;3;52;9;72;8;52;9;31;21;58;22;41;25;87;23;13;32;47;40;67;43;38;0;1;1;1;4;4;7;6;8;12;12;3;52;9;72;8;52;9;31;21;58;22;41;25;87;23;13;32;47;40;67;43;38;0;1;1;1;4;4;7;6;8;12;12;3;52;9;72;8;52;9;31;21;58;22;41;25;87;23;13;32;47;40;67;43;38;0;0;0;0;4;1;1;1;1;2;8;2;0;0;0;0;0;;0;0;0;0;0;0;1;2;3;4;5;6;7;8;9;10;11;12;13;14;15;16;17;18;19;20;21;22;23;24;25;26;27;28;29;30;31;8;8;8;8;8;8;5;255;255;255;0;0;0;0;
2349;0;1;1;1;5;5;7;6;8;8;12;3;52;11;52;11;72;11;32;25;64;25;40;31;88;31;16;33;68;33;36;43;52;0;1;1;1;4;4;7;6;8;12;12;3;52;9;72;7;52;9;31;21;58;22;41;25;87;23;13;32;47;40;67;43;38;0;1;1;1;4;4;7;6;8;12;12;3;52;9;72;7;52;9;31;21;58;22;41;25;87;23;13;32;47;40;67;43;38;0;1;0;1;8;3;0;0;0;7;7;2;0;0;0;0;0;;0;0;10;65;10;0;1;1;1;4;4;7;6;8;12;12;3;52;9;72;7;52;9;31;21;58;22;41;25;87;23;13;32;47;40;67;43;38;0;1;1;1;4;4;7;6;8;12;12;3;52;9;72;7;52;9;31;21;58;22;41;25;87;23;13;32;47;40;67;43;38;0;1;1;1;4;4;7;6;8;12;12;3;52;9;72;7;52;9;31;21;58;22;41;25;87;23;13;32;47;40;67;43;38;0;0;0;0;4;2;1;0;1;4;6;2;0;0;0;0;0;;0;0;33;52;42;0;1;1;1;4;4;7;6;8;12;12;3;52;9;72;7;52;9;31;21;58;22;41;25;87;23;13;32;47;40;67;43;38;0;1;1;1;4;4;7;6;8;12;12;3;52;9;72;7;52;9;31;21;58;22;41;25;87;23;13;32;47;40;67;43;38;0;1;1;1;4;4;7;6;8;12;12;3;52;9;72;7;52;9;31;21;58;22;41;25;87;23;13;32;47;40;67;43;38;0;1;0;1;8;3;0;0;0;7;7;2;0;0;0;0;0;;255;255;0;2;0;6;3;13;19;2;5;7;4;21;24;0;18;1;16;9;8;17;10;15;22;11;23;14;20;12;255;255;255;255;255;255;255;4;4;4;4;4;4;2;3;19;0;0;0;0;0;
2350;0;1;1;3;2;4;5;7;6;12;12;3;52;6;63;6;41;10;86;13;14;19;52;31;45;25;84;28;20;40;62;43;41;0;1;1;3;2;4;5;7;6;12;12;3;52;6;63;6;41;10;86;13;14;19;52;31;45;25;84;28;20;40;62;43;41;0;1;1;3;2;4;5;7;6;12;12;3;52;6;63;6;41;10;86;13;14;19;52;31;45;25;84;28;20;40;62;43;41;0;0;1;0;4;2;1;0;1;4;5;3;0;0;0;0;0;;0;0;0;0;0;0;1;1;3;2;4;5;7;6;12;12;3;52;6;63;6;41;10;86;13;14;19;52;31;45;25;84;28;20;40;62;43;41;0;1;1;3;2;4;5;7;6;12;12;3;52;6;63;6;41;10;86;13;14;19;52;31;45;25;84;28;20;40;62;43;41;0;1;1;3;2;4;5;7;6;12;12;3;52;6;63;6;41;10;86;13;14;19;52;31;45;25;84;28;20;40;62;43;41;0;0;1;0;3;1;1;0;1;5;5;3;0;0;0;0;0;;0;0;0;0;0;0;1;1;3;2;4;5;7;6;12;12;3;52;6;63;6;41;10;86;13;14;19;52;31;45;25;84;28;20;40;62;43;41;0;1;1;3;2;4;5;7;6;12;12;3;52;6;63;6;41;10;86;13;14;19;52;31;45;25;84;28;20;40;62;43;41;0;1;1;3;2;4;5;7;6;12;12;3;52;6;63;6;41;10;86;13;14;19;52;31;45;25;84;28;20;40;62;43;41;0;0;1;0;4;2;1;0;1;4;5;3;0;0;0;0;0;;0;0;0;0;0;0;1;2;3;4;5;6;7;8;9;10;11;12;13;14;15;16;17;18;19;20;21;22;23;24;25;26;27;28;29;30;31;8;8;8;8;8;8;7;255;255;255;0;0;0;0;
2351;0;1;1;1;4;7;6;8;8;12;12;3;52;12;75;11;52;12;29;20;50;21;88;22;15;31;61;30;32;40;68;43;30;0;1;1;1;4;7;6;8;8;12;12;3;52;12;75;11;52;12;29;20;50;21;88;22;15;31;61;30;32;40;68;43;30;0;1;1;1;4;7;6;8;8;12;12;3;52;12;75;11;52;12;29;20;50;21;88;22;15;31;61;30;32;40;68;43;30;0;0;0;0;6;3;1;0;1;6;6;3;0;0;0;0;0;;0;0;0;0;0;0;1;1;1;4;7;6;8;8;12;12;3;52;12;75;11;52;12;29;20;50;21;88;22;15;31;61;30;32;40;68;43;30;0;1;1;1;4;7;6;8;8;12;12;3;52;12;75;11;52;12;29;20;50;21;88;22;15;31;61;30;32;40;68;43;30;0;1;1;1;4;7;6;8;8;12;12;3;52;12;75;11;52;12;29;20;50;21;88;22;15;31;61;30;32;40;68;43;30;0;0;1;0;4;1;1;1;0;3;4;3;0;0;0;0;0;;0;0;0;0;0;0;1;1;1;4;7;6;8;8;12;12;3;52;12;75;11;52;12;29;20;50;21;88;22;15;31;61;30;32;40;68;43;30;0;1;1;1;4;7;6;8;8;12;12;3;52;12;75;11;52;12;29;20;50;21;88;22;15;31;61;30;32;40;68;43;30;0;1;1;1;4;7;6;8;8;12;12;3;52;12;75;11;52;12;29;20;50;21;88;22;15;31;61;30;32;40;68;43;30;0;0;0;0;6;3;1;0;1;6;6;3;0;0;0;0;0;;0;0;0;0;0;0;1;2;3;4;5;6;7;8;9;10;11;12;13;14;15;16;17;18;19;20;21;22;23;24;25;26;27;28;29;30;31;3;3;3;3;3;3;4;255;255;255;0;0;0;0;
2352;0;1;1;3;2;4;4;7;6;12;12;3;52;7;63;7;41;10;84;10;19;21;62;21;42;24;84;24;17;40;64;41;42;0;1;1;3;2;4;4;7;6;12;12;3;52;7;63;7;41;10;84;10;19;21;62;21;42;24;84;24;17;40;64;41;42;0;1;1;3;2;4;4;7;6;12;12;3;52;7;63;7;41;10;84;10;19;21;62;21;42;24;84;24;17;40;64;41;42;1;0;0;1;4;3;0;0;0;5;6;2;0;0;0;0;0;;0;0;0;0;0;0;1;1;3;2;4;4;7;6;12;12;3;52;7;63;7;41;10;84;10;19;21;62;21;42;24;84;24;17;40;64;41;42;0;1;1;3;2;4;4;7;6;12;12;3;52;7;63;7;41;10;84;10;19;21;62;21;42;24;84;24;17;40;64;41;42;0;1;1;3;2;4;4;7;6;12;12;3;52;7;63;7;41;10;84;10;19;21;62;21;42;24;84;24;17;40;64;41;42;0;1;1;0;6;1;1;1;1;6;6;2;0;0;0;0;0;;0;0;0;0;0;0;1;1;3;2;4;4;7;6;12;12;3;52;7;63;7;41;10;84;10;19;21;62;21;42;24;84;24;17;40;64;41;42;0;1;1;3;2;4;4;7;6;12;12;3;52;7;63;7;41;10;84;10;19;21;62;21;42;24;84;24;17;40;64;41;42;0;1;1;3;2;4;4;7;6;12;12;3;52;7;63;7;41;10;84;10;19;21;62;21;42;24;84;24;17;40;64;41;42;1;0;0;1;4;3;0;0;0;5;6;2;0;0;0;0;0;;0;0;0;0;0;0;1;2;3;4;5;6;7;8;9;10;11;12;13;14;15;16;17;18;19;20;21;22;23;24;25;26;27;28;29;30;31;5;5;5;5;5;5;9;255;255;255;0;0;0;0;
2353;0;1;1;3;2;4;4;7;6;12;12;3;52;7;64;7;42;10;84;10;17;20;62;22;42;24;84;24;17;40;64;41;42;0;1;1;3;2;4;4;7;6;12;12;3;52;7;64;7;42;10;84;10;17;20;62;22;42;24;84;24;17;40;64;41;42;0;1;1;3;2;4;4;7;6;12;12;3;52;7;64;7;42;10;84;10;17;20;62;22;42;24;84;24;17;40;64;41;42;1;1;0;1;5;2;0;0;0;6;5;2;0;0;0;0;0;;0;0;0;0;0;0;1;1;3;2;4;4;7;6;12;12;3;52;7;64;7;42;10;84;10;17;20;62;22;42;24;84;24;17;40;64;41;42;0;1;1;3;2;4;4;7;6;12;12;3;52;7;64;7;42;10;84;10;17;20;62;22;42;24;84;24;17;40;64;41;42;0;1;1;3;2;4;4;7;6;12;12;3;52;7;64;7;42;10;84;10;17;20;62;22;42;24;84;24;17;40;64;41;42;0;1;0;0;4;1;1;0;1;7;7;2;0;0;0;0;0;;0;0;0;0;0;0;1;1;3;2;4;4;7;6;12;12;3;52;7;64;7;42;10;84;10;17;20;62;22;42;24;84;24;17;40;64;41;42;0;1;1;3;2;4;4;7;6;12;12;3;52;7;64;7;42;10;84;10;17;20;62;22;42;24;84;24;17;40;64;41;42;0;1;1;3;2;4;4;7;6;12;12;3;52;7;64;7;42;10;84;10;17;20;62;22;42;24;84;24;17;40;64;41;42;1;1;0;1;5;2;0;0;0;6;5;2;0;0;0;0;0;;0;0;0;0;0;0;1;2;3;4;5;6;7;8;9;10;11;12;13;14;15;16;17;18;19;20;21;22;23;24;25;26;27;28;29;30;31;2;2;2;2;2;2;4;255;255;255;0;0;0;0;
2354;0;1;1;3;2;4;4;7;6;8;12;3;52;7;63;7;41;10;84;10;19;21;62;21;42;24;84;24;17;32;52;40;52;0;1;1;3;2;4;4;7;6;8;12;3;52;7;63;7;41;10;84;10;19;21;62;21;42;24;84;24;17;32;52;40;52;0;1;1;3;2;4;4;7;6;8;12;3;52;7;63;7;41;10;84;10;19;21;62;21;42;24;84;24;17;32;52;40;52;0;1;0;0;6;3;1;0;1;5;6;2;0;0;0;0;0;;0;0;0;0;0;0;1;1;3;2;4;4;7;6;8;12;3;52;7;63;7;41;10;84;10;19;21;62;21;42;24;84;24;17;32;52;40;52;0;1;1;3;2;4;4;7;6;8;12;3;52;7;63;7;41;10;84;10;19;21;62;21;42;24;84;24;17;32;52;40;52;0;1;1;3;2;4;4;7;6;8;12;3;52;7;63;7;41;10;84;10;19;21;62;21;42;24;84;24;17;32;52;40;52;1;0;0;0;5;2;1;0;1;7;5;3;0;0;0;0;0;;0;0;0;0;0;0;1;1;3;2;4;4;7;6;8;12;3;52;7;63;7;41;10;84;10;19;21;62;21;42;24;84;24;17;32;52;40;52;0;1;1;3;2;4;4;7;6;8;12;3;52;7;63;7;41;10;84;10;19;21;62;21;42;24;84;24;17;32;52;40;52;0;1;1;3;2;4;4;7;6;8;12;3;52;7;63;7;41;10;84;10;19;21;62;21;42;24;84;24;17;32;52;40;52;0;1;0;0;6;3;1;0;1;5;6;2;0;0;0;0;0;;0;0;0;0;0;0;1;2;3;4;5;6;7;8;9;10;11;12;13;14;15;16;17;18;19;20;21;22;23;24;25;26;27;28;29;30;31;7;7;7;7;7;7;5;255;255;255;0;0;0;0;
2355;0;1;1;3;2;4;4;7;6;12;12;3;52;7;64;7;42;11;84;10;17;21;62;19;42;25;84;24;17;41;62;40;42;0;1;1;3;2;4;4;7;6;12;12;3;52;7;64;7;42;11;84;10;17;21;62;19;42;25;84;24;17;41;62;40;42;0;1;1;3;2;4;4;7;6;12;12;3;52;7;64;7;42;11;84;10;17;21;62;19;42;25;84;24;17;41;62;40;42;0;1;0;1;6;2;1;0;0;5;4;2;0;0;0;0;0;;0;0;0;0;0;0;1;1;3;2;4;4;7;6;12;12;3;52;7;64;7;42;11;84;10;17;21;62;19;42;25;84;24;17;41;62;40;42;0;1;1;3;2;4;4;7;6;12;12;3;52;7;64;7;42;11;84;10;17;21;62;19;42;25;84;24;17;41;62;40;42;0;1;1;3;2;4;4;7;6;12;12;3;52;7;64;7;42;11;84;10;17;21;62;19;42;25;84;24;17;41;62;40;42;0;1;0;0;5;1;1;0;1;6;7;2;0;0;0;0;0;;0;0;0;0;0;0;1;1;3;2;4;4;7;6;12;12;3;52;7;64;7;42;11;84;10;17;21;62;19;42;25;84;24;17;41;62;40;42;0;1;1;3;2;4;4;7;6;12;12;3;52;7;64;7;42;11;84;10;17;21;62;19;42;25;84;24;17;41;62;40;42;0;1;1;3;2;4;4;7;6;12;12;3;52;7;64;7;42;11;84;10;17;21;62;19;42;25;84;24;17;41;62;40;42;0;1;0;1;6;2;1;0;0;5;4;2;0;0;0;0;0;;0;0;0;0;0;0;1;2;3;4;5;6;7;8;9;10;11;12;13;14;15;16;17;18;19;20;21;22;23;24;25;26;27;28;29;30;31;7;7;7;7;7;7;8;255;255;255;0;0;0;0;
2356;0;1;1;3;2;4;5;7;6;12;12;3;52;6;63;6;41;10;86;13;14;19;52;29;45;25;84;28;20;40;62;44;41;0;1;1;3;2;4;5;7;6;12;12;3;52;6;63;6;41;10;86;13;14;19;52;29;45;25;84;28;20;40;62;44;41;0;1;1;3;2;4;5;7;6;12;12;3;52;6;63;6;41;10;86;13;14;19;52;29;45;25;84;28;20;40;62;44;41;0;1;1;1;6;1;0;1;0;7;4;2;0;0;0;0;0;;0;0;0;0;0;0;1;1;3;2;4;5;7;6;12;12;3;52;6;63;6;41;10;86;13;14;19;52;29;45;25;84;28;20;40;62;44;41;0;1;1;3;2;4;5;7;6;12;12;3;52;6;63;6;41;10;86;13;14;19;52;29;45;25;84;28;20;40;62;44;41;0;1;1;3;2;4;5;7;6;12;12;3;52;6;63;6;41;10;86;13;14;19;52;29;45;25;84;28;20;40;62;44;41;1;1;1;1;5;1;1;1;1;8;8;3;0;0;0;0;0;;0;0;0;0;0;0;1;1;3;2;4;5;7;6;12;12;3;52;6;63;6;41;10;86;13;14;19;52;29;45;25;84;28;20;40;62;44;41;0;1;1;3;2;4;5;7;6;12;12;3;52;6;63;6;41;10;86;13;14;19;52;29;45;25;84;28;20;40;62;44;41;0;1;1;3;2;4;5;7;6;12;12;3;52;6;63;6;41;10;86;13;14;19;52;29;45;25;84;28;20;40;62;44;41;0;1;1;1;6;1;0;1;0;7;4;2;0;0;0;0;0;;0;0;0;0;0;0;1;2;3;4;5;6;7;8;9;10;11;12;13;14;15;16;17;18;19;20;21;22;23;24;25;26;27;28;29;30;31;8;8;8;8;8;8;6;255;255;255;0;0;0;0;
2357;0;1;1;1;4;7;6;8;8;12;12;3;52;12;75;11;52;12;29;20;50;21;88;22;15;31;61;30;32;40;68;43;30;0;1;1;1;4;7;6;8;8;12;12;3;52;12;75;11;52;12;29;20;50;21;88;22;15;31;61;30;32;40;68;43;30;0;1;1;1;4;7;6;8;8;12;12;3;52;12;75;11;52;12;29;20;50;21;88;22;15;31;61;30;32;40;68;43;30;0;1;0;0;6;2;1;0;0;5;5;2;0;0;0;0;0;;0;0;0;0;0;0;1;1;1;4;7;6;8;8;12;12;3;52;12;75;11;52;12;29;20;50;21;88;22;15;31;61;30;32;40;68;43;30;0;1;1;1;4;7;6;8;8;12;12;3;52;12;75;11;52;12;29;20;50;21;88;22;15;31;61;30;32;40;68;43;30;0;1;1;1;4;7;6;8;8;12;12;3;52;12;75;11;52;12;29;20;50;21;88;22;15;31;61;30;32;40;68;43;30;0;1;0;0;6;2;1;0;0;5;5;2;0;0;0;0;0;;0;0;0;0;0;0;1;1;1;4;7;6;8;8;12;12;3;52;12;75;11;52;12;29;20;50;21;88;22;15;31;61;30;32;40;68;43;30;0;1;1;1;4;7;6;8;8;12;12;3;52;12;75;11;52;12;29;20;50;21;88;22;15;31;61;30;32;40;68;43;30;0;1;1;1;4;7;6;8;8;12;12;3;52;12;75;11;52;12;29;20;50;21;88;22;15;31;61;30;32;40;68;43;30;0;1;0;0;6;2;1;0;0;5;5;2;0;0;0;0;0;;0;0;0;0;0;0;1;2;3;4;5;6;7;8;9;10;11;12;13;14;15;16;17;18;19;20;21;22;23;24;25;26;27;28;29;30;31;3;3;3;3;3;3;8;255;255;255;0;0;0;0;
2360;0;1;1;3;2;4;4;7;6;12;12;3;52;11;64;11;40;13;88;13;16;21;64;21;40;31;84;31;20;43;64;43;40;0;1;1;3;2;5;5;7;6;12;12;3;52;11;64;11;40;13;88;13;16;21;64;21;40;31;84;31;20;43;64;43;40;0;1;1;3;2;4;4;7;6;11;12;3;52;11;64;11;40;13;88;13;16;21;64;21;40;31;84;31;20;43;64;43;40;0;0;0;0;7;1;1;0;0;6;8;3;0;0;0;0;0;;0;0;0;0;0;0;1;1;3;2;4;4;7;6;11;12;3;52;11;64;11;40;13;88;13;16;21;64;21;40;31;84;31;20;43;64;43;40;0;1;1;3;2;4;4;7;6;11;12;3;52;11;64;11;40;13;88;13;16;21;64;21;40;31;84;31;20;43;64;43;40;0;1;1;3;2;4;4;7;6;11;12;3;52;11;64;11;40;13;88;13;16;21;64;21;40;31;84;31;20;43;64;43;40;0;0;0;0;5;1;1;0;0;5;7;3;0;0;0;0;0;;0;0;0;0;0;0;1;1;3;2;4;4;7;6;12;12;3;52;11;64;11;40;13;88;13;16;21;64;21;40;31;84;31;20;43;64;43;40;0;1;1;3;2;5;5;7;6;12;12;3;52;11;64;11;40;13;88;13;16;21;64;21;40;31;84;31;20;43;64;43;40;0;1;1;3;2;4;4;7;6;11;12;3;52;11;64;11;40;13;88;13;16;21;64;21;40;31;84;31;20;43;64;43;40;0;0;0;0;7;1;1;0;0;6;8;3;0;0;0;0;0;;0;0;0;0;0;0;1;2;3;4;5;6;7;8;9;10;11;12;13;14;15;16;17;18;19;20;21;22;23;24;25;26;27;28;29;30;31;0;5;7;7;7;5;9;255;255;255;0;0;0;0;
2369;0;1;1;3;2;4;4;5;7;6;12;3;52;11;64;11;40;13;88;13;16;19;64;19;40;31;52;31;88;31;16;43;52;0;1;1;3;2;4;4;5;7;6;12;3;52;11;64;11;40;13;88;13;16;19;64;19;40;31;52;31;88;31;16;43;52;0;1;1;3;2;4;4;5;7;6;12;3;52;11;64;11;40;13;88;13;16;19;64;19;40;31;52;31;88;31;16;43;52;0;0;0;0;1;2;0;0;0;1;1;2;0;0;0;0;0;;0;0;0;0;0;0;1;1;3;2;4;4;5;7;6;12;3;52;11;64;11;40;13;88;13;16;19;64;19;40;31;52;31;88;31;16;43;52;0;1;1;3;2;4;4;5;7;6;12;3;52;11;64;11;40;13;88;13;16;19;64;19;40;31;52;31;88;31;16;43;52;0;1;1;3;2;4;4;5;7;6;12;3;52;11;64;11;40;13;88;13;16;19;64;19;40;31;52;31;88;31;16;43;52;0;0;0;0;1;2;0;0;0;1;1;2;0;0;0;0;0;;0;0;0;0;0;0;1;1;3;2;4;4;5;7;6;12;3;52;11;64;11;40;13;88;13;16;19;64;19;40;31;52;31;88;31;16;43;52;0;1;1;3;2;4;4;5;7;6;12;3;52;11;64;11;40;13;88;13;16;19;64;19;40;31;52;31;88;31;16;43;52;0;1;1;3;2;4;4;5;7;6;12;3;52;11;64;11;40;13;88;13;16;19;64;19;40;31;52;31;88;31;16;43;52;0;0;0;0;1;2;0;0;0;1;1;2;0;0;0;0;0;;0;0;0;0;0;0;1;2;3;4;5;6;7;8;9;10;11;12;13;14;15;16;17;18;19;20;21;22;23;24;25;26;27;28;29;30;31;7;8;7;8;9;10;10;255;255;255;0;0;0;0;
2377;0;1;1;1;5;5;7;6;8;12;12;3;52;11;52;11;72;11;32;23;64;23;40;23;88;23;16;31;52;43;64;43;40;0;1;1;1;5;5;7;6;8;12;12;3;52;11;52;13;72;13;32;25;64;25;40;27;88;27;16;33;52;43;64;43;40;0;1;1;1;5;5;7;6;8;12;12;3;52;11;52;11;72;11;32;19;64;19;40;17;88;17;16;29;52;41;64;41;40;0;1;0;0;0;0;1;1;1;0;0;0;52;0;0;-1086559288828;-1;;0;0;11;52;11;72;11;32;19;64;19;40;17;88;17;16;29;52;41;64;41;40;0;1;1;1;5;5;7;6;8;12;12;3;52;11;52;11;72;11;32;19;64;19;40;17;88;17;16;29;52;41;64;41;40;0;1;1;1;5;5;7;6;8;12;12;3;52;11;52;11;72;11;32;19;64;19;40;17;88;17;16;29;52;41;64;41;40;0;0;0;0;1;1;1;0;0;0;0;0;0;0;0;0;0;0;0;0;52;11;0;0;0;52;11;72;52;-1086525931261;-1;72340168526266368;219563710434706693;;0;0;43;64;43;40;0;1;1;1;5;5;7;6;8;12;12;3;52;11;52;13;72;13;32;25;64;25;40;27;88;27;16;33;52;43;64;43;40;0;1;1;1;5;5;7;6;8;12;12;3;52;11;52;11;72;11;32;19;64;19;40;17;88;17;16;29;52;41;64;41;40;0;1;0;0;1;1;1;0;0;0;0;0;0;0;0;0;0;0;0;0;0;0;0;0;0;4;2;5;4;3;255;255;255;255;255;255;28;29;255;255;255;30;31;4;0;216736831578832896;795458214266537220;1374179596971150604;1952900979675763988;;255;255;0;0;0;0;0;0;0;0;0;0;0;0;0;0;0;0;0;0;0;0;0;0;0;0;0;0;0;0;0;0;0;0;0;0;0;0;0;0;0;0;0;0;0;0;0;0;0;0;0;
2382;0;1;1;3;2;5;5;7;6;12;12;3;52;11;64;11;40;13;88;13;16;21;64;21;40;31;84;31;20;43;64;43;40;0;1;1;3;2;5;5;7;6;12;12;3;52;11;64;11;40;13;88;13;16;21;64;21;40;31;84;31;20;43;64;43;40;0;1;1;3;2;5;5;7;6;12;12;3;52;11;64;11;40;13;88;13;16;21;64;21;40;31;84;31;20;43;64;43;40;0;0;0;0;1;2;0;0;0;1;1;2;0;0;0;0;0;;0;0;0;0;0;0;1;1;3;2;5;5;7;6;12;12;3;52;11;64;11;40;13;88;13;16;21;64;21;40;31;84;31;20;43;64;43;40;0;1;1;3;2;5;5;7;6;12;12;3;52;11;64;11;40;13;88;13;16;21;64;21;40;31;84;31;20;43;64;43;40;0;1;1;3;2;5;5;7;6;12;12;3;52;11;64;11;40;13;88;13;16;21;64;21;40;31;84;31;20;43;64;43;40;0;0;0;0;1;2;0;0;0;1;1;2;0;0;0;0;0;;0;0;0;0;0;0;1;1;3;2;5;5;7;6;12;12;3;52;11;64;11;40;13;88;13;16;21;64;21;40;31;84;31;20;43;64;43;40;0;1;1;3;2;5;5;7;6;12;12;3;52;11;64;11;40;13;88;13;16;21;64;21;40;31;84;31;20;43;64;43;40;0;1;1;3;2;5;5;7;6;12;12;3;52;11;64;11;40;13;88;13;16;21;64;21;40;31;84;31;20;43;64;43;40;0;0;0;0;1;2;0;0;0;1;1;2;0;0;0;0;0;;0;0;0;0;0;0;1;2;3;4;5;6;7;8;9;10;11;12;13;14;15;16;17;18;19;20;21;22;23;24;25;26;27;28;29;30;31;6;6;6;6;6;6;7;255;255;255;0;0;0;0;
2383;0;1;1;3;2;4;4;8;10;9;12;3;52;11;64;11;40;13;88;13;16;19;64;19;40;31;52;35;84;35;20;43;52;0;1;1;3;2;4;4;8;7;6;12;3;52;11;64;11;40;13;88;13;16;19;64;19;40;31;52;31;88;31;16;43;52;0;1;1;3;2;4;4;8;7;6;12;3;52;11;64;11;40;13;88;13;16;19;64;19;40;31;52;31;88;31;16;43;52;1;1;1;0;4;3;1;0;0;4;8;3;0;0;0;0;0;;0;0;0;0;0;0;1;1;3;2;4;4;8;7;6;12;3;52;11;64;11;40;13;88;13;16;19;64;19;40;31;52;31;88;31;16;43;52;0;1;1;3;2;4;4;8;7;6;12;3;52;11;64;11;40;13;88;13;16;19;64;19;40;31;52;31;88;31;16;43;52;0;1;1;3;2;4;4;8;7;6;12;3;52;11;64;11;40;13;88;13;16;19;64;19;40;31;52;31;88;31;16;43;52;0;0;0;1;7;3;0;1;1;2;7;3;0;0;0;0;0;;0;0;0;0;0;0;1;1;3;2;4;4;8;10;9;12;3;52;11;64;11;40;13;88;13;16;19;64;19;40;31;52;35;84;35;20;43;52;0;1;1;3;2;4;4;8;7;6;12;3;52;11;64;11;40;13;88;13;16;19;64;19;40;31;52;31;88;31;16;43;52;0;1;1;3;2;4;4;8;7;6;12;3;52;11;64;11;40;13;88;13;16;19;64;19;40;31;52;31;88;31;16;43;52;1;1;1;0;4;3;1;0;0;4;8;3;0;0;0;0;0;;0;0;0;0;0;0;1;2;3;4;5;6;7;8;9;10;11;12;13;14;15;16;17;18;19;20;21;22;23;24;25;26;27;28;29;30;31;9;7;5;8;9;10;2;255;255;255;0;0;0;0;
2385;0;1;1;3;2;4;4;7;6;8;12;3;52;11;64;11;40;13;88;13;16;19;64;19;40;31;88;31;16;31;52;43;52;0;1;1;3;2;4;4;7;6;8;12;3;52;11;64;11;40;13;88;13;16;19;64;19;40;31;88;31;16;31;52;43;52;0;1;1;3;2;4;4;7;6;8;12;3;52;11;64;11;40;13;88;13;16;19;64;19;40;31;88;31;16;31;52;43;52;0;0;0;0;1;2;0;0;0;1;1;2;0;0;0;0;0;;0;0;0;0;0;0;1;1;3;2;4;4;7;6;8;12;3;52;11;64;11;40;13;88;13;16;19;64;19;40;31;88;31;16;31;52;43;52;0;1;1;3;2;4;4;7;6;8;12;3;52;11;64;11;40;13;88;13;16;19;64;19;40;31;88;31;16;31;52;43;52;0;1;1;3;2;4;4;7;6;8;12;3;52;11;64;11;40;13;88;13;16;19;64;19;40;31;88;31;16;31;52;43;52;0;0;0;0;1;2;0;0;0;1;1;2;0;0;0;0;0;;0;0;0;0;0;0;1;1;3;2;4;4;7;6;8;12;3;52;11;64;11;40;13;88;13;16;19;64;19;40;31;88;31;16;31;52;43;52;0;1;1;3;2;4;4;7;6;8;12;3;52;11;64;11;40;13;88;13;16;19;64;19;40;31;88;31;16;31;52;43;52;0;1;1;3;2;4;4;7;6;8;12;3;52;11;64;11;40;13;88;13;16;19;64;19;40;31;88;31;16;31;52;43;52;0;0;0;0;1;2;0;0;0;1;1;2;0;0;0;0;0;;0;0;0;0;0;0;1;2;3;4;5;6;7;8;9;10;11;12;13;14;15;16;17;18;19;20;21;22;23;24;25;26;27;28;29;30;31;1;5;5;5;9;5;9;255;255;255;0;0;0;0;
2388;0;1;1;3;2;4;4;7;6;8;12;3;52;11;64;11;40;13;88;13;16;23;64;23;40;31;84;31;20;31;52;41;52;0;1;1;3;2;4;4;7;6;8;12;3;52;11;64;11;40;15;92;15;12;23;64;23;40;33;84;33;20;33;52;45;52;0;1;1;3;2;4;4;7;6;8;12;3;52;9;64;9;40;11;84;11;20;19;64;19;40;25;84;25;20;27;52;41;52;1;1;0;1;8;3;1;0;1;7;7;3;0;0;0;0;0;;0;0;0;0;0;0;1;1;3;2;4;4;7;6;8;12;3;52;9;64;9;40;11;84;11;20;19;64;19;40;25;84;25;20;27;52;41;52;0;1;1;3;2;4;4;7;6;8;12;3;52;9;64;9;40;11;84;11;20;19;64;19;40;25;84;25;20;27;52;41;52;0;1;1;3;2;4;4;7;6;8;12;3;52;9;64;9;40;11;84;11;20;19;64;19;40;25;84;25;20;27;52;41;52;0;0;1;0;4;3;1;1;0;3;5;3;0;0;0;0;0;;0;0;0;0;0;0;1;1;3;2;4;4;7;6;8;12;3;52;11;64;11;40;13;88;13;16;23;64;23;40;31;84;31;20;31;52;41;52;0;1;1;3;2;4;4;7;6;8;12;3;52;11;64;11;40;15;92;15;12;23;64;23;40;33;84;33;20;33;52;45;52;0;1;1;3;2;4;4;7;6;8;12;3;52;9;64;9;40;11;84;11;20;19;64;19;40;25;84;25;20;27;52;41;52;1;1;0;1;8;3;1;0;1;7;7;3;0;0;0;0;0;;0;0;0;0;0;0;1;2;3;4;5;6;7;8;9;10;11;12;13;14;15;16;17;18;19;20;21;22;23;24;25;26;27;28;29;30;31;6;9;9;6;9;9;10;255;255;255;0;0;0;0;
2393;0;1;1;3;2;5;5;7;6;12;12;3;52;11;64;11;40;13;88;13;16;25;64;25;40;25;88;25;16;43;64;43;40;0;1;1;3;2;5;5;7;6;12;12;3;52;11;64;11;40;13;88;13;16;25;64;25;40;25;88;25;16;43;64;43;40;0;1;1;3;2;5;5;7;6;12;12;3;52;11;64;11;40;13;88;13;16;25;64;25;40;25;88;25;16;43;64;43;40;0;0;1;0;6;3;1;0;1;5;5;3;0;0;0;0;0;;0;0;0;0;0;0;1;1;3;2;5;5;7;6;12;12;3;52;11;64;11;40;13;88;13;16;25;64;25;40;25;88;25;16;43;64;43;40;0;1;1;3;2;5;5;7;6;12;12;3;52;11;64;11;40;13;88;13;16;25;64;25;40;25;88;25;16;43;64;43;40;0;1;1;3;2;5;5;7;6;12;12;3;52;11;64;11;40;13;88;13;16;25;64;25;40;25;88;25;16;43;64;43;40;0;0;0;0;3;2;1;1;0;5;5;3;0;0;0;0;0;;0;0;0;0;0;0;1;1;3;2;5;5;7;6;12;12;3;52;11;64;11;40;13;88;13;16;25;64;25;40;25;88;25;16;43;64;43;40;0;1;1;3;2;5;5;7;6;12;12;3;52;11;64;11;40;13;88;13;16;25;64;25;40;25;88;25;16;43;64;43;40;0;1;1;3;2;5;5;7;6;12;12;3;52;11;64;11;40;13;88;13;16;25;64;25;40;25;88;25;16;43;64;43;40;0;0;1;0;6;3;1;0;1;5;5;3;0;0;0;0;0;;0;0;0;0;0;0;1;2;3;4;5;6;7;8;9;10;11;12;13;14;15;16;17;18;19;20;21;22;23;24;25;26;27;28;29;30;31;4;9;9;9;9;10;7;255;255;255;0;0;0;0;
2398;0;1;1;3;2;4;7;6;8;8;12;3;52;12;65;12;39;14;89;14;15;20;52;29;84;29;20;29;64;29;42;41;52;0;1;1;3;2;4;7;6;8;8;12;3;52;12;65;12;39;14;89;14;15;20;52;29;84;29;20;29;64;29;42;41;52;0;1;1;3;2;4;7;6;8;8;12;3;52;12;65;12;39;14;89;14;15;20;52;29;84;29;20;29;64;29;42;41;52;0;1;0;0;6;2;1;0;0;4;7;2;0;0;0;0;0;;0;0;0;0;0;0;1;1;3;2;4;7;6;8;8;12;3;52;12;65;12;39;14;89;14;15;20;52;29;84;29;20;29;64;29;42;41;52;0;1;1;3;2;4;7;6;8;8;12;3;52;12;65;12;39;14;89;14;15;20;52;29;84;29;20;29;64;29;42;41;52;0;1;1;3;2;4;7;6;8;8;12;3;52;12;65;12;39;14;89;14;15;20;52;29;84;29;20;29;64;29;42;41;52;0;1;0;0;4;1;1;0;0;3;6;3;0;0;0;0;0;;0;0;0;0;0;0;1;1;3;2;4;7;6;8;8;12;3;52;12;65;12;39;14;89;14;15;20;52;29;84;29;20;29;64;29;42;41;52;0;1;1;3;2;4;7;6;8;8;12;3;52;12;65;12;39;14;89;14;15;20;52;29;84;29;20;29;64;29;42;41;52;0;1;1;3;2;4;7;6;8;8;12;3;52;12;65;12;39;14;89;14;15;20;52;29;84;29;20;29;64;29;42;41;52;0;1;0;0;6;2;1;0;0;4;7;2;0;0;0;0;0;;0;0;0;0;0;0;1;2;3;4;5;6;7;8;9;10;11;12;13;14;15;16;17;18;19;20;21;22;23;24;25;26;27;28;29;30;31;4;4;4;4;4;4;6;255;255;255;0;0;0;0;
2399;0;1;1;3;2;5;5;7;6;11;12;3;52;10;62;10;42;11;86;11;16;23;62;23;41;25;86;25;16;36;59;40;40;0;1;1;3;2;5;5;7;6;11;12;3;52;10;62;10;42;11;86;11;16;23;62;23;41;25;86;25;16;36;59;40;40;0;1;1;3;2;5;5;7;6;11;12;3;52;10;62;10;42;11;86;11;16;23;62;23;41;25;86;25;16;36;59;40;40;0;0;0;0;4;2;1;0;0;4;7;2;0;0;0;0;0;;0;0;0;0;0;0;1;1;3;2;5;5;7;6;11;12;3;52;10;62;10;42;11;86;11;16;23;62;23;41;25;86;25;16;36;59;40;40;0;1;1;3;2;5;5;7;6;11;12;3;52;10;62;10;42;11;86;11;16;23;62;23;41;25;86;25;16;36;59;40;40;0;1;1;3;2;5;5;7;6;11;12;3;52;10;62;10;42;11;86;11;16;23;62;23;41;25;86;25;16;36;59;40;40;0;0;0;0;3;1;1;0;0;3;7;2;0;0;0;0;0;;0;0;0;0;0;0;1;1;3;2;5;5;7;6;11;12;3;52;10;62;10;42;11;86;11;16;23;62;23;41;25;86;25;16;36;59;40;40;0;1;1;3;2;5;5;7;6;11;12;3;52;10;62;10;42;11;86;11;16;23;62;23;41;25;86;25;16;36;59;40;40;0;1;1;3;2;5;5;7;6;11;12;3;52;10;62;10;42;11;86;11;16;23;62;23;41;25;86;25;16;36;59;40;40;0;0;0;0;4;2;1;0;0;4;7;2;0;0;0;0;0;;0;0;0;0;0;0;1;2;3;4;5;6;7;8;9;10;11;12;13;14;15;16;17;18;19;20;21;22;23;24;25;26;27;28;29;30;31;6;6;6;6;6;6;8;255;255;255;0;0;0;0;
2400;0;1;1;3;2;4;5;7;6;8;12;3;52;10;62;10;42;12;92;12;14;21;58;24;44;32;84;31;15;33;48;41;52;0;1;1;3;2;4;5;7;6;8;12;3;52;10;62;10;42;12;92;12;14;21;58;24;44;32;84;31;15;33;48;41;52;0;1;1;3;2;4;5;7;6;8;12;3;52;10;62;10;42;12;92;12;14;21;58;24;44;32;84;31;15;33;48;41;52;0;1;0;0;6;2;1;1;0;5;6;2;0;0;0;0;0;;0;0;0;0;0;0;1;1;3;2;4;5;7;6;8;12;3;52;10;62;10;42;12;92;12;14;21;58;24;44;32;84;31;15;33;48;41;52;0;1;1;3;2;4;5;7;6;8;12;3;52;10;62;10;42;12;92;12;14;21;58;24;44;32;84;31;15;33;48;41;52;0;1;1;3;2;4;5;7;6;8;12;3;52;10;62;10;42;12;92;12;14;21;58;24;44;32;84;31;15;33;48;41;52;0;0;0;0;4;1;1;1;0;3;6;2;0;0;0;0;0;;0;0;0;0;0;0;1;1;3;2;4;5;7;6;8;12;3;52;10;62;10;42;12;92;12;14;21;58;24;44;32;84;31;15;33;48;41;52;0;1;1;3;2;4;5;7;6;8;12;3;52;10;62;10;42;12;92;12;14;21;58;24;44;32;84;31;15;33;48;41;52;0;1;1;3;2;4;5;7;6;8;12;3;52;10;62;10;42;12;92;12;14;21;58;24;44;32;84;31;15;33;48;41;52;0;1;0;0;6;2;1;1;0;5;6;2;0;0;0;0;0;;0;0;0;0;0;0;1;2;3;4;5;6;7;8;9;10;11;12;13;14;15;16;17;18;19;20;21;22;23;24;25;26;27;28;29;30;31;9;9;9;9;9;9;6;255;255;255;0;0;0;0;
2401;0;1;1;3;2;4;5;5;11;11;12;3;52;10;67;10;37;15;91;15;13;20;52;25;67;25;37;36;83;36;21;41;52;0;1;1;3;2;4;5;5;11;11;12;3;52;10;67;10;37;15;91;15;13;20;52;25;67;25;37;36;83;36;21;41;52;0;1;1;3;2;4;5;5;11;11;12;3;52;10;67;10;37;15;91;15;13;20;52;25;67;25;37;36;83;36;21;41;52;1;1;0;0;5;2;1;0;1;4;4;2;0;0;0;0;0;;0;0;0;0;0;0;1;1;3;2;4;5;5;11;11;12;3;52;10;67;10;37;15;91;15;13;20;52;25;67;25;37;36;83;36;21;41;52;0;1;1;3;2;4;5;5;11;11;12;3;52;10;67;10;37;15;91;15;13;20;52;25;67;25;37;36;83;36;21;41;52;0;1;1;3;2;4;5;5;11;11;12;3;52;10;67;10;37;15;91;15;13;20;52;25;67;25;37;36;83;36;21;41;52;0;1;0;0;3;1;1;0;0;5;2;2;0;0;0;0;0;;0;0;0;0;0;0;1;1;3;2;4;5;5;11;11;12;3;52;10;67;10;37;15;91;15;13;20;52;25;67;25;37;36;83;36;21;41;52;0;1;1;3;2;4;5;5;11;11;12;3;52;10;67;10;37;15;91;15;13;20;52;25;67;25;37;36;83;36;21;41;52;0;1;1;3;2;4;5;5;11;11;12;3;52;10;67;10;37;15;91;15;13;20;52;25;67;25;37;36;83;36;21;41;52;1;1;0;0;5;2;1;0;1;4;4;2;0;0;0;0;0;;0;0;0;0;0;0;1;2;3;4;5;6;7;8;9;10;11;12;13;14;15;16;17;18;19;20;21;22;23;24;25;26;27;28;29;30;31;6;6;6;6;6;6;4;255;255;255;0;0;0;0;
2402;0;1;1;3;2;4;5;5;7;6;12;3;52;10;58;10;36;11;84;14;14;20;50;28;60;27;41;27;90;32;19;40;53;0;1;1;3;2;4;5;5;7;6;12;3;52;10;58;10;36;11;84;14;14;20;50;28;60;27;41;27;90;32;19;40;53;0;1;1;3;2;4;5;5;7;6;12;3;52;10;58;10;36;11;84;14;14;20;50;28;60;27;41;27;90;32;19;40;53;0;1;0;0;6;2;1;0;1;7;6;2;0;0;0;0;0;;0;0;0;0;0;0;1;1;3;2;4;5;5;7;6;12;3;52;10;58;10;36;11;84;14;14;20;50;28;60;27;41;27;90;32;19;40;53;0;1;1;3;2;4;5;5;7;6;12;3;52;10;58;10;36;11;84;14;14;20;50;28;60;27;41;27;90;32;19;40;53;0;1;1;3;2;4;5;5;7;6;12;3;52;10;58;10;36;11;84;14;14;20;50;28;60;27;41;27;90;32;19;40;53;0;0;0;1;8;1;1;1;0;2;8;2;0;0;0;0;0;;0;0;0;0;0;0;1;1;3;2;4;5;5;7;6;12;3;52;10;58;10;36;11;84;14;14;20;50;28;60;27;41;27;90;32;19;40;53;0;1;1;3;2;4;5;5;7;6;12;3;52;10;58;10;36;11;84;14;14;20;50;28;60;27;41;27;90;32;19;40;53;0;1;1;3;2;4;5;5;7;6;12;3;52;10;58;10;36;11;84;14;14;20;50;28;60;27;41;27;90;32;19;40;53;0;1;0;0;6;2;1;0;1;7;6;2;0;0;0;0;0;;0;0;0;0;0;0;1;2;3;4;5;6;7;8;9;10;11;12;13;14;15;16;17;18;19;20;21;22;23;24;25;26;27;28;29;30;31;8;8;8;8;8;8;5;255;255;255;0;0;0;0;
2403;0;1;1;3;2;4;4;5;7;6;11;3;52;10;62;10;42;11;86;11;16;21;58;24;45;28;63;30;84;27;14;37;48;0;1;1;3;2;4;4;5;7;6;11;3;52;10;62;10;42;11;86;11;16;21;58;24;45;28;63;30;84;27;14;37;48;0;1;1;3;2;4;4;5;7;6;11;3;52;10;62;10;42;11;86;11;16;21;58;24;45;28;63;30;84;27;14;37;48;0;1;1;1;10;2;0;1;0;9;9;3;0;0;0;0;0;;0;0;0;0;0;0;1;1;3;2;4;4;5;7;6;11;3;52;10;62;10;42;11;86;11;16;21;58;24;45;28;63;30;84;27;14;37;48;0;1;1;3;2;4;4;5;7;6;11;3;52;10;62;10;42;11;86;11;16;21;58;24;45;28;63;30;84;27;14;37;48;0;1;1;3;2;4;4;5;7;6;11;3;52;10;62;10;42;11;86;11;16;21;58;24;45;28;63;30;84;27;14;37;48;0;0;1;1;10;2;0;0;0;10;10;3;0;0;0;0;0;;0;0;0;0;0;0;1;1;3;2;4;4;5;7;6;11;3;52;10;62;10;42;11;86;11;16;21;58;24;45;28;63;30;84;27;14;37;48;0;1;1;3;2;4;4;5;7;6;11;3;52;10;62;10;42;11;86;11;16;21;58;24;45;28;63;30;84;27;14;37;48;0;1;1;3;2;4;4;5;7;6;11;3;52;10;62;10;42;11;86;11;16;21;58;24;45;28;63;30;84;27;14;37;48;0;1;1;1;10;2;0;1;0;9;9;3;0;0;0;0;0;;0;0;0;0;0;0;1;2;3;4;5;6;7;8;9;10;11;12;13;14;15;16;17;18;19;20;21;22;23;24;25;26;27;28;29;30;31;4;4;4;4;4;4;2;255;255;255;0;0;0;0;
2404;0;1;1;3;2;5;5;7;6;12;12;3;52;9;61;9;42;13;84;12;16;25;59;23;44;31;84;31;17;40;60;41;37;0;1;1;3;2;5;5;7;6;12;12;3;52;9;61;9;42;13;84;12;16;25;59;23;44;31;84;31;17;40;60;41;37;0;1;1;3;2;5;5;7;6;12;12;3;52;9;61;9;42;13;84;12;16;25;59;23;44;31;84;31;17;40;60;41;37;1;1;1;1;4;1;0;0;0;8;7;2;0;0;0;0;0;;0;0;0;0;0;0;1;1;3;2;5;5;7;6;12;12;3;52;9;61;9;42;13;84;12;16;25;59;23;44;31;84;31;17;40;60;41;37;0;1;1;3;2;5;5;7;6;12;12;3;52;9;61;9;42;13;84;12;16;25;59;23;44;31;84;31;17;40;60;41;37;0;1;1;3;2;5;5;7;6;12;12;3;52;9;61;9;42;13;84;12;16;25;59;23;44;31;84;31;17;40;60;41;37;1;1;1;1;4;1;0;0;0;8;7;2;0;0;0;0;0;;0;0;0;0;0;0;1;1;3;2;5;5;7;6;12;12;3;52;9;61;9;42;13;84;12;16;25;59;23;44;31;84;31;17;40;60;41;37;0;1;1;3;2;5;5;7;6;12;12;3;52;9;61;9;42;13;84;12;16;25;59;23;44;31;84;31;17;40;60;41;37;0;1;1;3;2;5;5;7;6;12;12;3;52;9;61;9;42;13;84;12;16;25;59;23;44;31;84;31;17;40;60;41;37;1;1;1;1;4;1;0;0;0;8;7;2;0;0;0;0;0;;0;0;0;0;0;0;1;2;3;4;5;6;7;8;9;10;11;12;13;14;15;16;17;18;19;20;21;22;23;24;25;26;27;28;29;30;31;5;5;5;5;5;5;1;255;255;255;0;0;0;0;
2405;0;1;1;3;2;4;7;6;8;12;12;3;52;10;62;10;42;14;90;11;16;19;52;25;84;23;20;32;53;40;68;40;36;0;1;1;3;2;4;7;6;8;12;12;3;52;10;62;10;42;14;90;11;16;19;52;25;84;23;20;32;53;40;68;40;36;0;1;1;3;2;4;7;6;8;12;12;3;52;10;62;10;42;14;90;11;16;19;52;25;84;23;20;32;53;40;68;40;36;1;1;0;0;6;2;0;1;0;7;6;2;0;0;0;0;0;;0;0;0;0;0;0;1;1;3;2;4;7;6;8;12;12;3;52;10;62;10;42;14;90;11;16;19;52;25;84;23;20;32;53;40;68;40;36;0;1;1;3;2;4;7;6;8;12;12;3;52;10;62;10;42;14;90;11;16;19;52;25;84;23;20;32;53;40;68;40;36;0;1;1;3;2;4;7;6;8;12;12;3;52;10;62;10;42;14;90;11;16;19;52;25;84;23;20;32;53;40;68;40;36;1;1;0;0;5;1;0;0;0;7;6;2;0;0;0;0;0;;0;0;0;0;0;0;1;1;3;2;4;7;6;8;12;12;3;52;10;62;10;42;14;90;11;16;19;52;25;84;23;20;32;53;40;68;40;36;0;1;1;3;2;4;7;6;8;12;12;3;52;10;62;10;42;14;90;11;16;19;52;25;84;23;20;32;53;40;68;40;36;0;1;1;3;2;4;7;6;8;12;12;3;52;10;62;10;42;14;90;11;16;19;52;25;84;23;20;32;53;40;68;40;36;1;1;0;0;6;2;0;1;0;7;6;2;0;0;0;0;0;;0;0;0;0;0;0;1;2;3;4;5;6;7;8;9;10;11;12;13;14;15;16;17;18;19;20;21;22;23;24;25;26;27;28;29;30;31;10;10;10;10;10;10;5;255;255;255;0;0;0;0;
2406;0;1;1;1;4;4;7;6;8;8;12;3;52;11;52;11;72;11;32;19;64;19;40;31;88;31;16;33;68;33;36;43;52;0;1;1;3;2;4;4;7;6;8;12;3;52;11;62;11;42;14;91;14;14;21;62;22;41;31;90;32;18;31;52;40;53;0;1;1;3;2;4;4;7;6;8;12;3;52;11;62;11;42;14;91;14;14;21;62;22;41;31;90;32;18;31;52;40;53;1;1;0;1;4;1;1;1;1;4;8;1;0;1122944768;1122944768;1122944768;1122944768;;0;0;11;62;11;0;1;1;3;2;4;4;7;6;8;12;3;52;11;62;11;42;14;91;14;14;21;62;22;41;31;90;32;18;31;52;40;53;0;1;1;3;2;4;4;7;6;8;12;3;52;11;62;11;42;14;91;14;14;21;62;22;41;31;90;32;18;31;52;40;53;0;1;1;3;2;4;4;7;6;8;12;3;52;11;62;11;42;14;91;14;14;21;62;22;41;31;90;32;18;31;52;40;53;0;1;0;1;8;1;1;1;1;4;8;2;0;1122944768;1122944768;1122944768;1122944768;;0;0;31;52;40;0;1;1;3;2;4;4;7;6;8;12;3;52;11;62;11;42;14;91;14;14;21;62;22;41;31;90;32;18;31;52;40;53;0;1;1;3;2;4;4;7;6;8;12;3;52;11;62;11;42;14;91;14;14;21;62;22;41;31;90;32;18;31;52;40;53;0;1;1;3;2;4;4;7;6;8;12;3;52;11;62;11;42;14;91;14;14;21;62;22;41;31;90;32;18;31;52;40;53;1;1;0;1;4;1;1;1;1;4;8;1;0;1122944768;1122944768;1122944768;1122944768;;255;255;0;0;0;10;24;16;13;4;6;2;20;11;8;9;23;22;14;26;17;3;15;19;0;5;18;25;21;27;28;1;12;7;29;30;31;9;9;4;4;4;9;6;16;13;9;0;0;0;0;
2407;0;1;1;3;2;4;7;6;8;8;12;3;52;8;62;8;42;14;92;14;12;17;52;28;90;31;13;31;62;28;41;40;53;0;1;1;3;2;4;7;6;8;8;12;3;52;8;62;8;42;14;92;14;12;17;52;28;90;31;13;31;62;28;41;40;53;0;1;1;3;2;4;7;6;8;8;12;3;52;8;62;8;42;14;92;14;12;17;52;28;90;31;13;31;62;28;41;40;53;0;1;0;1;6;3;0;0;1;6;4;2;0;0;0;0;0;;0;0;0;0;0;0;1;1;3;2;4;7;6;8;8;12;3;52;8;62;8;42;14;92;14;12;17;52;28;90;31;13;31;62;28;41;40;53;0;1;1;3;2;4;7;6;8;8;12;3;52;8;62;8;42;14;92;14;12;17;52;28;90;31;13;31;62;28;41;40;53;0;1;1;3;2;4;7;6;8;8;12;3;52;8;62;8;42;14;92;14;12;17;52;28;90;31;13;31;62;28;41;40;53;0;1;0;0;4;2;1;0;1;5;6;2;0;0;0;0;0;;0;0;0;0;0;0;1;1;3;2;4;7;6;8;8;12;3;52;8;62;8;42;14;92;14;12;17;52;28;90;31;13;31;62;28;41;40;53;0;1;1;3;2;4;7;6;8;8;12;3;52;8;62;8;42;14;92;14;12;17;52;28;90;31;13;31;62;28;41;40;53;0;1;1;3;2;4;7;6;8;8;12;3;52;8;62;8;42;14;92;14;12;17;52;28;90;31;13;31;62;28;41;40;53;0;1;0;1;6;3;0;0;1;6;4;2;0;0;0;0;0;;0;0;0;0;0;0;1;2;3;4;5;6;7;8;9;10;11;12;13;14;15;16;17;18;19;20;21;22;23;24;25;26;27;28;29;30;31;7;7;7;7;7;7;6;255;255;255;0;0;0;0;
2408;0;1;1;3;2;4;4;7;6;8;12;3;52;9;62;9;41;14;90;13;13;21;59;23;43;29;84;30;18;31;51;40;53;0;1;1;3;2;4;4;7;6;8;12;3;52;9;62;9;41;14;90;13;13;21;59;23;43;29;84;30;18;31;51;40;53;0;1;1;3;2;4;4;7;6;8;12;3;52;9;62;9;41;14;90;13;13;21;59;23;43;29;84;30;18;31;51;40;53;0;1;1;1;6;2;1;0;1;7;7;2;0;0;0;0;0;;0;0;0;0;0;0;1;1;3;2;4;4;7;6;8;12;3;52;9;62;9;41;14;90;13;13;21;59;23;43;29;84;30;18;31;51;40;53;0;1;1;3;2;4;4;7;6;8;12;3;52;9;62;9;41;14;90;13;13;21;59;23;43;29;84;30;18;31;51;40;53;0;1;1;3;2;4;4;7;6;8;12;3;52;9;62;9;41;14;90;13;13;21;59;23;43;29;84;30;18;31;51;40;53;0;1;1;1;6;2;1;0;1;7;7;2;0;0;0;0;0;;0;0;0;0;0;0;1;1;3;2;4;4;7;6;8;12;3;52;9;62;9;41;14;90;13;13;21;59;23;43;29;84;30;18;31;51;40;53;0;1;1;3;2;4;4;7;6;8;12;3;52;9;62;9;41;14;90;13;13;21;59;23;43;29;84;30;18;31;51;40;53;0;1;1;3;2;4;4;7;6;8;12;3;52;9;62;9;41;14;90;13;13;21;59;23;43;29;84;30;18;31;51;40;53;0;1;1;1;6;2;1;0;1;7;7;2;0;0;0;0;0;;0;0;0;0;0;0;1;2;3;4;5;6;7;8;9;10;11;12;13;14;15;16;17;18;19;20;21;22;23;24;25;26;27;28;29;30;31;5;5;5;5;5;5;6;255;255;255;0;0;0;0;
2409;0;1;1;3;2;4;4;8;10;9;12;3;52;11;62;11;42;13;92;13;10;21;62;20;42;31;51;37;93;36;8;40;53;0;1;1;3;2;4;4;8;10;9;12;3;52;11;62;11;42;13;92;13;10;21;62;20;42;31;51;37;93;36;8;40;53;0;1;1;3;2;4;4;8;10;9;12;3;52;11;62;11;42;13;92;13;10;21;62;20;42;31;51;37;93;36;8;40;53;1;1;1;0;4;1;1;1;0;4;6;2;0;0;0;0;0;;0;0;0;0;0;0;1;1;3;2;4;4;8;10;9;12;3;52;11;62;11;42;13;92;13;10;21;62;20;42;31;51;37;93;36;8;40;53;0;1;1;3;2;4;4;8;10;9;12;3;52;11;62;11;42;13;92;13;10;21;62;20;42;31;51;37;93;36;8;40;53;0;1;1;3;2;4;4;8;10;9;12;3;52;11;62;11;42;13;92;13;10;21;62;20;42;31;51;37;93;36;8;40;53;1;1;1;0;4;1;1;1;0;4;6;2;0;0;0;0;0;;0;0;0;0;0;0;1;1;3;2;4;4;8;10;9;12;3;52;11;62;11;42;13;92;13;10;21;62;20;42;31;51;37;93;36;8;40;53;0;1;1;3;2;4;4;8;10;9;12;3;52;11;62;11;42;13;92;13;10;21;62;20;42;31;51;37;93;36;8;40;53;0;1;1;3;2;4;4;8;10;9;12;3;52;11;62;11;42;13;92;13;10;21;62;20;42;31;51;37;93;36;8;40;53;1;1;1;0;4;1;1;1;0;4;6;2;0;0;0;0;0;;0;0;0;0;0;0;1;2;3;4;5;6;7;8;9;10;11;12;13;14;15;16;17;18;19;20;21;22;23;24;25;26;27;28;29;30;31;8;8;8;8;8;8;7;255;255;255;0;0;0;0;
2451;0;1;1;3;2;4;4;7;6;8;12;3;52;11;64;11;40;13;88;13;16;19;64;19;40;33;84;33;20;33;52;43;52;0;1;1;3;2;4;4;7;6;8;12;3;52;13;64;13;40;15;88;15;16;23;64;23;40;33;84;33;20;33;52;43;52;0;1;1;3;2;4;4;7;6;8;12;3;52;11;64;11;40;11;88;11;16;19;64;19;40;29;84;29;20;29;52;41;52;0;0;0;1;6;2;1;1;0;3;5;2;0;0;0;0;0;;0;0;0;0;0;0;1;1;3;2;4;4;7;6;8;12;3;52;11;64;11;40;11;88;11;16;19;64;19;40;29;84;29;20;29;52;41;52;0;1;1;3;2;4;4;7;6;8;12;3;52;11;64;11;40;11;88;11;16;19;64;19;40;29;84;29;20;29;52;41;52;0;1;1;3;2;4;4;7;6;8;12;3;52;11;64;11;40;11;88;11;16;19;64;19;40;29;84;29;20;29;52;41;52;0;0;0;1;6;2;1;1;1;2;6;2;0;0;0;0;0;;0;0;0;0;0;0;1;1;3;2;4;4;7;6;8;12;3;52;11;64;11;40;13;88;13;16;19;64;19;40;33;84;33;20;33;52;43;52;0;1;1;3;2;4;4;7;6;8;12;3;52;13;64;13;40;15;88;15;16;23;64;23;40;33;84;33;20;33;52;43;52;0;1;1;3;2;4;4;7;6;8;12;3;52;11;64;11;40;11;88;11;16;19;64;19;40;29;84;29;20;29;52;41;52;0;0;0;1;6;2;1;1;0;3;5;2;0;0;0;0;0;;0;0;0;0;0;0;1;2;3;4;5;6;7;8;9;10;11;12;13;14;15;16;17;18;19;20;21;22;23;24;25;26;27;28;29;30;31;9;9;9;7;7;10;10;255;255;255;0;0;0;0;
2452;0;1;1;3;2;5;5;10;9;12;12;3;52;11;64;11;40;13;88;13;16;23;64;23;40;37;84;37;20;43;64;43;40;0;1;1;3;2;5;5;10;9;12;12;3;52;11;64;11;40;13;88;13;16;23;64;23;40;37;84;37;20;43;64;43;40;0;1;1;3;2;5;5;10;9;12;12;3;52;11;64;11;40;13;88;13;16;23;64;23;40;37;84;37;20;43;64;43;40;0;0;0;1;7;2;1;1;1;4;4;3;0;0;0;0;0;;0;0;0;0;0;0;1;1;3;2;5;5;10;9;12;12;3;52;11;64;11;40;13;88;13;16;23;64;23;40;37;84;37;20;43;64;43;40;0;1;1;3;2;5;5;10;9;12;12;3;52;11;64;11;40;13;88;13;16;23;64;23;40;37;84;37;20;43;64;43;40;0;1;1;3;2;5;5;10;9;12;12;3;52;11;64;11;40;13;88;13;16;23;64;23;40;37;84;37;20;43;64;43;40;0;0;0;1;9;1;1;1;1;3;6;3;0;0;0;0;0;;0;0;0;0;0;0;1;1;3;2;5;5;10;9;12;12;3;52;11;64;11;40;13;88;13;16;23;64;23;40;37;84;37;20;43;64;43;40;0;1;1;3;2;5;5;10;9;12;12;3;52;11;64;11;40;13;88;13;16;23;64;23;40;37;84;37;20;43;64;43;40;0;1;1;3;2;5;5;10;9;12;12;3;52;11;64;11;40;13;88;13;16;23;64;23;40;37;84;37;20;43;64;43;40;0;0;0;1;7;2;1;1;1;4;4;3;0;0;0;0;0;;0;0;0;0;0;0;1;2;3;4;5;6;7;8;9;10;11;12;13;14;15;16;17;18;19;20;21;22;23;24;25;26;27;28;29;30;31;10;10;10;10;10;10;7;255;255;255;0;0;0;0;
2453;0;1;1;3;2;4;5;7;6;8;12;3;52;11;64;11;40;13;88;13;16;19;64;19;40;31;84;31;20;33;52;43;52;0;1;1;3;2;4;4;7;6;8;12;3;52;11;64;11;40;13;88;13;16;19;64;19;40;31;84;31;20;33;52;43;52;0;1;1;3;2;4;4;7;6;8;12;3;52;11;64;11;40;13;88;13;16;19;64;19;40;31;84;31;20;33;52;43;52;0;0;1;1;6;3;1;1;1;6;5;3;0;1122944768;1122944768;1122944768;1122944768;;0;0;11;64;11;0;1;1;3;2;4;4;7;6;8;12;3;52;11;64;11;40;13;88;13;16;19;64;19;40;31;84;31;20;33;52;43;52;0;1;1;3;2;4;4;7;6;8;12;3;52;11;64;11;40;13;88;13;16;19;64;19;40;31;84;31;20;33;52;43;52;0;1;1;3;2;4;4;7;6;8;12;3;52;11;64;11;40;13;88;13;16;19;64;19;40;31;84;31;20;33;52;43;52;0;0;1;1;5;1;1;1;1;7;6;3;0;1122944768;1122944768;1122944768;1122944768;;0;0;31;52;43;0;1;1;3;2;4;4;7;6;8;12;3;52;11;64;11;40;13;88;13;16;19;64;19;40;31;84;31;20;33;52;43;52;0;1;1;3;2;4;4;7;6;8;12;3;52;11;64;11;40;13;88;13;16;19;64;19;40;31;84;31;20;33;52;43;52;0;1;1;3;2;4;4;7;6;8;12;3;52;11;64;11;40;13;88;13;16;19;64;19;40;31;84;31;20;33;52;43;52;0;0;1;1;6;3;1;1;1;6;5;3;0;1122944768;1122944768;1122944768;1122944768;;255;255;0;0;0;11;10;3;1;15;17;14;16;24;4;5;26;8;9;0;12;23;13;22;6;20;2;21;19;25;18;7;255;255;255;255;255;4;4;4;4;4;4;15;10;3;5;0;0;0;0;
2465;0;1;1;3;2;4;4;7;6;8;12;3;52;11;64;11;40;13;88;13;16;19;64;19;40;31;88;31;16;31;52;43;52;0;1;1;3;2;4;4;7;6;8;12;3;52;11;64;11;40;13;88;13;16;19;64;19;40;31;88;31;16;31;52;43;52;0;1;1;3;2;4;4;7;6;8;12;3;52;11;64;11;40;13;88;13;16;19;64;19;40;31;88;31;16;31;52;43;52;0;1;0;1;5;2;0;1;0;5;4;2;0;0;0;0;0;;0;0;0;0;0;0;1;1;3;2;4;4;7;6;8;12;3;52;11;64;11;40;13;88;13;16;19;64;19;40;31;88;31;16;31;52;43;52;0;1;1;3;2;4;4;7;6;8;12;3;52;11;64;11;40;13;88;13;16;19;64;19;40;31;88;31;16;31;52;43;52;0;1;1;3;2;4;4;7;6;8;12;3;52;11;64;11;40;13;88;13;16;19;64;19;40;31;88;31;16;31;52;43;52;0;0;0;1;7;2;1;1;1;3;5;3;0;0;0;0;0;;0;0;0;0;0;0;1;1;3;2;4;4;7;6;8;12;3;52;11;64;11;40;13;88;13;16;19;64;19;40;31;88;31;16;31;52;43;52;0;1;1;3;2;4;4;7;6;8;12;3;52;11;64;11;40;13;88;13;16;19;64;19;40;31;88;31;16;31;52;43;52;0;1;1;3;2;4;4;7;6;8;12;3;52;11;64;11;40;13;88;13;16;19;64;19;40;31;88;31;16;31;52;43;52;0;1;0;1;5;2;0;1;0;5;4;2;0;0;0;0;0;;0;0;0;0;0;0;1;2;3;4;5;6;7;8;9;10;11;12;13;14;15;16;17;18;19;20;21;22;23;24;25;26;27;28;29;30;31;0;9;5;8;3;9;7;255;255;255;0;0;0;0;
2469;0;1;1;3;2;4;4;7;6;8;12;3;52;10;64;10;42;13;88;12;18;21;62;22;41;30;88;30;20;32;52;42;52;0;1;1;3;2;4;4;7;6;8;12;3;52;10;64;10;42;13;88;12;18;21;62;22;41;30;88;30;20;32;52;42;52;0;1;1;3;2;4;4;7;6;8;12;3;52;10;64;10;42;13;88;12;18;21;62;22;41;30;88;30;20;32;52;42;52;0;0;1;0;10;1;1;1;1;1;5;2;0;0;0;0;0;;0;0;0;0;0;0;1;1;3;2;4;4;7;6;8;12;3;52;10;64;10;42;13;88;12;18;21;62;22;41;30;88;30;20;32;52;42;52;0;1;1;3;2;4;4;7;6;8;12;3;52;10;64;10;42;13;88;12;18;21;62;22;41;30;88;30;20;32;52;42;52;0;1;1;3;2;4;4;7;6;8;12;3;52;10;64;10;42;13;88;12;18;21;62;22;41;30;88;30;20;32;52;42;52;0;0;1;0;9;1;1;1;1;1;7;2;0;0;0;0;0;;0;0;0;0;0;0;1;1;3;2;4;4;7;6;8;12;3;52;10;64;10;42;13;88;12;18;21;62;22;41;30;88;30;20;32;52;42;52;0;1;1;3;2;4;4;7;6;8;12;3;52;10;64;10;42;13;88;12;18;21;62;22;41;30;88;30;20;32;52;42;52;0;1;1;3;2;4;4;7;6;8;12;3;52;10;64;10;42;13;88;12;18;21;62;22;41;30;88;30;20;32;52;42;52;0;0;1;0;10;1;1;1;1;1;5;2;0;0;0;0;0;;0;0;0;0;0;0;1;2;3;4;5;6;7;8;9;10;11;12;13;14;15;16;17;18;19;20;21;22;23;24;25;26;27;28;29;30;31;10;10;10;10;10;10;2;255;255;255;0;0;0;0;
2473;0;1;1;3;2;4;5;7;6;8;12;3;52;9;64;9;36;13;88;13;16;19;60;19;40;29;84;29;20;31;52;41;52;0;1;1;3;2;4;4;7;6;8;12;3;52;9;64;9;36;13;88;13;16;19;60;19;40;29;84;29;20;31;52;41;52;0;1;1;3;2;4;4;7;6;8;12;3;52;9;64;9;36;13;88;13;16;19;60;19;40;29;84;29;20;31;52;41;52;0;0;0;0;6;2;1;1;1;4;6;2;0;1122944768;1122944768;1122944768;1122944768;;0;0;9;64;9;0;1;1;3;2;4;4;7;6;8;12;3;52;9;64;9;36;13;88;13;16;19;60;19;40;29;84;29;20;31;52;41;52;0;1;1;3;2;4;4;7;6;8;12;3;52;9;64;9;36;13;88;13;16;19;60;19;40;29;84;29;20;31;52;41;52;0;1;1;3;2;4;4;7;6;8;12;3;52;9;64;9;36;13;88;13;16;19;60;19;40;29;84;29;20;31;52;41;52;0;0;0;0;6;2;1;1;1;4;6;2;0;1122944768;1122944768;1122944768;1122944768;;0;0;31;52;41;0;1;1;3;2;4;4;7;6;8;12;3;52;9;64;9;36;13;88;13;16;19;60;19;40;29;84;29;20;31;52;41;52;0;1;1;3;2;4;4;7;6;8;12;3;52;9;64;9;36;13;88;13;16;19;60;19;40;29;84;29;20;31;52;41;52;0;1;1;3;2;4;4;7;6;8;12;3;52;9;64;9;36;13;88;13;16;19;60;19;40;29;84;29;20;31;52;41;52;0;0;0;0;6;2;1;1;1;4;6;2;0;1122944768;1122944768;1122944768;1122944768;;255;255;0;0;0;28;29;5;4;26;17;12;9;7;11;6;24;23;22;16;3;8;31;10;21;15;19;20;2;14;27;1;13;18;30;0;25;11;11;11;11;11;11;9;5;29;17;0;0;0;0;
2478;0;1;1;3;2;5;5;7;6;11;12;3;52;11;64;11;40;13;88;13;16;21;64;21;40;31;88;31;16;41;64;43;40;0;1;1;3;2;4;4;7;6;8;12;3;52;9;65;9;39;15;93;15;11;20;63;20;41;33;84;33;20;30;52;42;52;0;1;1;3;2;4;4;7;6;8;12;3;52;9;65;9;39;15;93;15;11;20;63;20;41;33;84;33;20;30;52;42;52;0;1;0;0;5;2;1;0;1;5;4;2;0;1122944768;1122944768;1122944768;1122944768;;0;0;9;65;9;0;1;1;3;2;4;4;7;6;8;12;3;52;9;65;9;39;15;93;15;11;20;63;20;41;33;84;33;20;30;52;42;52;0;1;1;3;2;4;4;7;6;8;12;3;52;9;65;9;39;15;93;15;11;20;63;20;41;33;84;33;20;30;52;42;52;0;1;1;3;2;4;4;7;6;8;12;3;52;9;65;9;39;15;93;15;11;20;63;20;41;33;84;33;20;30;52;42;52;0;1;0;0;4;2;1;0;1;6;6;3;0;1122944768;1122944768;1122944768;1122944768;;0;0;30;52;42;0;1;1;3;2;4;4;7;6;8;12;3;52;9;65;9;39;15;93;15;11;20;63;20;41;33;84;33;20;30;52;42;52;0;1;1;3;2;4;4;7;6;8;12;3;52;9;65;9;39;15;93;15;11;20;63;20;41;33;84;33;20;30;52;42;52;0;1;1;3;2;4;4;7;6;8;12;3;52;9;65;9;39;15;93;15;11;20;63;20;41;33;84;33;20;30;52;42;52;0;1;0;0;5;2;1;0;1;5;4;2;0;1122944768;1122944768;1122944768;1122944768;;255;255;0;0;0;19;13;21;3;4;11;5;23;17;9;2;24;1;16;14;10;18;22;8;0;12;15;20;7;6;255;255;255;255;255;255;255;9;9;9;9;9;9;2;21;13;2;0;0;0;0;
2480;0;1;1;3;2;4;4;8;8;11;12;3;52;8;65;8;39;15;89;15;15;19;63;19;41;30;69;30;35;39;39;41;61;0;1;1;3;2;4;4;8;8;11;12;3;52;8;65;8;39;15;89;15;15;19;63;19;41;30;69;30;35;39;39;41;61;0;1;1;3;2;4;4;8;8;11;12;3;52;8;65;8;39;15;89;15;15;19;63;19;41;30;69;30;35;39;39;41;61;1;1;0;1;5;2;1;0;0;6;6;2;0;0;0;0;0;;0;0;0;0;0;0;1;1;3;2;4;4;8;8;11;12;3;52;8;65;8;39;15;89;15;15;19;63;19;41;30;69;30;35;39;39;41;61;0;1;1;3;2;4;4;8;8;11;12;3;52;8;65;8;39;15;89;15;15;19;63;19;41;30;69;30;35;39;39;41;61;0;1;1;3;2;4;4;8;8;11;12;3;52;8;65;8;39;15;89;15;15;19;63;19;41;30;69;30;35;39;39;41;61;0;1;0;0;3;1;1;0;0;6;8;3;0;0;0;0;0;;0;0;0;0;0;0;1;1;3;2;4;4;8;8;11;12;3;52;8;65;8;39;15;89;15;15;19;63;19;41;30;69;30;35;39;39;41;61;0;1;1;3;2;4;4;8;8;11;12;3;52;8;65;8;39;15;89;15;15;19;63;19;41;30;69;30;35;39;39;41;61;0;1;1;3;2;4;4;8;8;11;12;3;52;8;65;8;39;15;89;15;15;19;63;19;41;30;69;30;35;39;39;41;61;1;1;0;1;5;2;1;0;0;6;6;2;0;0;0;0;0;;0;0;0;0;0;0;1;2;3;4;5;6;7;8;9;10;11;12;13;14;15;16;17;18;19;20;21;22;23;24;25;26;27;28;29;30;31;7;7;7;7;7;7;9;255;255;255;0;0;0;0;
2481;0;1;1;3;2;5;5;7;6;11;12;3;52;11;64;11;40;13;88;13;16;21;64;21;40;31;88;31;16;41;64;43;40;0;1;1;3;2;4;4;8;8;8;12;3;52;9;65;9;39;15;93;15;11;20;63;20;41;32;77;33;52;32;27;42;52;0;1;1;3;2;4;4;8;8;8;12;3;52;9;65;9;39;15;93;15;11;20;63;20;41;32;77;33;52;32;27;42;52;1;1;0;1;6;3;1;0;1;4;5;2;0;1122944768;1122944768;1122944768;1122944768;;0;0;9;65;9;0;1;1;3;2;4;4;8;8;8;12;3;52;9;65;9;39;15;93;15;11;20;63;20;41;32;77;33;52;32;27;42;52;0;1;1;3;2;4;4;8;8;8;12;3;52;9;65;9;39;15;93;15;11;20;63;20;41;32;77;33;52;32;27;42;52;0;1;1;3;2;4;4;8;8;8;12;3;52;9;65;9;39;15;93;15;11;20;63;20;41;32;77;33;52;32;27;42;52;1;1;0;1;6;2;1;0;1;5;6;3;0;1122944768;1122944768;1122944768;1122944768;;0;0;32;27;42;0;1;1;3;2;4;4;8;8;8;12;3;52;9;65;9;39;15;93;15;11;20;63;20;41;32;77;33;52;32;27;42;52;0;1;1;3;2;4;4;8;8;8;12;3;52;9;65;9;39;15;93;15;11;20;63;20;41;32;77;33;52;32;27;42;52;0;1;1;3;2;4;4;8;8;8;12;3;52;9;65;9;39;15;93;15;11;20;63;20;41;32;77;33;52;32;27;42;52;1;1;0;1;6;3;1;0;1;4;5;2;0;1122944768;1122944768;1122944768;1122944768;;255;255;0;0;0;11;14;4;5;19;22;17;23;1;12;2;6;13;8;18;3;0;16;7;10;15;9;21;20;24;25;26;27;28;29;30;31;4;12;12;12;12;12;23;14;4;2;0;0;0;0;
2483;0;1;1;1;4;5;5;7;6;11;12;3;52;11;52;11;72;11;32;21;52;27;68;27;36;27;88;27;16;41;64;43;40;0;1;1;3;2;4;5;5;8;8;12;3;52;8;65;8;39;15;93;15;11;17;52;24;67;24;37;34;73;34;31;41;52;0;1;1;3;2;4;5;5;8;8;12;3;52;8;65;8;39;15;93;15;11;17;52;24;67;24;37;34;73;34;31;41;52;1;1;0;0;4;1;1;0;0;5;5;2;0;1122944768;1122944768;1122944768;1122944768;;0;0;8;65;8;0;1;1;3;2;4;5;5;8;8;12;3;52;8;65;8;39;15;93;15;11;17;52;24;67;24;37;34;73;34;31;41;52;0;1;1;3;2;4;5;5;8;8;12;3;52;8;65;8;39;15;93;15;11;17;52;24;67;24;37;34;73;34;31;41;52;0;1;1;3;2;4;5;5;8;8;12;3;52;8;65;8;39;15;93;15;11;17;52;24;67;24;37;34;73;34;31;41;52;0;0;1;0;3;1;1;0;0;6;7;2;0;1122944768;1122944768;1122944768;1122944768;;0;0;34;31;41;0;1;1;3;2;4;5;5;8;8;12;3;52;8;65;8;39;15;93;15;11;17;52;24;67;24;37;34;73;34;31;41;52;0;1;1;3;2;4;5;5;8;8;12;3;52;8;65;8;39;15;93;15;11;17;52;24;67;24;37;34;73;34;31;41;52;0;1;1;3;2;4;5;5;8;8;12;3;52;8;65;8;39;15;93;15;11;17;52;24;67;24;37;34;73;34;31;41;52;1;1;0;0;4;1;1;0;0;5;5;2;0;1122944768;1122944768;1122944768;1122944768;;255;255;0;0;0;11;2;1;23;8;16;6;15;14;7;0;21;13;4;9;24;3;5;17;19;20;10;22;12;18;25;26;27;28;29;30;31;8;7;16;7;7;7;16;2;1;0;0;0;0;0;
2484;0;1;1;1;5;5;7;6;10;9;12;3;52;11;52;11;72;11;32;21;68;21;36;31;84;31;16;41;84;41;20;43;52;0;1;1;3;2;4;5;8;10;9;12;3;52;9;65;9;39;14;91;14;13;18;52;23;67;29;45;36;84;36;20;41;52;0;1;1;3;2;4;5;8;10;9;12;3;52;9;65;9;39;14;91;14;13;18;52;23;67;29;45;36;84;36;20;41;52;0;1;0;0;6;3;1;1;1;3;7;2;0;1122944768;1122944768;1122944768;1122944768;;0;0;9;65;9;0;1;1;3;2;4;5;8;10;9;12;3;52;9;65;9;39;14;91;14;13;18;52;23;67;29;45;36;84;36;20;41;52;0;1;1;3;2;4;5;8;10;9;12;3;52;9;65;9;39;14;91;14;13;18;52;23;67;29;45;36;84;36;20;41;52;0;1;1;3;2;4;5;8;10;9;12;3;52;9;65;9;39;14;91;14;13;18;52;23;67;29;45;36;84;36;20;41;52;0;1;0;0;5;2;1;1;1;4;6;3;0;1122944768;1122944768;1122944768;1122944768;;0;0;36;20;41;0;1;1;3;2;4;5;8;10;9;12;3;52;9;65;9;39;14;91;14;13;18;52;23;67;29;45;36;84;36;20;41;52;0;1;1;3;2;4;5;8;10;9;12;3;52;9;65;9;39;14;91;14;13;18;52;23;67;29;45;36;84;36;20;41;52;0;1;1;3;2;4;5;8;10;9;12;3;52;9;65;9;39;14;91;14;13;18;52;23;67;29;45;36;84;36;20;41;52;0;1;0;0;6;3;1;1;1;3;7;2;0;1122944768;1122944768;1122944768;1122944768;;255;255;0;0;0;7;0;21;23;14;3;22;16;8;25;18;11;1;15;19;6;4;24;9;27;20;10;26;17;13;12;5;2;28;29;30;31;7;18;25;25;25;18;25;21;23;18;0;0;0;0;
2486;0;1;1;3;2;5;5;7;6;8;12;3;52;11;64;11;40;13;88;13;16;19;64;19;40;31;88;31;16;33;52;43;52;0;1;1;1;3;2;4;8;8;11;12;3;52;7;52;9;72;9;28;15;88;15;12;17;52;31;60;31;40;39;60;43;40;0;1;1;1;3;2;4;8;8;11;12;3;52;7;52;9;72;9;28;15;88;15;12;17;52;31;60;31;40;39;60;43;40;0;0;0;0;4;1;1;0;1;4;7;3;0;1122944768;1122944768;1122944768;1122944768;;0;0;7;52;9;0;1;1;1;3;2;4;8;8;11;12;3;52;7;52;9;72;9;28;15;88;15;12;17;52;31;60;31;40;39;60;43;40;0;1;1;1;3;2;4;8;8;11;12;3;52;7;52;9;72;9;28;15;88;15;12;17;52;31;60;31;40;39;60;43;40;0;1;1;1;3;2;4;8;8;11;12;3;52;7;52;9;72;9;28;15;88;15;12;17;52;31;60;31;40;39;60;43;40;0;1;0;0;3;1;1;0;1;6;7;3;0;1122944768;1122944768;1122944768;1122944768;;0;0;39;60;43;0;1;1;1;3;2;4;8;8;11;12;3;52;7;52;9;72;9;28;15;88;15;12;17;52;31;60;31;40;39;60;43;40;0;1;1;1;3;2;4;8;8;11;12;3;52;7;52;9;72;9;28;15;88;15;12;17;52;31;60;31;40;39;60;43;40;0;1;1;1;3;2;4;8;8;11;12;3;52;7;52;9;72;9;28;15;88;15;12;17;52;31;60;31;40;39;60;43;40;0;0;0;0;4;1;1;0;1;4;7;3;0;1122944768;1122944768;1122944768;1122944768;;255;255;0;0;0;11;19;14;10;13;2;6;21;29;23;28;16;18;8;4;31;15;22;0;25;20;26;12;30;17;27;9;3;7;5;24;1;11;13;13;13;13;28;2;14;19;28;0;0;0;0;
2488;0;1;1;3;2;4;4;7;6;8;12;3;52;10;67;10;37;15;93;15;11;19;65;19;39;32;84;32;20;29;52;41;52;0;1;1;3;2;4;4;7;6;8;12;3;52;10;67;10;37;15;93;15;11;19;65;19;39;32;84;32;20;29;52;41;52;0;1;1;3;2;4;4;7;6;8;12;3;52;10;67;10;37;15;93;15;11;19;65;19;39;32;84;32;20;29;52;41;52;1;1;0;0;7;2;1;0;0;5;4;2;0;0;0;0;0;;0;0;0;0;0;0;1;1;3;2;4;4;7;6;8;12;3;52;10;67;10;37;15;93;15;11;19;65;19;39;32;84;32;20;29;52;41;52;0;1;1;3;2;4;4;7;6;8;12;3;52;10;67;10;37;15;93;15;11;19;65;19;39;32;84;32;20;29;52;41;52;0;1;1;3;2;4;4;7;6;8;12;3;52;10;67;10;37;15;93;15;11;19;65;19;39;32;84;32;20;29;52;41;52;0;1;0;0;4;2;1;0;0;5;6;2;0;0;0;0;0;;0;0;0;0;0;0;1;1;3;2;4;4;7;6;8;12;3;52;10;67;10;37;15;93;15;11;19;65;19;39;32;84;32;20;29;52;41;52;0;1;1;3;2;4;4;7;6;8;12;3;52;10;67;10;37;15;93;15;11;19;65;19;39;32;84;32;20;29;52;41;52;0;1;1;3;2;4;4;7;6;8;12;3;52;10;67;10;37;15;93;15;11;19;65;19;39;32;84;32;20;29;52;41;52;1;1;0;0;7;2;1;0;0;5;4;2;0;0;0;0;0;;0;0;0;0;0;0;1;2;3;4;5;6;7;8;9;10;11;12;13;14;15;16;17;18;19;20;21;22;23;24;25;26;27;28;29;30;31;9;9;9;9;9;9;8;255;255;255;0;0;0;0;
2490;0;1;1;1;3;2;5;5;10;9;12;3;52;11;52;11;72;11;32;15;88;15;16;25;64;25;40;40;84;40;20;43;52;0;1;1;1;4;4;7;6;8;12;12;3;52;10;83;9;52;10;21;19;65;19;39;25;93;25;11;32;52;40;65;40;39;0;1;1;1;4;4;7;6;8;12;12;3;52;10;83;9;52;10;21;19;65;19;39;25;93;25;11;32;52;40;65;40;39;1;1;0;0;5;2;0;0;0;3;5;2;0;1122944768;1122944768;1122944768;1122944768;;0;0;10;83;9;0;1;1;1;4;4;7;6;8;12;12;3;52;10;83;9;52;10;21;19;65;19;39;25;93;25;11;32;52;40;65;40;39;0;1;1;1;4;4;7;6;8;12;12;3;52;10;83;9;52;10;21;19;65;19;39;25;93;25;11;32;52;40;65;40;39;0;1;1;1;4;4;7;6;8;12;12;3;52;10;83;9;52;10;21;19;65;19;39;25;93;25;11;32;52;40;65;40;39;0;0;0;1;4;1;1;1;0;7;8;2;0;1122944768;1122944768;1122944768;1122944768;;0;0;40;65;40;0;1;1;1;4;4;7;6;8;12;12;3;52;10;83;9;52;10;21;19;65;19;39;25;93;25;11;32;52;40;65;40;39;0;1;1;1;4;4;7;6;8;12;12;3;52;10;83;9;52;10;21;19;65;19;39;25;93;25;11;32;52;40;65;40;39;0;1;1;1;4;4;7;6;8;12;12;3;52;10;83;9;52;10;21;19;65;19;39;25;93;25;11;32;52;40;65;40;39;1;1;0;0;5;2;0;0;0;3;5;2;0;1122944768;1122944768;1122944768;1122944768;;255;255;0;0;0;0;23;12;13;5;25;28;17;20;9;10;27;14;2;1;15;16;7;18;21;8;22;11;19;26;3;4;6;24;29;255;255;17;12;17;17;17;12;5;13;23;10;0;0;0;0;
2491;0;1;1;3;2;4;5;5;10;9;12;3;52;11;64;11;40;13;88;13;16;19;52;26;68;26;36;41;84;41;20;43;52;0;1;1;3;2;4;4;7;6;11;12;3;52;10;65;10;39;13;93;13;11;22;63;22;41;29;84;29;20;36;63;42;39;0;1;1;3;2;4;4;7;6;11;12;3;52;10;65;10;39;13;93;13;11;22;63;22;41;29;84;29;20;36;63;42;39;0;0;0;0;7;2;1;1;0;6;6;2;0;1122944768;1122944768;1122944768;1122944768;;0;0;10;65;10;0;1;1;3;2;4;4;7;6;11;12;3;52;10;65;10;39;13;93;13;11;22;63;22;41;29;84;29;20;36;63;42;39;0;1;1;3;2;4;4;7;6;11;12;3;52;10;65;10;39;13;93;13;11;22;63;22;41;29;84;29;20;36;63;42;39;0;1;1;3;2;4;4;7;6;11;12;3;52;10;65;10;39;13;93;13;11;22;63;22;41;29;84;29;20;36;63;42;39;0;0;0;0;7;2;1;1;0;6;6;2;0;1122944768;1122944768;1122944768;1122944768;;0;0;36;63;42;0;1;1;3;2;4;4;7;6;11;12;3;52;10;65;10;39;13;93;13;11;22;63;22;41;29;84;29;20;36;63;42;39;0;1;1;3;2;4;4;7;6;11;12;3;52;10;65;10;39;13;93;13;11;22;63;22;41;29;84;29;20;36;63;42;39;0;1;1;3;2;4;4;7;6;11;12;3;52;10;65;10;39;13;93;13;11;22;63;22;41;29;84;29;20;36;63;42;39;0;0;0;0;7;2;1;1;0;6;6;2;0;1122944768;1122944768;1122944768;1122944768;;255;255;0;0;0;0;1;14;15;24;22;17;21;12;16;19;11;5;2;3;13;9;23;25;10;6;8;4;20;18;7;26;27;28;29;30;31;0;17;17;17;17;17;22;24;19;1;0;0;0;0;
2493;0;1;1;3;2;5;5;7;6;8;12;3;52;9;65;9;39;15;93;15;11;20;65;20;37;33;85;33;19;33;52;41;52;0;1;1;3;2;4;4;7;6;8;12;3;52;9;65;9;39;15;93;15;11;20;65;20;37;33;85;33;19;33;52;41;52;0;1;1;3;2;4;4;7;6;8;12;3;52;9;65;9;39;15;93;15;11;20;65;20;37;33;85;33;19;33;52;41;52;0;1;0;0;6;3;1;1;0;6;5;2;0;1122944768;1122944768;1122944768;1122944768;;0;0;9;65;9;0;1;1;3;2;4;4;7;6;8;12;3;52;9;65;9;39;15;93;15;11;20;65;20;37;33;85;33;19;33;52;41;52;0;1;1;3;2;4;4;7;6;8;12;3;52;9;65;9;39;15;93;15;11;20;65;20;37;33;85;33;19;33;52;41;52;0;1;1;3;2;4;4;7;6;8;12;3;52;9;65;9;39;15;93;15;11;20;65;20;37;33;85;33;19;33;52;41;52;0;1;0;0;5;2;1;0;1;7;7;3;0;1122944768;1122944768;1122944768;1122944768;;0;0;33;52;41;0;1;1;3;2;4;4;7;6;8;12;3;52;9;65;9;39;15;93;15;11;20;65;20;37;33;85;33;19;33;52;41;52;0;1;1;3;2;4;4;7;6;8;12;3;52;9;65;9;39;15;93;15;11;20;65;20;37;33;85;33;19;33;52;41;52;0;1;1;3;2;4;4;7;6;8;12;3;52;9;65;9;39;15;93;15;11;20;65;20;37;33;85;33;19;33;52;41;52;0;1;0;0;6;3;1;1;0;6;5;2;0;1122944768;1122944768;1122944768;1122944768;;255;255;0;0;0;7;16;17;15;11;13;12;9;8;10;6;18;5;4;3;0;28;2;1;14;29;22;23;25;21;26;27;24;19;20;31;30;7;10;10;10;10;6;6;17;16;6;0;0;0;0;
2494;0;1;1;3;2;4;4;7;6;8;12;3;52;11;64;11;40;13;88;13;16;19;64;19;40;31;88;31;16;33;52;43;52;0;1;1;3;2;4;4;7;6;12;12;3;52;10;65;10;39;14;93;14;11;20;63;20;41;29;84;29;20;41;65;41;39;0;1;1;3;2;4;4;7;6;12;12;3;52;10;65;10;39;14;93;14;11;20;63;20;41;29;84;29;20;41;65;41;39;0;0;0;1;4;2;0;0;0;4;3;1;0;1122944768;1122944768;1122944768;1122944768;;0;0;10;65;10;0;1;1;3;2;4;4;7;6;12;12;3;52;10;65;10;39;14;93;14;11;20;63;20;41;29;84;29;20;41;65;41;39;0;1;1;3;2;4;4;7;6;12;12;3;52;10;65;10;39;14;93;14;11;20;63;20;41;29;84;29;20;41;65;41;39;0;1;1;3;2;4;4;7;6;12;12;3;52;10;65;10;39;14;93;14;11;20;63;20;41;29;84;29;20;41;65;41;39;0;0;1;0;3;1;1;0;0;5;6;2;0;1122944768;1122944768;1122944768;1122944768;;0;0;41;65;41;0;1;1;3;2;4;4;7;6;12;12;3;52;10;65;10;39;14;93;14;11;20;63;20;41;29;84;29;20;41;65;41;39;0;1;1;3;2;4;4;7;6;12;12;3;52;10;65;10;39;14;93;14;11;20;63;20;41;29;84;29;20;41;65;41;39;0;1;1;3;2;4;4;7;6;12;12;3;52;10;65;10;39;14;93;14;11;20;63;20;41;29;84;29;20;41;65;41;39;0;0;0;1;4;2;0;0;0;4;3;1;0;1122944768;1122944768;1122944768;1122944768;;255;255;0;0;0;24;4;0;15;17;7;18;11;3;19;6;2;22;9;25;13;5;21;8;1;14;20;10;23;16;12;26;27;28;29;30;31;0;3;3;3;3;3;19;0;4;6;0;0;0;0;
2496;0;1;1;3;2;4;4;7;6;11;12;3;52;10;65;10;39;12;89;12;15;22;63;22;41;26;84;26;20;37;65;41;39;0;1;1;3;2;4;4;7;6;11;12;3;52;10;65;10;39;12;89;12;15;22;63;22;41;26;84;26;20;37;65;41;39;0;1;1;3;2;4;4;7;6;11;12;3;52;10;65;10;39;12;89;12;15;22;63;22;41;26;84;26;20;37;65;41;39;0;1;0;1;4;2;1;0;0;5;5;2;0;0;0;0;0;;0;0;0;0;0;0;1;1;3;2;4;4;7;6;11;12;3;52;10;65;10;39;12;89;12;15;22;63;22;41;26;84;26;20;37;65;41;39;0;1;1;3;2;4;4;7;6;11;12;3;52;10;65;10;39;12;89;12;15;22;63;22;41;26;84;26;20;37;65;41;39;0;1;1;3;2;4;4;7;6;11;12;3;52;10;65;10;39;12;89;12;15;22;63;22;41;26;84;26;20;37;65;41;39;0;1;0;0;5;1;1;0;1;7;7;3;0;0;0;0;0;;0;0;0;0;0;0;1;1;3;2;4;4;7;6;11;12;3;52;10;65;10;39;12;89;12;15;22;63;22;41;26;84;26;20;37;65;41;39;0;1;1;3;2;4;4;7;6;11;12;3;52;10;65;10;39;12;89;12;15;22;63;22;41;26;84;26;20;37;65;41;39;0;1;1;3;2;4;4;7;6;11;12;3;52;10;65;10;39;12;89;12;15;22;63;22;41;26;84;26;20;37;65;41;39;0;1;0;1;4;2;1;0;0;5;5;2;0;0;0;0;0;;0;0;0;0;0;0;1;2;3;4;5;6;7;8;9;10;11;12;13;14;15;16;17;18;19;20;21;22;23;24;25;26;27;28;29;30;31;10;10;10;10;10;10;7;255;255;255;0;0;0;0;
2497;0;1;1;3;2;4;5;5;10;9;12;3;52;11;64;11;40;13;88;13;16;19;52;26;68;26;36;41;84;41;20;43;52;0;1;1;3;2;4;4;7;6;11;12;3;52;8;65;8;39;12;91;12;13;21;63;21;41;26;84;26;20;37;39;41;65;0;1;1;3;2;4;4;7;6;11;12;3;52;8;65;8;39;12;91;12;13;21;63;21;41;26;84;26;20;37;39;41;65;0;1;0;1;4;3;1;0;0;5;6;3;0;1122944768;1122944768;1122944768;1122944768;;0;0;8;65;8;0;1;1;3;2;4;4;7;6;11;12;3;52;8;65;8;39;12;91;12;13;21;63;21;41;26;84;26;20;37;39;41;65;0;1;1;3;2;4;4;7;6;11;12;3;52;8;65;8;39;12;91;12;13;21;63;21;41;26;84;26;20;37;39;41;65;0;1;1;3;2;4;4;7;6;11;12;3;52;8;65;8;39;12;91;12;13;21;63;21;41;26;84;26;20;37;39;41;65;0;1;0;1;4;3;1;0;1;5;6;3;0;1122944768;1122944768;1122944768;1122944768;;0;0;37;39;41;0;1;1;3;2;4;4;7;6;11;12;3;52;8;65;8;39;12;91;12;13;21;63;21;41;26;84;26;20;37;39;41;65;0;1;1;3;2;4;4;7;6;11;12;3;52;8;65;8;39;12;91;12;13;21;63;21;41;26;84;26;20;37;39;41;65;0;1;1;3;2;4;4;7;6;11;12;3;52;8;65;8;39;12;91;12;13;21;63;21;41;26;84;26;20;37;39;41;65;0;1;0;1;4;3;1;0;0;5;6;3;0;1122944768;1122944768;1122944768;1122944768;;255;255;0;0;0;17;12;11;15;6;21;9;22;3;18;24;26;7;8;25;20;2;13;23;0;5;14;27;28;10;29;19;16;1;4;255;255;3;9;9;9;9;9;3;11;12;24;0;0;0;0;
2498;0;1;1;1;5;5;7;6;8;11;12;3;52;11;52;11;72;11;32;24;66;24;38;31;88;31;16;33;52;41;64;43;40;0;1;1;3;2;4;4;7;6;11;12;3;52;10;65;10;39;14;91;14;13;22;63;22;41;26;84;26;20;37;61;41;39;0;1;1;3;2;4;4;7;6;11;12;3;52;10;65;10;39;14;91;14;13;22;63;22;41;26;84;26;20;37;61;41;39;1;1;1;0;7;3;0;0;0;7;6;2;0;1122944768;1122944768;1122944768;1122944768;;0;0;10;65;10;0;1;1;3;2;4;4;7;6;11;12;3;52;10;65;10;39;14;91;14;13;22;63;22;41;26;84;26;20;37;61;41;39;0;1;1;3;2;4;4;7;6;11;12;3;52;10;65;10;39;14;91;14;13;22;63;22;41;26;84;26;20;37;61;41;39;0;1;1;3;2;4;4;7;6;11;12;3;52;10;65;10;39;14;91;14;13;22;63;22;41;26;84;26;20;37;61;41;39;0;1;1;0;8;1;1;0;1;8;6;2;0;1122944768;1122944768;1122944768;1122944768;;0;0;37;61;41;0;1;1;3;2;4;4;7;6;11;12;3;52;10;65;10;39;14;91;14;13;22;63;22;41;26;84;26;20;37;61;41;39;0;1;1;3;2;4;4;7;6;11;12;3;52;10;65;10;39;14;91;14;13;22;63;22;41;26;84;26;20;37;61;41;39;0;1;1;3;2;4;4;7;6;11;12;3;52;10;65;10;39;14;91;14;13;22;63;22;41;26;84;26;20;37;61;41;39;1;1;1;0;7;3;0;0;0;7;6;2;0;1122944768;1122944768;1122944768;1122944768;;255;255;0;0;0;24;10;9;13;4;8;5;17;12;2;6;16;25;26;7;1;18;0;20;21;27;11;22;23;19;14;28;15;3;29;30;31;2;2;2;2;2;2;12;13;10;9;0;0;0;0;
2499;0;1;1;1;3;2;4;4;8;12;12;3;52;11;52;11;72;11;32;15;88;15;16;22;64;22;40;31;52;43;64;43;40;0;1;1;3;2;4;4;7;6;8;12;3;52;9;65;9;39;15;93;15;11;20;63;20;41;28;84;28;20;32;52;41;52;0;1;1;3;2;4;4;7;6;8;12;3;52;9;65;9;39;15;93;15;11;20;63;20;41;28;84;28;20;32;52;41;52;0;1;0;0;6;2;1;0;0;6;6;2;0;1122944768;1122944768;1122944768;1122944768;;0;0;9;65;9;0;1;1;3;2;4;4;7;6;8;12;3;52;9;65;9;39;15;93;15;11;20;63;20;41;28;84;28;20;32;52;41;52;0;1;1;3;2;4;4;7;6;8;12;3;52;9;65;9;39;15;93;15;11;20;63;20;41;28;84;28;20;32;52;41;52;0;1;1;3;2;4;4;7;6;8;12;3;52;9;65;9;39;15;93;15;11;20;63;20;41;28;84;28;20;32;52;41;52;0;1;0;0;4;2;1;0;0;4;5;2;0;1122944768;1122944768;1122944768;1122944768;;0;0;32;52;41;0;1;1;3;2;4;4;7;6;8;12;3;52;9;65;9;39;15;93;15;11;20;63;20;41;28;84;28;20;32;52;41;52;0;1;1;3;2;4;4;7;6;8;12;3;52;9;65;9;39;15;93;15;11;20;63;20;41;28;84;28;20;32;52;41;52;0;1;1;3;2;4;4;7;6;8;12;3;52;9;65;9;39;15;93;15;11;20;63;20;41;28;84;28;20;32;52;41;52;0;1;0;0;6;2;1;0;0;6;6;2;0;1122944768;1122944768;1122944768;1122944768;;255;255;0;0;0;0;1;2;3;4;5;6;7;8;9;10;11;12;13;14;15;16;17;18;19;20;21;22;23;24;25;26;27;28;29;30;31;0;4;7;4;4;10;10;2;1;3;0;0;0;0;
2501;0;1;1;3;2;4;4;7;6;11;12;3;52;10;65;10;39;14;91;14;13;21;63;21;41;27;84;27;20;37;37;41;61;0;1;1;3;2;4;4;7;6;11;12;3;52;10;65;10;39;14;91;14;13;21;63;21;41;27;84;27;20;37;37;41;61;0;1;1;3;2;4;4;7;6;11;12;3;52;10;65;10;39;14;91;14;13;21;63;21;41;27;84;27;20;37;37;41;61;1;0;0;0;4;2;0;0;0;1;2;1;0;0;0;0;0;;0;0;0;0;0;0;1;1;3;2;4;4;7;6;11;12;3;52;10;65;10;39;14;91;14;13;21;63;21;41;27;84;27;20;37;37;41;61;0;1;1;3;2;4;4;7;6;11;12;3;52;10;65;10;39;14;91;14;13;21;63;21;41;27;84;27;20;37;37;41;61;0;1;1;3;2;4;4;7;6;11;12;3;52;10;65;10;39;14;91;14;13;21;63;21;41;27;84;27;20;37;37;41;61;0;1;0;1;4;2;0;0;0;3;3;1;0;0;0;0;0;;0;0;0;0;0;0;1;1;3;2;4;4;7;6;11;12;3;52;10;65;10;39;14;91;14;13;21;63;21;41;27;84;27;20;37;37;41;61;0;1;1;3;2;4;4;7;6;11;12;3;52;10;65;10;39;14;91;14;13;21;63;21;41;27;84;27;20;37;37;41;61;0;1;1;3;2;4;4;7;6;11;12;3;52;10;65;10;39;14;91;14;13;21;63;21;41;27;84;27;20;37;37;41;61;1;0;0;0;4;2;0;0;0;1;2;1;0;0;0;0;0;;0;0;0;0;0;0;1;2;3;4;5;6;7;8;9;10;11;12;13;14;15;16;17;18;19;20;21;22;23;24;25;26;27;28;29;30;31;6;6;6;6;6;6;2;255;255;255;0;0;0;0;
2514;0;1;1;1;4;5;5;7;6;11;12;3;52;11;52;11;72;11;32;21;52;27;68;27;36;27;88;27;16;41;64;43;40;0;1;1;3;2;4;4;7;6;8;12;3;52;10;65;10;39;14;91;14;13;21;63;21;41;28;84;26;20;34;52;42;52;0;1;1;3;2;4;4;7;6;8;12;3;52;10;65;10;39;14;91;14;13;21;63;21;41;28;84;26;20;34;52;42;52;1;0;0;0;5;1;1;0;0;7;6;1;0;1122944768;1122944768;1122944768;1122944768;;0;0;10;65;10;0;1;1;3;2;4;4;7;6;8;12;3;52;10;65;10;39;14;91;14;13;21;63;21;41;28;84;26;20;34;52;42;52;0;1;1;3;2;4;4;7;6;8;12;3;52;10;65;10;39;14;91;14;13;21;63;21;41;28;84;26;20;34;52;42;52;0;1;1;3;2;4;4;7;6;8;12;3;52;10;65;10;39;14;91;14;13;21;63;21;41;28;84;26;20;34;52;42;52;1;0;0;1;7;1;1;1;0;8;6;2;0;1122944768;1122944768;1122944768;1122944768;;0;0;34;52;42;0;1;1;3;2;4;4;7;6;8;12;3;52;10;65;10;39;14;91;14;13;21;63;21;41;28;84;26;20;34;52;42;52;0;1;1;3;2;4;4;7;6;8;12;3;52;10;65;10;39;14;91;14;13;21;63;21;41;28;84;26;20;34;52;42;52;0;1;1;3;2;4;4;7;6;8;12;3;52;10;65;10;39;14;91;14;13;21;63;21;41;28;84;26;20;34;52;42;52;1;0;0;0;5;1;1;0;0;7;6;1;0;1122944768;1122944768;1122944768;1122944768;;255;255;0;0;0;11;19;6;21;22;23;14;12;13;9;8;0;17;15;18;4;5;7;24;1;20;10;16;3;2;25;26;27;28;29;30;31;12;23;14;23;23;9;9;19;21;8;0;0;0;0;
2536;0;1;1;3;2;5;5;7;6;8;12;3;52;11;64;11;40;13;88;13;16;22;64;22;40;31;88;31;16;33;52;43;52;0;1;1;3;2;5;5;7;6;8;12;3;52;11;64;11;40;13;88;13;16;21;64;21;40;31;84;31;20;31;52;41;52;0;1;1;3;2;5;5;7;6;8;12;3;52;11;64;11;40;13;88;13;16;19;64;19;40;27;84;27;20;29;52;41;52;1;1;0;0;7;1;0;0;0;5;5;3;0;1122944768;1122944768;1122944768;1122944768;;0;0;11;64;11;0;1;1;3;2;5;5;7;6;8;12;3;52;11;64;11;40;13;88;13;16;19;64;19;40;27;84;27;20;29;52;41;52;0;1;1;3;2;5;5;7;6;8;12;3;52;11;64;11;40;13;88;13;16;19;64;19;40;27;84;27;20;29;52;41;52;0;1;1;3;2;5;5;7;6;8;12;3;52;11;64;11;40;13;88;13;16;19;64;19;40;27;84;27;20;29;52;41;52;0;0;1;1;8;1;1;0;1;7;5;3;0;1122944768;1122944768;1122944768;1122944768;;0;0;31;52;41;0;1;1;3;2;5;5;7;6;8;12;3;52;11;64;11;40;13;88;13;16;21;64;21;40;29;84;29;20;31;52;41;52;0;1;1;3;2;5;5;7;6;8;12;3;52;11;64;11;40;13;88;13;16;21;64;21;40;31;84;31;20;31;52;41;52;0;1;1;3;2;5;5;7;6;8;12;3;52;11;64;11;40;13;88;13;16;19;64;19;40;27;84;27;20;29;52;41;52;1;1;0;0;7;1;0;0;0;5;5;3;0;1122944768;1122944768;1122944768;1122944768;;255;255;0;0;0;0;1;2;3;4;5;6;7;8;9;10;11;12;13;14;15;16;17;18;19;20;21;22;23;24;25;26;27;28;29;30;31;9;9;9;9;9;9;5;2;3;1;0;0;0;0;
2538;0;1;1;3;2;5;5;7;6;12;12;3;52;11;64;11;40;13;88;13;16;21;64;21;40;31;88;31;16;43;64;43;40;0;1;1;3;2;5;5;5;8;12;12;3;52;11;64;11;40;13;88;13;16;23;52;23;72;23;32;33;52;43;64;43;40;0;1;1;3;2;5;5;5;8;12;12;3;52;11;64;11;40;13;88;13;16;23;52;23;72;23;32;33;52;43;64;43;40;1;1;0;1;6;2;1;0;0;7;6;3;0;1122944768;1122944768;1122944768;1122944768;;0;0;11;64;11;0;1;1;3;2;5;5;5;8;12;12;3;52;11;64;11;40;13;88;13;16;23;52;23;72;23;32;33;52;43;64;43;40;0;1;1;3;2;5;5;5;8;12;12;3;52;11;64;11;40;13;88;13;16;23;52;23;72;23;32;33;52;43;64;43;40;0;1;1;3;2;5;5;5;8;12;12;3;52;11;64;11;40;13;88;13;16;23;52;23;72;23;32;33;52;43;64;43;40;0;0;0;0;7;2;1;0;0;7;7;3;0;1122944768;1122944768;1122944768;1122944768;;0;0;43;64;43;0;1;1;3;2;5;5;5;8;12;12;3;52;11;64;11;40;13;88;13;16;23;52;23;72;23;32;33;52;43;64;43;40;0;1;1;3;2;5;5;5;8;12;12;3;52;11;64;11;40;13;88;13;16;23;52;23;72;23;32;33;52;43;64;43;40;0;1;1;3;2;5;5;5;8;12;12;3;52;11;64;11;40;13;88;13;16;23;52;23;72;23;32;33;52;43;64;43;40;1;1;0;1;6;2;1;0;0;7;6;3;0;1122944768;1122944768;1122944768;1122944768;;255;255;0;0;0;11;24;6;18;4;0;16;20;21;8;12;7;3;2;14;15;1;17;9;23;10;19;5;25;13;22;255;255;255;255;255;255;0;4;0;4;4;12;12;6;24;12;0;0;0;0;
2540;0;1;1;3;2;5;5;5;10;9;12;3;52;11;64;11;40;13;88;13;16;25;52;25;72;25;32;39;84;39;20;43;52;0;1;1;3;2;5;5;5;10;9;12;3;52;11;64;11;40;13;88;13;16;25;52;25;72;25;32;39;84;39;20;43;52;0;1;1;3;2;5;5;5;10;9;12;3;52;11;64;11;40;13;88;13;16;25;52;25;72;25;32;39;84;39;20;43;52;0;0;0;0;7;3;1;0;1;5;5;3;0;0;0;0;0;;0;0;0;0;0;0;1;1;3;2;5;5;5;10;9;12;3;52;11;64;11;40;13;88;13;16;25;52;25;72;25;32;39;84;39;20;43;52;0;1;1;3;2;5;5;5;10;9;12;3;52;11;64;11;40;13;88;13;16;25;52;25;72;25;32;39;84;39;20;43;52;0;1;1;3;2;5;5;5;10;9;12;3;52;11;64;11;40;13;88;13;16;25;52;25;72;25;32;39;84;39;20;43;52;0;0;0;0;4;1;1;1;0;2;7;3;0;0;0;0;0;;0;0;0;0;0;0;1;1;3;2;5;5;5;10;9;12;3;52;11;64;11;40;13;88;13;16;25;52;25;72;25;32;39;84;39;20;43;52;0;1;1;3;2;5;5;5;10;9;12;3;52;11;64;11;40;13;88;13;16;25;52;25;72;25;32;39;84;39;20;43;52;0;1;1;3;2;5;5;5;10;9;12;3;52;11;64;11;40;13;88;13;16;25;52;25;72;25;32;39;84;39;20;43;52;0;0;0;0;7;3;1;0;1;5;5;3;0;0;0;0;0;;0;0;0;0;0;0;1;2;3;4;5;6;7;8;9;10;11;12;13;14;15;16;17;18;19;20;21;22;23;24;25;26;27;28;29;30;31;2;10;8;8;7;10;3;255;255;255;0;0;0;0;
2541;0;1;1;3;2;4;4;8;10;9;12;3;52;11;64;11;40;13;88;13;16;19;64;19;40;33;52;43;84;43;20;43;52;0;1;1;3;2;4;4;8;10;9;12;3;52;11;64;11;40;15;88;15;16;19;64;19;40;33;52;43;84;43;20;43;52;0;1;1;3;2;4;4;8;10;9;12;3;52;11;64;11;40;13;88;13;16;19;64;19;40;33;52;35;88;35;16;43;52;1;1;0;0;6;3;1;1;1;4;5;3;0;0;0;0;0;;0;0;0;0;0;0;1;1;3;2;4;4;8;10;9;12;3;52;11;64;11;40;13;88;13;16;19;64;19;40;33;52;35;88;35;16;43;52;0;1;1;3;2;4;4;8;10;9;12;3;52;11;64;11;40;13;88;13;16;19;64;19;40;33;52;35;88;35;16;43;52;0;1;1;3;2;4;4;8;10;9;12;3;52;11;64;11;40;13;88;13;16;19;64;19;40;33;52;35;88;35;16;43;52;1;1;0;0;6;3;1;1;1;4;6;3;0;0;0;0;0;;0;0;0;0;0;0;1;1;3;2;4;4;8;10;9;12;3;52;11;64;11;40;13;88;13;16;19;64;19;40;33;52;43;84;43;20;43;52;0;1;1;3;2;4;4;8;10;9;12;3;52;11;64;11;40;15;88;15;16;19;64;19;40;33;52;43;84;43;20;43;52;0;1;1;3;2;4;4;8;10;9;12;3;52;11;64;11;40;13;88;13;16;19;64;19;40;33;52;35;88;35;16;43;52;1;1;0;0;6;3;1;1;1;4;5;3;0;0;0;0;0;;0;0;0;0;0;0;1;2;3;4;5;6;7;8;9;10;11;12;13;14;15;16;17;18;19;20;21;22;23;24;25;26;27;28;29;30;31;0;7;7;7;7;7;8;255;255;255;0;0;0;0;
2542;0;1;1;1;4;4;7;6;8;12;12;3;52;11;52;11;72;11;32;19;64;19;40;25;84;25;20;33;52;43;64;43;40;0;1;1;1;4;4;7;6;8;12;12;3;52;11;52;11;72;11;32;19;64;19;40;25;84;25;20;33;52;43;64;43;40;0;1;1;1;4;4;7;6;8;12;12;3;52;11;52;11;72;11;32;19;64;19;40;25;84;25;20;33;52;43;64;43;40;0;0;0;1;7;2;0;1;0;7;5;3;0;0;0;0;0;;0;0;0;0;0;0;1;1;1;4;4;7;6;8;12;12;3;52;11;52;11;72;11;32;19;64;19;40;25;84;25;20;33;52;43;64;43;40;0;1;1;1;4;4;7;6;8;12;12;3;52;11;52;11;72;11;32;19;64;19;40;25;84;25;20;33;52;43;64;43;40;0;1;1;1;4;4;7;6;8;12;12;3;52;11;52;11;72;11;32;19;64;19;40;25;84;25;20;33;52;43;64;43;40;0;0;0;1;7;1;1;1;0;8;6;3;0;0;0;0;0;;0;0;0;0;0;0;1;1;1;4;4;7;6;8;12;12;3;52;11;52;11;72;11;32;19;64;19;40;25;84;25;20;33;52;43;64;43;40;0;1;1;1;4;4;7;6;8;12;12;3;52;11;52;11;72;11;32;19;64;19;40;25;84;25;20;33;52;43;64;43;40;0;1;1;1;4;4;7;6;8;12;12;3;52;11;52;11;72;11;32;19;64;19;40;25;84;25;20;33;52;43;64;43;40;0;0;0;1;7;2;0;1;0;7;5;3;0;0;0;0;0;;0;0;0;0;0;0;1;2;3;4;5;6;7;8;9;10;11;12;13;14;15;16;17;18;19;20;21;22;23;24;25;26;27;28;29;30;31;1;5;5;10;5;10;8;255;255;255;0;0;0;0;
2543;0;1;1;3;2;5;5;7;6;8;12;3;52;11;64;11;40;13;88;13;16;23;64;23;40;23;84;23;20;33;52;43;52;0;1;1;3;2;5;5;7;6;8;12;3;52;11;64;11;40;13;88;13;16;23;64;23;40;23;84;23;20;33;52;43;52;0;1;1;3;2;5;5;7;6;8;12;3;52;11;64;11;40;13;88;13;16;23;64;23;40;23;84;23;20;33;52;43;52;1;0;1;0;6;3;1;0;1;4;6;3;0;0;0;0;0;;0;0;0;0;0;0;1;1;3;2;5;5;7;6;8;12;3;52;11;64;11;40;13;88;13;16;23;64;23;40;23;84;23;20;33;52;43;52;0;1;1;3;2;5;5;7;6;8;12;3;52;11;64;11;40;13;88;13;16;23;64;23;40;23;84;23;20;33;52;43;52;0;1;1;3;2;5;5;7;6;8;12;3;52;11;64;11;40;13;88;13;16;23;64;23;40;23;84;23;20;33;52;43;52;1;0;1;0;6;3;1;0;1;4;6;3;0;0;0;0;0;;0;0;0;0;0;0;1;1;3;2;5;5;7;6;8;12;3;52;11;64;11;40;13;88;13;16;23;64;23;40;23;84;23;20;33;52;43;52;0;1;1;3;2;5;5;7;6;8;12;3;52;11;64;11;40;13;88;13;16;23;64;23;40;23;84;23;20;33;52;43;52;0;1;1;3;2;5;5;7;6;8;12;3;52;11;64;11;40;13;88;13;16;23;64;23;40;23;84;23;20;33;52;43;52;1;0;1;0;6;3;1;0;1;4;6;3;0;0;0;0;0;;0;0;0;0;0;0;1;2;3;4;5;6;7;8;9;10;11;12;13;14;15;16;17;18;19;20;21;22;23;24;25;26;27;28;29;30;31;0;4;4;4;4;4;5;255;255;255;0;0;0;0;
2545;0;1;1;3;2;4;4;7;6;8;12;3;52;11;64;11;40;13;88;13;16;19;64;19;40;31;84;31;20;33;52;43;52;0;1;1;3;2;4;4;7;6;8;12;3;52;11;64;11;40;13;88;13;16;19;64;19;40;31;84;31;20;33;52;43;52;0;1;1;3;2;4;4;7;6;8;12;3;52;9;64;9;40;11;88;11;16;17;64;17;40;29;84;29;20;31;52;41;52;1;1;0;0;7;3;1;0;1;3;5;3;0;0;0;0;0;;0;0;0;0;0;0;1;1;3;2;4;4;7;6;8;12;3;52;9;64;9;40;11;88;11;16;17;64;17;40;29;84;29;20;31;52;41;52;0;1;1;3;2;4;4;7;6;8;12;3;52;9;64;9;40;11;88;11;16;17;64;17;40;29;84;29;20;31;52;41;52;0;1;1;3;2;4;4;7;6;8;12;3;52;9;64;9;40;11;88;11;16;17;64;17;40;29;84;29;20;31;52;41;52;1;1;0;0;7;3;1;0;1;3;5;3;0;0;0;0;0;;0;0;0;0;0;0;1;1;3;2;4;4;7;6;8;12;3;52;11;64;11;40;13;88;13;16;19;64;19;40;31;84;31;20;33;52;43;52;0;1;1;3;2;4;4;7;6;8;12;3;52;11;64;11;40;13;88;13;16;19;64;19;40;31;84;31;20;33;52;43;52;0;1;1;3;2;4;4;7;6;8;12;3;52;9;64;9;40;11;88;11;16;17;64;17;40;29;84;29;20;31;52;41;52;1;1;0;0;7;3;1;0;1;3;5;3;0;0;0;0;0;;0;0;0;0;0;0;1;2;3;4;5;6;7;8;9;10;11;12;13;14;15;16;17;18;19;20;21;22;23;24;25;26;27;28;29;30;31;0;9;9;9;9;9;3;255;255;255;0;0;0;0;
2547;0;1;1;3;2;4;4;7;6;8;12;3;52;11;64;11;40;13;88;13;16;19;64;19;40;31;84;31;20;33;52;43;52;0;1;1;3;2;4;4;7;6;8;12;3;52;11;64;11;40;15;88;15;16;19;64;19;40;33;84;33;20;33;52;43;52;0;1;1;3;2;4;4;7;6;8;12;3;52;11;64;11;40;13;88;13;16;19;64;19;40;31;84;31;20;33;52;43;52;0;1;1;0;6;3;1;0;1;5;6;3;0;0;0;0;0;;0;0;0;0;0;0;1;1;3;2;4;4;7;6;8;12;3;52;11;64;11;40;13;88;13;16;19;64;19;40;31;84;31;20;33;52;43;52;0;1;1;3;2;4;4;7;6;8;12;3;52;11;64;11;40;13;88;13;16;19;64;19;40;31;84;31;20;33;52;43;52;0;1;1;3;2;4;4;7;6;8;12;3;52;11;64;11;40;13;88;13;16;19;64;19;40;31;84;31;20;33;52;43;52;0;0;1;0;6;3;1;0;1;5;6;3;0;0;0;0;0;;0;0;0;0;0;0;1;1;3;2;4;4;7;6;8;12;3;52;11;64;11;40;13;88;13;16;19;64;19;40;31;84;31;20;33;52;43;52;0;1;1;3;2;4;4;7;6;8;12;3;52;11;64;11;40;15;88;15;16;19;64;19;40;33;84;33;20;33;52;43;52;0;1;1;3;2;4;4;7;6;8;12;3;52;11;64;11;40;13;88;13;16;19;64;19;40;31;84;31;20;33;52;43;52;0;1;1;0;6;3;1;0;1;5;6;3;0;0;0;0;0;;0;0;0;0;0;0;1;2;3;4;5;6;7;8;9;10;11;12;13;14;15;16;17;18;19;20;21;22;23;24;25;26;27;28;29;30;31;4;9;9;9;9;9;4;255;255;255;0;0;0;0;
2548;0;1;1;3;2;4;5;5;7;6;12;3;52;11;64;11;40;13;88;13;16;19;52;25;68;25;36;33;84;33;20;43;52;0;1;1;3;2;4;5;5;7;6;12;3;52;11;64;11;40;13;88;13;16;19;52;25;68;25;36;33;84;33;20;43;52;0;1;1;3;2;4;5;5;7;6;12;3;52;11;64;11;40;13;88;13;16;19;52;25;68;25;36;33;84;33;20;43;52;1;1;0;0;6;1;1;0;0;5;6;3;0;0;0;0;0;;0;0;0;0;0;0;1;1;3;2;4;5;5;7;6;12;3;52;11;64;11;40;13;88;13;16;19;52;25;68;25;36;33;84;33;20;43;52;0;1;1;3;2;4;5;5;7;6;12;3;52;11;64;11;40;13;88;13;16;19;52;25;68;25;36;33;84;33;20;43;52;0;1;1;3;2;4;5;5;7;6;12;3;52;11;64;11;40;13;88;13;16;19;52;25;68;25;36;33;84;33;20;43;52;1;1;0;1;6;1;1;0;0;6;5;3;0;0;0;0;0;;0;0;0;0;0;0;1;1;3;2;4;5;5;7;6;12;3;52;11;64;11;40;13;88;13;16;19;52;25;68;25;36;33;84;33;20;43;52;0;1;1;3;2;4;5;5;7;6;12;3;52;11;64;11;40;13;88;13;16;19;52;25;68;25;36;33;84;33;20;43;52;0;1;1;3;2;4;5;5;7;6;12;3;52;11;64;11;40;13;88;13;16;19;52;25;68;25;36;33;84;33;20;43;52;1;1;0;0;6;1;1;0;0;5;6;3;0;0;0;0;0;;0;0;0;0;0;0;1;2;3;4;5;6;7;8;9;10;11;12;13;14;15;16;17;18;19;20;21;22;23;24;25;26;27;28;29;30;31;5;10;7;9;7;10;9;255;255;255;0;0;0;0;
2551;0;1;1;3;2;5;5;7;6;8;12;3;52;11;64;11;40;13;88;13;16;19;64;19;40;31;84;31;20;33;52;43;52;0;1;1;3;2;5;5;7;6;8;12;3;52;11;64;11;40;15;88;15;16;19;64;19;40;33;84;33;20;33;52;43;52;0;1;1;3;2;5;5;7;6;8;12;3;52;11;64;11;40;13;88;13;16;19;64;19;40;31;84;31;20;33;52;43;52;1;0;0;1;6;3;0;1;0;5;5;3;0;0;0;0;0;;0;0;0;0;0;0;1;1;3;2;5;5;7;6;8;12;3;52;11;64;11;40;13;88;13;16;19;64;19;40;31;84;31;20;33;52;43;52;0;1;1;3;2;5;5;7;6;8;12;3;52;11;64;11;40;13;88;13;16;19;64;19;40;31;84;31;20;33;52;43;52;0;1;1;3;2;5;5;7;6;8;12;3;52;11;64;11;40;13;88;13;16;19;64;19;40;31;84;31;20;33;52;43;52;0;0;0;0;4;3;1;1;0;4;7;3;0;0;0;0;0;;0;0;0;0;0;0;1;1;3;2;5;5;7;6;8;12;3;52;11;64;11;40;13;88;13;16;19;64;19;40;31;84;31;20;33;52;43;52;0;1;1;3;2;5;5;7;6;8;12;3;52;11;64;11;40;15;88;15;16;19;64;19;40;33;84;33;20;33;52;43;52;0;1;1;3;2;5;5;7;6;8;12;3;52;11;64;11;40;13;88;13;16;19;64;19;40;31;84;31;20;33;52;43;52;1;0;0;1;6;3;0;1;0;5;5;3;0;0;0;0;0;;0;0;0;0;0;0;1;2;3;4;5;6;7;8;9;10;11;12;13;14;15;16;17;18;19;20;21;22;23;24;25;26;27;28;29;30;31;2;9;6;6;9;9;4;255;255;255;0;0;0;0;
2610;0;1;1;3;2;4;4;7;6;8;12;3;52;11;64;11;40;13;88;13;16;19;64;19;40;31;88;31;16;31;52;43;52;0;1;1;3;2;4;4;7;6;8;12;3;52;11;64;11;40;13;88;13;16;19;64;19;40;31;88;31;16;31;52;43;52;0;1;1;3;2;4;4;7;6;8;12;3;52;11;64;11;40;13;88;13;16;19;64;19;40;31;88;31;16;31;52;43;52;0;1;0;1;4;3;0;0;1;7;5;3;0;0;0;0;0;;0;0;0;0;0;0;1;1;3;2;4;4;7;6;8;12;3;52;11;64;11;40;13;88;13;16;19;64;19;40;31;88;31;16;31;52;43;52;0;1;1;3;2;4;4;7;6;8;12;3;52;11;64;11;40;13;88;13;16;19;64;19;40;31;88;31;16;31;52;43;52;0;1;1;3;2;4;4;7;6;8;12;3;52;11;64;11;40;13;88;13;16;19;64;19;40;31;88;31;16;31;52;43;52;0;1;0;1;4;3;0;0;1;7;6;3;0;0;0;0;0;;0;0;0;0;0;0;1;1;3;2;4;4;7;6;8;12;3;52;11;64;11;40;13;88;13;16;19;64;19;40;31;88;31;16;31;52;43;52;0;1;1;3;2;4;4;7;6;8;12;3;52;11;64;11;40;13;88;13;16;19;64;19;40;31;88;31;16;31;52;43;52;0;1;1;3;2;4;4;7;6;8;12;3;52;11;64;11;40;13;88;13;16;19;64;19;40;31;88;31;16;31;52;43;52;0;1;0;1;4;3;0;0;1;7;5;3;0;0;0;0;0;;0;0;0;0;0;0;1;2;3;4;5;6;7;8;9;10;11;12;13;14;15;16;17;18;19;20;21;22;23;24;25;26;27;28;29;30;31;5;6;8;8;7;8;9;255;255;255;0;0;0;0;
2611;0;1;1;3;2;4;4;7;6;8;12;3;52;11;64;11;40;13;88;13;16;19;64;19;40;31;88;31;16;31;52;43;52;0;1;1;3;2;4;4;7;6;8;12;3;52;11;64;11;40;13;88;13;16;19;64;19;40;31;88;31;16;31;52;43;52;0;1;1;3;2;4;4;7;6;8;12;3;52;11;64;11;40;13;88;13;16;19;64;19;40;31;88;31;16;31;52;43;52;1;0;0;1;3;3;0;0;0;2;2;1;0;0;0;0;0;;0;0;0;0;0;0;1;1;3;2;4;4;7;6;8;12;3;52;11;64;11;40;13;88;13;16;19;64;19;40;31;88;31;16;31;52;43;52;0;1;1;3;2;4;4;7;6;8;12;3;52;11;64;11;40;13;88;13;16;19;64;19;40;31;88;31;16;31;52;43;52;0;1;1;3;2;4;4;7;6;8;12;3;52;11;64;11;40;13;88;13;16;19;64;19;40;31;88;31;16;31;52;43;52;1;1;0;1;3;3;0;1;0;2;2;1;0;0;0;0;0;;0;0;0;0;0;0;1;1;3;2;4;4;7;6;8;12;3;52;11;64;11;40;13;88;13;16;19;64;19;40;31;88;31;16;31;52;43;52;0;1;1;3;2;4;4;7;6;8;12;3;52;11;64;11;40;13;88;13;16;19;64;19;40;31;88;31;16;31;52;43;52;0;1;1;3;2;4;4;7;6;8;12;3;52;11;64;11;40;13;88;13;16;19;64;19;40;31;88;31;16;31;52;43;52;1;0;0;1;3;3;0;0;0;2;2;1;0;0;0;0;0;;0;0;0;0;0;0;1;2;3;4;5;6;7;8;9;10;11;12;13;14;15;16;17;18;19;20;21;22;23;24;25;26;27;28;29;30;31;2;9;9;8;7;10;5;255;255;255;0;0;0;0;
2612;0;1;1;1;4;5;5;7;6;12;12;3;52;11;52;11;72;11;32;21;52;25;72;25;32;25;92;25;12;41;64;41;40;0;1;1;1;4;5;5;7;6;12;12;3;52;11;52;13;72;13;32;23;52;27;72;27;32;27;92;27;12;45;64;45;40;0;1;1;1;4;5;5;7;6;12;12;3;52;11;52;11;72;11;32;19;52;21;72;21;32;17;92;17;12;41;64;41;40;0;0;0;0;4;3;1;1;1;2;8;3;0;0;0;0;0;;0;0;0;0;0;0;1;1;1;4;5;5;7;6;12;12;3;52;11;52;11;72;11;32;19;52;21;72;21;32;17;92;17;12;41;64;41;40;0;1;1;1;4;5;5;7;6;12;12;3;52;11;52;11;72;11;32;19;52;21;72;21;32;17;92;17;12;41;64;41;40;0;1;1;1;4;5;5;7;6;12;12;3;52;11;52;11;72;11;32;19;52;21;72;21;32;17;92;17;12;41;64;41;40;0;0;0;0;3;1;1;1;1;2;8;3;0;0;0;0;0;;0;0;0;0;0;0;1;1;1;4;5;5;7;6;12;12;3;52;11;52;11;72;11;32;21;52;25;72;25;32;25;92;25;12;41;64;41;40;0;1;1;1;4;5;5;7;6;12;12;3;52;11;52;13;72;13;32;23;52;27;72;27;32;27;92;27;12;45;64;45;40;0;1;1;1;4;5;5;7;6;12;12;3;52;11;52;11;72;11;32;19;52;21;72;21;32;17;92;17;12;41;64;41;40;0;0;0;0;4;3;1;1;1;2;8;3;0;0;0;0;0;;0;0;0;0;0;0;1;2;3;4;5;6;7;8;9;10;11;12;13;14;15;16;17;18;19;20;21;22;23;24;25;26;27;28;29;30;31;8;6;4;6;6;9;8;255;255;255;0;0;0;0;
2614;0;1;1;3;2;4;4;7;6;8;12;3;52;11;64;11;40;13;88;13;16;21;64;21;40;31;84;31;20;31;52;43;52;0;1;1;3;2;4;4;7;6;8;12;3;52;13;64;13;40;15;92;15;12;25;64;25;40;33;84;33;20;33;52;45;52;0;1;1;3;2;4;4;7;6;8;12;3;52;9;64;9;40;11;84;11;20;21;64;21;40;29;84;29;20;33;52;41;52;0;1;0;1;5;3;0;1;1;5;5;3;0;0;0;0;0;;0;0;0;0;0;0;1;1;3;2;4;4;7;6;8;12;3;52;9;64;9;40;11;84;11;20;21;64;21;40;29;84;29;20;33;52;41;52;0;1;1;3;2;4;4;7;6;8;12;3;52;9;64;9;40;11;84;11;20;21;64;21;40;29;84;29;20;33;52;41;52;0;1;1;3;2;4;4;7;6;8;12;3;52;9;64;9;40;11;84;11;20;21;64;21;40;29;84;29;20;33;52;41;52;0;0;0;1;7;2;1;1;0;3;8;3;0;0;0;0;0;;0;0;0;0;0;0;1;1;3;2;4;4;7;6;8;12;3;52;11;64;11;40;13;88;13;16;21;64;21;40;31;84;31;20;31;52;43;52;0;1;1;3;2;4;4;7;6;8;12;3;52;13;64;13;40;15;92;15;12;25;64;25;40;33;84;33;20;33;52;45;52;0;1;1;3;2;4;4;7;6;8;12;3;52;9;64;9;40;11;84;11;20;21;64;21;40;29;84;29;20;33;52;41;52;0;1;0;1;5;3;0;1;1;5;5;3;0;0;0;0;0;;0;0;0;0;0;0;1;2;3;4;5;6;7;8;9;10;11;12;13;14;15;16;17;18;19;20;21;22;23;24;25;26;27;28;29;30;31;2;9;9;9;9;9;5;255;255;255;0;0;0;0;
2615;0;1;1;3;2;5;5;7;6;12;12;3;52;11;64;11;40;13;88;13;16;25;64;25;40;25;88;25;16;43;64;43;40;0;1;1;3;2;4;4;7;6;8;12;3;52;11;64;11;40;13;88;13;16;21;64;21;40;31;84;31;20;33;52;43;52;0;1;1;3;2;4;4;7;6;8;12;3;52;11;64;11;40;11;88;11;16;19;64;19;40;29;84;29;20;31;52;43;52;1;0;1;0;4;3;1;0;1;4;5;3;0;0;0;0;0;;0;0;0;0;0;0;1;1;3;2;4;4;7;6;8;12;3;52;11;64;11;40;11;88;11;16;19;64;19;40;29;84;29;20;31;52;43;52;0;1;1;3;2;4;4;7;6;8;12;3;52;11;64;11;40;11;88;11;16;19;64;19;40;29;84;29;20;31;52;43;52;0;1;1;3;2;4;4;7;6;8;12;3;52;11;64;11;40;11;88;11;16;19;64;19;40;29;84;29;20;31;52;43;52;0;0;1;0;3;1;1;0;1;5;5;3;0;0;0;0;0;;0;0;0;0;0;0;1;1;3;2;5;5;7;6;12;12;3;52;11;64;11;40;13;88;13;16;25;64;25;40;25;88;25;16;43;64;43;40;0;1;1;3;2;4;4;7;6;8;12;3;52;11;64;11;40;13;88;13;16;21;64;21;40;31;84;31;20;33;52;43;52;0;1;1;3;2;4;4;7;6;8;12;3;52;11;64;11;40;11;88;11;16;19;64;19;40;29;84;29;20;31;52;43;52;1;0;1;0;4;3;1;0;1;4;5;3;0;0;0;0;0;;0;0;0;0;0;0;1;2;3;4;5;6;7;8;9;10;11;12;13;14;15;16;17;18;19;20;21;22;23;24;25;26;27;28;29;30;31;5;8;5;8;7;10;7;255;255;255;0;0;0;0;
2689;0;1;1;1;4;4;7;6;8;12;12;3;52;9;72;7;52;9;31;21;58;22;41;25;87;23;13;32;47;40;67;43;38;0;1;1;1;4;4;7;6;8;12;12;3;52;9;72;7;52;9;31;21;58;22;41;25;87;23;13;32;47;40;67;43;38;0;1;1;1;4;4;7;6;8;12;12;3;52;9;72;7;52;9;31;21;58;22;41;25;87;23;13;32;47;40;67;43;38;0;1;1;0;5;2;0;0;0;5;5;2;0;0;0;0;0;;0;0;0;0;0;0;1;1;1;4;4;7;6;8;12;12;3;52;9;72;7;52;9;31;21;58;22;41;25;87;23;13;32;47;40;67;43;38;0;1;1;1;4;4;7;6;8;12;12;3;52;9;72;7;52;9;31;21;58;22;41;25;87;23;13;32;47;40;67;43;38;0;1;1;1;4;4;7;6;8;12;12;3;52;9;72;7;52;9;31;21;58;22;41;25;87;23;13;32;47;40;67;43;38;0;1;1;0;4;1;1;0;1;7;7;2;0;0;0;0;0;;0;0;0;0;0;0;1;1;1;4;4;7;6;8;12;12;3;52;9;72;7;52;9;31;21;58;22;41;25;87;23;13;32;47;40;67;43;38;0;1;1;1;4;4;7;6;8;12;12;3;52;9;72;7;52;9;31;21;58;22;41;25;87;23;13;32;47;40;67;43;38;0;1;1;1;4;4;7;6;8;12;12;3;52;9;72;7;52;9;31;21;58;22;41;25;87;23;13;32;47;40;67;43;38;0;1;1;0;5;2;0;0;0;5;5;2;0;0;0;0;0;;0;0;0;0;0;0;1;2;3;4;5;6;7;8;9;10;11;12;13;14;15;16;17;18;19;20;21;22;23;24;25;26;27;28;29;30;31;4;4;4;4;4;4;8;255;255;255;0;0;0;0;
2690;0;1;1;3;2;4;4;7;6;8;12;3;52;9;62;9;41;14;90;13;13;21;59;23;43;29;84;30;18;31;51;40;53;0;1;1;3;2;4;4;7;6;8;12;3;52;9;62;9;41;14;90;13;13;21;59;23;43;29;84;30;18;31;51;40;53;0;1;1;3;2;4;4;7;6;8;12;3;52;9;62;9;41;14;90;13;13;21;59;23;43;29;84;30;18;31;51;40;53;1;1;1;0;7;2;0;0;1;4;6;2;0;0;0;0;0;;0;0;0;0;0;0;1;1;3;2;4;4;7;6;8;12;3;52;9;62;9;41;14;90;13;13;21;59;23;43;29;84;30;18;31;51;40;53;0;1;1;3;2;4;4;7;6;8;12;3;52;9;62;9;41;14;90;13;13;21;59;23;43;29;84;30;18;31;51;40;53;0;1;1;3;2;4;4;7;6;8;12;3;52;9;62;9;41;14;90;13;13;21;59;23;43;29;84;30;18;31;51;40;53;0;1;1;0;5;2;1;0;1;5;6;2;0;0;0;0;0;;0;0;0;0;0;0;1;1;3;2;4;4;7;6;8;12;3;52;9;62;9;41;14;90;13;13;21;59;23;43;29;84;30;18;31;51;40;53;0;1;1;3;2;4;4;7;6;8;12;3;52;9;62;9;41;14;90;13;13;21;59;23;43;29;84;30;18;31;51;40;53;0;1;1;3;2;4;4;7;6;8;12;3;52;9;62;9;41;14;90;13;13;21;59;23;43;29;84;30;18;31;51;40;53;1;1;1;0;7;2;0;0;1;4;6;2;0;0;0;0;0;;0;0;0;0;0;0;1;2;3;4;5;6;7;8;9;10;11;12;13;14;15;16;17;18;19;20;21;22;23;24;25;26;27;28;29;30;31;6;6;6;6;6;6;7;255;255;255;0;0;0;0;
2691;0;1;1;3;2;4;4;7;6;8;12;3;52;11;62;11;42;14;91;14;14;21;62;23;42;31;90;32;18;31;52;40;53;0;1;1;3;2;4;4;7;6;8;12;3;52;11;62;11;42;14;91;14;14;21;62;23;42;31;90;32;18;31;52;40;53;0;1;1;3;2;4;4;7;6;8;12;3;52;11;62;11;42;14;91;14;14;21;62;23;42;31;90;32;18;31;52;40;53;1;0;1;0;7;2;0;0;1;8;8;2;0;0;0;0;0;;0;0;0;0;0;0;1;1;3;2;4;4;7;6;8;12;3;52;11;62;11;42;14;91;14;14;21;62;23;42;31;90;32;18;31;52;40;53;0;1;1;3;2;4;4;7;6;8;12;3;52;11;62;11;42;14;91;14;14;21;62;23;42;31;90;32;18;31;52;40;53;0;1;1;3;2;4;4;7;6;8;12;3;52;11;62;11;42;14;91;14;14;21;62;23;42;31;90;32;18;31;52;40;53;1;1;1;1;4;1;1;0;0;4;7;3;0;0;0;0;0;;0;0;0;0;0;0;1;1;3;2;4;4;7;6;8;12;3;52;11;62;11;42;14;91;14;14;21;62;23;42;31;90;32;18;31;52;40;53;0;1;1;3;2;4;4;7;6;8;12;3;52;11;62;11;42;14;91;14;14;21;62;23;42;31;90;32;18;31;52;40;53;0;1;1;3;2;4;4;7;6;8;12;3;52;11;62;11;42;14;91;14;14;21;62;23;42;31;90;32;18;31;52;40;53;1;0;1;0;7;2;0;0;1;8;8;2;0;0;0;0;0;;0;0;0;0;0;0;1;2;3;4;5;6;7;8;9;10;11;12;13;14;15;16;17;18;19;20;21;22;23;24;25;26;27;28;29;30;31;9;9;9;9;9;9;6;255;255;255;0;0;0;0;
2692;0;1;1;3;2;4;7;6;8;12;12;3;52;10;62;10;42;14;90;11;16;19;52;25;84;23;20;32;53;41;68;40;36;0;1;1;3;2;4;7;6;8;12;12;3;52;10;62;10;42;14;90;11;16;19;52;25;84;23;20;32;53;41;68;40;36;0;1;1;3;2;4;7;6;8;12;12;3;52;10;62;10;42;14;90;11;16;19;52;25;84;23;20;32;53;41;68;40;36;0;0;0;1;6;2;0;0;1;6;7;2;0;0;0;0;0;;0;0;0;0;0;0;1;1;3;2;4;7;6;8;12;12;3;52;10;62;10;42;14;90;11;16;19;52;25;84;23;20;32;53;41;68;40;36;0;1;1;3;2;4;7;6;8;12;12;3;52;10;62;10;42;14;90;11;16;19;52;25;84;23;20;32;53;41;68;40;36;0;1;1;3;2;4;7;6;8;12;12;3;52;10;62;10;42;14;90;11;16;19;52;25;84;23;20;32;53;41;68;40;36;1;1;0;0;3;1;1;1;0;3;5;3;0;0;0;0;0;;0;0;0;0;0;0;1;1;3;2;4;7;6;8;12;12;3;52;10;62;10;42;14;90;11;16;19;52;25;84;23;20;32;53;41;68;40;36;0;1;1;3;2;4;7;6;8;12;12;3;52;10;62;10;42;14;90;11;16;19;52;25;84;23;20;32;53;41;68;40;36;0;1;1;3;2;4;7;6;8;12;12;3;52;10;62;10;42;14;90;11;16;19;52;25;84;23;20;32;53;41;68;40;36;0;0;0;1;6;2;0;0;1;6;7;2;0;0;0;0;0;;0;0;0;0;0;0;1;2;3;4;5;6;7;8;9;10;11;12;13;14;15;16;17;18;19;20;21;22;23;24;25;26;27;28;29;30;31;6;6;6;6;6;6;7;255;255;255;0;0;0;0;
2693;0;1;1;3;2;4;4;7;6;8;12;3;52;11;62;11;42;14;91;14;14;21;61;21;43;31;90;32;18;31;52;40;53;0;1;1;3;2;4;4;7;6;8;12;3;52;11;62;11;42;14;91;14;14;21;61;21;43;31;90;32;18;31;52;40;53;0;1;1;3;2;4;4;7;6;8;12;3;52;11;62;11;42;14;91;14;14;21;61;21;43;31;90;32;18;31;52;40;53;0;0;1;0;5;3;1;1;0;3;6;2;0;0;0;0;0;;0;0;0;0;0;0;1;1;3;2;4;4;7;6;8;12;3;52;11;62;11;42;14;91;14;14;21;61;21;43;31;90;32;18;31;52;40;53;0;1;1;3;2;4;4;7;6;8;12;3;52;11;62;11;42;14;91;14;14;21;61;21;43;31;90;32;18;31;52;40;53;0;1;1;3;2;4;4;7;6;8;12;3;52;11;62;11;42;14;91;14;14;21;61;21;43;31;90;32;18;31;52;40;53;0;0;1;0;6;2;1;1;0;5;8;3;0;0;0;0;0;;0;0;0;0;0;0;1;1;3;2;4;4;7;6;8;12;3;52;11;62;11;42;14;91;14;14;21;61;21;43;31;90;32;18;31;52;40;53;0;1;1;3;2;4;4;7;6;8;12;3;52;11;62;11;42;14;91;14;14;21;61;21;43;31;90;32;18;31;52;40;53;0;1;1;3;2;4;4;7;6;8;12;3;52;11;62;11;42;14;91;14;14;21;61;21;43;31;90;32;18;31;52;40;53;0;0;1;0;5;3;1;1;0;3;6;2;0;0;0;0;0;;0;0;0;0;0;0;1;2;3;4;5;6;7;8;9;10;11;12;13;14;15;16;17;18;19;20;21;22;23;24;25;26;27;28;29;30;31;9;9;9;9;9;9;6;255;255;255;0;0;0;0;
2694;0;1;1;3;2;4;4;7;6;11;12;3;52;8;65;8;39;12;91;12;13;21;63;20;42;27;84;27;20;37;39;41;65;0;1;1;3;2;4;4;7;6;11;12;3;52;8;65;8;39;12;91;12;13;21;63;20;42;27;84;27;20;37;39;41;65;0;1;1;3;2;4;4;7;6;11;12;3;52;8;65;8;39;12;91;12;13;21;63;20;42;27;84;27;20;37;39;41;65;1;1;1;0;6;3;1;0;1;3;2;2;0;0;0;0;0;;0;0;0;0;0;0;1;1;3;2;4;4;7;6;11;12;3;52;8;65;8;39;12;91;12;13;21;63;20;42;27;84;27;20;37;39;41;65;0;1;1;3;2;4;4;7;6;11;12;3;52;8;65;8;39;12;91;12;13;21;63;20;42;27;84;27;20;37;39;41;65;0;1;1;3;2;4;4;7;6;11;12;3;52;8;65;8;39;12;91;12;13;21;63;20;42;27;84;27;20;37;39;41;65;1;1;1;0;4;2;0;0;1;4;3;2;0;0;0;0;0;;0;0;0;0;0;0;1;1;3;2;4;4;7;6;11;12;3;52;8;65;8;39;12;91;12;13;21;63;20;42;27;84;27;20;37;39;41;65;0;1;1;3;2;4;4;7;6;11;12;3;52;8;65;8;39;12;91;12;13;21;63;20;42;27;84;27;20;37;39;41;65;0;1;1;3;2;4;4;7;6;11;12;3;52;8;65;8;39;12;91;12;13;21;63;20;42;27;84;27;20;37;39;41;65;1;1;1;0;6;3;1;0;1;3;2;2;0;0;0;0;0;;0;0;0;0;0;0;1;2;3;4;5;6;7;8;9;10;11;12;13;14;15;16;17;18;19;20;21;22;23;24;25;26;27;28;29;30;31;7;7;7;7;7;7;6;255;255;255;0;0;0;0;
2695;0;1;1;3;2;4;5;5;10;9;12;3;52;11;64;11;40;13;88;13;16;19;52;26;68;26;36;41;84;41;20;43;52;0;1;1;3;2;4;4;7;6;11;12;3;52;10;65;10;39;13;91;13;13;21;62;21;42;25;84;25;20;37;61;41;39;0;1;1;3;2;4;4;7;6;11;12;3;52;10;65;10;39;13;91;13;13;21;62;21;42;25;84;25;20;37;61;41;39;0;0;0;1;8;1;1;1;1;3;4;2;0;1122944768;1122944768;1122944768;1122944768;;0;0;10;65;10;0;1;1;3;2;4;4;7;6;11;12;3;52;10;65;10;39;13;91;13;13;21;62;21;42;25;84;25;20;37;61;41;39;0;1;1;3;2;4;4;7;6;11;12;3;52;10;65;10;39;13;91;13;13;21;62;21;42;25;84;25;20;37;61;41;39;0;1;1;3;2;4;4;7;6;11;12;3;52;10;65;10;39;13;91;13;13;21;62;21;42;25;84;25;20;37;61;41;39;0;0;0;1;9;1;1;1;1;10;5;3;0;1122944768;1122944768;1122944768;1122944768;;0;0;37;61;41;0;1;1;3;2;4;4;7;6;11;12;3;52;10;65;10;39;13;91;13;13;21;62;21;42;25;84;25;20;37;61;41;39;0;1;1;3;2;4;4;7;6;11;12;3;52;10;65;10;39;13;91;13;13;21;62;21;42;25;84;25;20;37;61;41;39;0;1;1;3;2;4;4;7;6;11;12;3;52;10;65;10;39;13;91;13;13;21;62;21;42;25;84;25;20;37;61;41;39;0;0;0;1;8;1;1;1;1;3;4;2;0;1122944768;1122944768;1122944768;1122944768;;255;255;0;0;0;9;16;12;22;19;13;24;1;26;7;27;20;25;21;0;2;10;15;11;23;3;17;6;4;18;5;8;14;28;29;30;31;9;24;24;24;24;24;7;16;22;27;0;0;0;0;
2696;0;1;1;3;2;4;4;7;6;8;12;3;52;10;64;10;42;13;88;12;18;21;62;22;41;30;88;30;20;32;52;42;52;0;1;1;3;2;4;4;7;6;8;12;3;52;10;64;10;42;13;88;12;18;21;62;22;41;30;88;30;20;32;52;42;52;0;1;1;3;2;4;4;7;6;8;12;3;52;10;64;10;42;13;88;12;18;21;62;22;41;30;88;30;20;32;52;42;52;0;0;1;0;10;1;1;1;1;1;5;2;0;0;0;0;0;;0;0;0;0;0;0;1;1;3;2;4;4;7;6;8;12;3;52;10;64;10;42;13;88;12;18;21;62;22;41;30;88;30;20;32;52;42;52;0;1;1;3;2;4;4;7;6;8;12;3;52;10;64;10;42;13;88;12;18;21;62;22;41;30;88;30;20;32;52;42;52;0;1;1;3;2;4;4;7;6;8;12;3;52;10;64;10;42;13;88;12;18;21;62;22;41;30;88;30;20;32;52;42;52;0;0;1;0;9;1;1;1;1;1;7;2;0;0;0;0;0;;0;0;0;0;0;0;1;1;3;2;4;4;7;6;8;12;3;52;10;64;10;42;13;88;12;18;21;62;22;41;30;88;30;20;32;52;42;52;0;1;1;3;2;4;4;7;6;8;12;3;52;10;64;10;42;13;88;12;18;21;62;22;41;30;88;30;20;32;52;42;52;0;1;1;3;2;4;4;7;6;8;12;3;52;10;64;10;42;13;88;12;18;21;62;22;41;30;88;30;20;32;52;42;52;0;0;1;0;10;1;1;1;1;1;5;2;0;0;0;0;0;;0;0;0;0;0;0;1;2;3;4;5;6;7;8;9;10;11;12;13;14;15;16;17;18;19;20;21;22;23;24;25;26;27;28;29;30;31;2;2;2;2;2;2;9;255;255;255;0;0;0;0;
2697;0;1;1;3;2;4;4;8;10;9;12;3;52;8;60;8;44;10;84;10;20;21;60;21;44;31;52;37;84;36;20;41;52;0;1;1;3;2;4;4;8;10;9;12;3;52;8;60;8;44;10;84;10;20;21;60;21;44;31;52;37;84;36;20;41;52;0;1;1;3;2;4;4;8;10;9;12;3;52;8;60;8;44;10;84;10;20;21;60;21;44;31;52;37;84;36;20;41;52;1;1;0;0;4;3;0;1;0;8;5;3;0;0;0;0;0;;0;0;0;0;0;0;1;1;3;2;4;4;8;10;9;12;3;52;8;60;8;44;10;84;10;20;21;60;21;44;31;52;37;84;36;20;41;52;0;1;1;3;2;4;4;8;10;9;12;3;52;8;60;8;44;10;84;10;20;21;60;21;44;31;52;37;84;36;20;41;52;0;1;1;3;2;4;4;8;10;9;12;3;52;8;60;8;44;10;84;10;20;21;60;21;44;31;52;37;84;36;20;41;52;1;1;0;0;4;3;0;1;1;8;5;3;0;0;0;0;0;;0;0;0;0;0;0;1;1;3;2;4;4;8;10;9;12;3;52;8;60;8;44;10;84;10;20;21;60;21;44;31;52;37;84;36;20;41;52;0;1;1;3;2;4;4;8;10;9;12;3;52;8;60;8;44;10;84;10;20;21;60;21;44;31;52;37;84;36;20;41;52;0;1;1;3;2;4;4;8;10;9;12;3;52;8;60;8;44;10;84;10;20;21;60;21;44;31;52;37;84;36;20;41;52;1;1;0;0;4;3;0;1;0;8;5;3;0;0;0;0;0;;0;0;0;0;0;0;1;2;3;4;5;6;7;8;9;10;11;12;13;14;15;16;17;18;19;20;21;22;23;24;25;26;27;28;29;30;31;4;4;4;4;4;4;6;255;255;255;0;0;0;0;
2698;0;1;1;3;2;5;5;7;6;11;12;3;52;10;62;10;42;11;86;11;17;23;62;23;41;25;86;25;16;36;59;41;40;0;1;1;3;2;5;5;7;6;11;12;3;52;10;62;10;42;11;86;11;17;23;62;23;41;25;86;25;16;36;59;41;40;0;1;1;3;2;5;5;7;6;11;12;3;52;10;62;10;42;11;86;11;17;23;62;23;41;25;86;25;16;36;59;41;40;0;1;1;1;7;3;1;0;1;5;5;3;0;0;0;0;0;;0;0;0;0;0;0;1;1;3;2;5;5;7;6;11;12;3;52;10;62;10;42;11;86;11;17;23;62;23;41;25;86;25;16;36;59;41;40;0;1;1;3;2;5;5;7;6;11;12;3;52;10;62;10;42;11;86;11;17;23;62;23;41;25;86;25;16;36;59;41;40;0;1;1;3;2;5;5;7;6;11;12;3;52;10;62;10;42;11;86;11;17;23;62;23;41;25;86;25;16;36;59;41;40;0;1;1;1;7;3;1;0;1;5;5;3;0;0;0;0;0;;0;0;0;0;0;0;1;1;3;2;5;5;7;6;11;12;3;52;10;62;10;42;11;86;11;17;23;62;23;41;25;86;25;16;36;59;41;40;0;1;1;3;2;5;5;7;6;11;12;3;52;10;62;10;42;11;86;11;17;23;62;23;41;25;86;25;16;36;59;41;40;0;1;1;3;2;5;5;7;6;11;12;3;52;10;62;10;42;11;86;11;17;23;62;23;41;25;86;25;16;36;59;41;40;0;1;1;1;7;3;1;0;1;5;5;3;0;0;0;0;0;;0;0;0;0;0;0;1;2;3;4;5;6;7;8;9;10;11;12;13;14;15;16;17;18;19;20;21;22;23;24;25;26;27;28;29;30;31;4;4;4;4;4;4;2;255;255;255;0;0;0;0;
2703;0;1;1;3;2;4;5;5;8;11;12;3;52;11;64;11;40;13;88;13;16;19;52;27;68;27;36;33;52;41;64;43;40;0;1;1;3;2;4;5;7;8;12;12;3;52;11;64;11;40;15;86;15;18;21;64;23;40;34;88;30;24;41;64;41;40;0;1;1;3;2;4;5;7;8;12;12;3;52;11;64;11;40;15;86;15;18;21;64;23;40;34;88;30;24;41;64;41;40;1;1;0;0;4;3;1;0;0;4;6;1;0;1122944768;1122944768;1122944768;1122944768;;0;0;11;64;11;0;1;1;3;2;4;5;7;8;12;12;3;52;11;64;11;40;15;86;15;18;21;64;23;40;34;88;30;24;41;64;41;40;0;1;1;3;2;4;5;7;8;12;12;3;52;11;64;11;40;15;86;15;18;21;64;23;40;34;88;30;24;41;64;41;40;0;1;1;3;2;4;5;7;8;12;12;3;52;11;64;11;40;15;86;15;18;21;64;23;40;34;88;30;24;41;64;41;40;1;1;0;0;3;3;1;0;0;3;7;3;0;1122944768;1122944768;1122944768;1122944768;;0;0;41;64;41;0;1;1;3;2;4;5;7;8;12;12;3;52;11;64;11;40;15;86;15;18;21;64;23;40;34;88;30;24;41;64;41;40;0;1;1;3;2;4;5;7;8;12;12;3;52;11;64;11;40;15;86;15;18;21;64;23;40;34;88;30;24;41;64;41;40;0;1;1;3;2;4;5;7;8;12;12;3;52;11;64;11;40;15;86;15;18;21;64;23;40;34;88;30;24;41;64;41;40;1;1;0;0;4;3;1;0;0;4;6;1;0;1122944768;1122944768;1122944768;1122944768;;255;255;0;0;0;28;18;29;25;0;11;3;2;27;4;5;6;19;8;1;17;9;10;12;20;13;15;14;22;26;7;16;21;23;24;30;31;27;27;11;27;27;27;3;29;18;5;0;0;0;0;
2704;0;1;1;7;6;4;5;5;10;9;12;3;52;11;64;11;40;25;92;25;12;25;52;25;72;25;32;41;84;41;20;41;52;0;1;1;3;2;4;7;6;8;12;12;3;52;11;64;11;40;13;86;15;18;19;52;26;84;26;20;34;52;41;64;41;40;0;1;1;3;2;4;7;6;8;12;12;3;52;11;64;11;40;13;86;15;18;19;52;26;84;26;20;34;52;41;64;41;40;0;1;1;1;6;3;0;0;1;7;5;1;0;1122944768;1122944768;1122944768;1122944768;;0;0;11;64;11;0;1;1;3;2;4;7;6;8;12;12;3;52;11;64;11;40;13;86;15;18;19;52;26;84;26;20;34;52;41;64;41;40;0;1;1;3;2;4;7;6;8;12;12;3;52;11;64;11;40;13;86;15;18;19;52;26;84;26;20;34;52;41;64;41;40;0;1;1;3;2;4;7;6;8;12;12;3;52;11;64;11;40;13;86;15;18;19;52;26;84;26;20;34;52;41;64;41;40;0;1;1;1;5;3;0;0;1;5;7;3;0;1122944768;1122944768;1122944768;1122944768;;0;0;41;64;41;0;1;1;3;2;4;7;6;8;12;12;3;52;11;64;11;40;13;86;15;18;19;52;26;84;26;20;34;52;41;64;41;40;0;1;1;3;2;4;7;6;8;12;12;3;52;11;64;11;40;13;86;15;18;19;52;26;84;26;20;34;52;41;64;41;40;0;1;1;3;2;4;7;6;8;12;12;3;52;11;64;11;40;13;86;15;18;19;52;26;84;26;20;34;52;41;64;41;40;0;1;1;1;6;3;0;0;1;7;5;1;0;1122944768;1122944768;1122944768;1122944768;;255;255;0;0;0;0;4;5;18;17;10;15;13;21;19;24;1;3;2;7;9;8;11;12;20;22;23;25;6;14;16;26;27;28;29;30;31;19;19;15;19;19;19;24;5;4;21;0;0;0;0;
2708;0;1;1;1;3;2;4;5;5;12;12;3;52;11;52;11;72;11;32;15;88;15;16;21;52;27;68;27;36;43;64;43;40;0;1;1;1;3;2;4;5;5;12;12;3;52;11;52;11;72;11;32;15;88;15;16;21;52;27;68;27;36;43;64;43;40;0;1;1;1;3;2;4;5;5;12;12;3;52;11;52;11;72;11;32;15;88;15;16;21;52;27;68;27;36;43;64;43;40;0;0;0;0;1;2;0;0;0;1;1;2;0;0;0;0;0;;0;0;0;0;0;0;1;1;1;3;2;4;5;5;12;12;3;52;11;52;11;72;11;32;15;88;15;16;21;52;27;68;27;36;43;64;43;40;0;1;1;1;3;2;4;5;5;12;12;3;52;11;52;11;72;11;32;15;88;15;16;21;52;27;68;27;36;43;64;43;40;0;1;1;1;3;2;4;5;5;12;12;3;52;11;52;11;72;11;32;15;88;15;16;21;52;27;68;27;36;43;64;43;40;0;0;0;0;1;2;0;0;0;1;1;2;0;0;0;0;0;;0;0;0;0;0;0;1;1;1;3;2;4;5;5;12;12;3;52;11;52;11;72;11;32;15;88;15;16;21;52;27;68;27;36;43;64;43;40;0;1;1;1;3;2;4;5;5;12;12;3;52;11;52;11;72;11;32;15;88;15;16;21;52;27;68;27;36;43;64;43;40;0;1;1;1;3;2;4;5;5;12;12;3;52;11;52;11;72;11;32;15;88;15;16;21;52;27;68;27;36;43;64;43;40;0;0;0;0;1;2;0;0;0;1;1;2;0;0;0;0;0;;0;0;0;0;0;0;1;2;3;4;5;6;7;8;9;10;11;12;13;14;15;16;17;18;19;20;21;22;23;24;25;26;27;28;29;30;31;6;5;5;5;5;5;6;255;255;255;0;0;0;0;
2714;0;1;1;3;2;5;5;7;6;12;12;3;52;11;64;11;40;13;88;13;16;25;64;25;40;25;88;25;16;43;64;43;40;0;1;1;3;2;5;5;7;6;12;12;3;52;11;64;11;40;13;88;13;16;25;64;25;40;25;88;25;16;43;64;43;40;0;1;1;3;2;5;5;7;6;12;12;3;52;11;64;11;40;13;88;13;16;25;64;25;40;25;88;25;16;43;64;43;40;0;0;0;0;5;2;0;1;0;5;2;2;0;0;0;0;0;;0;0;0;0;0;0;1;1;3;2;5;5;7;6;12;12;3;52;11;64;11;40;13;88;13;16;25;64;25;40;25;88;25;16;43;64;43;40;0;1;1;3;2;5;5;7;6;12;12;3;52;11;64;11;40;13;88;13;16;25;64;25;40;25;88;25;16;43;64;43;40;0;1;1;3;2;5;5;7;6;12;12;3;52;11;64;11;40;13;88;13;16;25;64;25;40;25;88;25;16;43;64;43;40;0;0;0;0;5;2;1;1;1;5;5;2;0;0;0;0;0;;0;0;0;0;0;0;1;1;3;2;5;5;7;6;12;12;3;52;11;64;11;40;13;88;13;16;25;64;25;40;25;88;25;16;43;64;43;40;0;1;1;3;2;5;5;7;6;12;12;3;52;11;64;11;40;13;88;13;16;25;64;25;40;25;88;25;16;43;64;43;40;0;1;1;3;2;5;5;7;6;12;12;3;52;11;64;11;40;13;88;13;16;25;64;25;40;25;88;25;16;43;64;43;40;0;0;0;0;5;2;0;1;0;5;2;2;0;0;0;0;0;;0;0;0;0;0;0;1;2;3;4;5;6;7;8;9;10;11;12;13;14;15;16;17;18;19;20;21;22;23;24;25;26;27;28;29;30;31;2;8;8;8;8;10;4;255;255;255;0;0;0;0;
2719;0;1;1;3;2;5;5;7;6;12;12;3;52;11;64;11;40;13;88;13;16;25;64;25;40;31;88;31;16;43;64;43;40;0;1;1;3;2;5;5;7;6;8;12;3;52;11;64;11;40;13;88;13;16;23;64;23;40;31;84;31;20;31;52;41;52;0;1;1;3;2;5;5;7;6;8;12;3;52;11;64;11;40;13;88;13;16;19;64;19;40;27;84;27;20;31;52;41;52;0;0;0;0;3;2;1;0;0;4;7;1;0;0;0;0;0;;0;0;11;64;11;0;1;1;3;2;5;5;7;6;8;12;3;52;11;64;11;40;13;88;13;16;19;64;19;40;27;84;27;20;31;52;41;52;0;1;1;3;2;5;5;7;6;8;12;3;52;11;64;11;40;13;88;13;16;19;64;19;40;27;84;27;20;31;52;41;52;0;1;1;3;2;5;5;7;6;8;12;3;52;11;64;11;40;13;88;13;16;19;64;19;40;27;84;27;20;31;52;41;52;0;0;0;0;7;2;1;0;0;4;5;2;0;0;0;0;0;;0;0;31;52;41;0;1;1;3;2;5;5;7;6;8;12;3;52;11;64;11;40;13;88;13;16;21;64;21;40;29;84;29;20;31;52;41;52;0;1;1;3;2;5;5;7;6;8;12;3;52;11;64;11;40;13;88;13;16;23;64;23;40;31;84;31;20;31;52;41;52;0;1;1;3;2;5;5;7;6;8;12;3;52;11;64;11;40;13;88;13;16;19;64;19;40;27;84;27;20;31;52;41;52;0;0;0;0;3;2;1;0;0;4;7;1;0;0;0;0;0;;255;255;0;0;0;0;1;2;3;4;5;6;7;8;9;10;11;12;13;14;15;16;17;18;19;20;21;22;23;24;25;26;27;28;29;30;31;3;8;5;5;5;10;10;2;1;10;0;0;0;0;
2722;0;1;1;1;5;5;7;6;11;11;12;3;52;11;52;11;72;11;32;25;64;25;40;31;88;31;16;37;68;37;36;43;52;0;1;1;3;2;5;5;7;6;12;12;3;52;11;64;11;40;13;88;13;16;21;64;21;40;31;84;31;20;43;64;43;40;0;1;1;3;2;5;5;7;6;12;12;3;52;11;64;11;40;13;88;13;16;21;64;21;40;31;84;31;20;43;64;43;40;1;1;1;1;6;3;0;0;0;5;5;3;0;0;0;0;0;;0;0;11;64;11;0;1;1;3;2;5;5;7;6;12;12;3;52;11;64;11;40;13;88;13;16;21;64;21;40;31;84;31;20;43;64;43;40;0;1;1;3;2;5;5;7;6;12;12;3;52;11;64;11;40;13;88;13;16;21;64;21;40;31;84;31;20;43;64;43;40;0;1;1;3;2;5;5;7;6;12;12;3;52;11;64;11;40;13;88;13;16;21;64;21;40;31;84;31;20;43;64;43;40;0;0;0;1;3;3;1;1;0;3;7;3;0;0;0;0;0;;0;0;43;64;43;0;1;1;3;2;5;5;7;6;12;12;3;52;11;64;11;40;13;88;13;16;25;64;25;40;25;88;25;16;43;64;43;40;0;1;1;3;2;5;5;7;6;12;12;3;52;11;64;11;40;13;88;13;16;21;64;21;40;31;84;31;20;43;64;43;40;0;1;1;3;2;5;5;7;6;12;12;3;52;11;64;11;40;13;88;13;16;21;64;21;40;31;84;31;20;43;64;43;40;1;1;1;1;6;3;0;0;0;5;5;3;0;0;0;0;0;;255;255;0;0;0;0;1;2;3;4;5;6;7;8;9;10;11;12;13;14;15;16;17;18;19;20;21;22;23;24;25;26;27;28;29;30;31;3;4;4;8;4;4;8;2;1;10;0;0;0;0;
2729;0;1;1;3;2;5;5;7;6;12;12;3;52;11;64;11;40;13;88;13;16;25;64;25;40;29;84;29;20;41;64;41;40;0;1;1;3;2;5;5;7;6;12;12;3;52;11;64;11;40;13;88;13;16;25;64;25;40;31;84;31;20;43;64;43;40;0;1;1;3;2;5;5;7;6;12;12;3;52;11;64;11;40;13;88;13;16;21;64;21;40;27;84;27;20;41;64;41;40;1;1;0;1;6;2;0;1;0;4;4;3;0;0;0;0;0;;0;0;0;0;0;0;1;1;3;2;5;5;7;6;12;12;3;52;11;64;11;40;13;88;13;16;21;64;21;40;27;84;27;20;41;64;41;40;0;1;1;3;2;5;5;7;6;12;12;3;52;11;64;11;40;13;88;13;16;21;64;21;40;27;84;27;20;41;64;41;40;0;1;1;3;2;5;5;7;6;12;12;3;52;11;64;11;40;13;88;13;16;21;64;21;40;27;84;27;20;41;64;41;40;0;0;0;0;1;2;0;0;0;1;1;2;0;0;0;0;0;;0;0;0;0;0;0;1;1;3;2;5;5;7;6;12;12;3;52;11;64;11;40;13;88;13;16;25;64;25;40;29;84;29;20;41;64;41;40;0;1;1;3;2;5;5;7;6;12;12;3;52;11;64;11;40;13;88;13;16;25;64;25;40;31;84;31;20;43;64;43;40;0;1;1;3;2;5;5;7;6;12;12;3;52;11;64;11;40;13;88;13;16;21;64;21;40;27;84;27;20;41;64;41;40;1;1;0;1;6;2;0;1;0;4;4;3;0;0;0;0;0;;0;0;0;0;0;0;1;2;3;4;5;6;7;8;9;10;11;12;13;14;15;16;17;18;19;20;21;22;23;24;25;26;27;28;29;30;31;0;6;8;8;6;0;4;255;255;255;0;0;0;0;
4000;0;1;1;3;2;5;5;7;6;8;12;3;52;11;64;11;40;13;88;13;16;19;64;19;40;31;88;31;16;33;52;43;52;0;1;1;3;2;4;4;8;11;11;12;3;52;10;63;10;41;12;89;12;15;20;64;20;40;32;52;41;85;41;19;44;52;0;1;1;3;2;4;4;8;11;11;12;3;52;10;63;10;41;12;89;12;15;20;64;20;40;32;52;41;85;41;19;44;52;0;0;0;0;5;1;0;0;0;6;6;2;0;1122944768;1122944768;1122944768;1122944768;;0;0;10;63;10;0;1;1;3;2;4;4;8;11;11;12;3;52;10;63;10;41;12;89;12;15;20;64;20;40;32;52;41;85;41;19;44;52;0;1;1;3;2;4;4;8;11;11;12;3;52;10;63;10;41;12;89;12;15;20;64;20;40;32;52;41;85;41;19;44;52;0;1;1;3;2;4;4;8;11;11;12;3;52;10;63;10;41;12;89;12;15;20;64;20;40;32;52;41;85;41;19;44;52;1;1;0;0;6;1;1;0;0;7;7;3;0;1122944768;1122944768;1122944768;1122944768;;0;0;41;19;44;0;1;1;3;2;4;4;8;11;11;12;3;52;10;63;10;41;12;89;12;15;20;64;20;40;32;52;41;85;41;19;44;52;0;1;1;3;2;4;4;8;11;11;12;3;52;10;63;10;41;12;89;12;15;20;64;20;40;32;52;41;85;41;19;44;52;0;1;1;3;2;4;4;8;11;11;12;3;52;10;63;10;41;12;89;12;15;20;64;20;40;32;52;41;85;41;19;44;52;0;0;0;0;5;1;0;0;0;6;6;2;0;1122944768;1122944768;1122944768;1122944768;;255;255;0;0;0;24;14;19;21;13;3;0;7;28;27;15;20;25;26;22;5;6;8;23;29;9;18;10;1;11;2;4;16;12;17;30;31;14;27;0;27;27;27;3;14;21;15;0;0;0;0;
4001;0;1;1;3;2;4;4;7;6;8;12;3;52;10;63;10;41;12;89;12;15;18;64;18;40;30;86;30;18;32;52;43;52;0;1;1;3;2;4;4;7;6;8;12;3;52;10;63;10;41;12;89;12;15;18;64;18;40;30;86;30;18;32;52;43;52;0;1;1;3;2;4;4;7;6;8;12;3;52;10;63;10;41;12;89;12;15;18;64;18;40;30;86;30;18;32;52;43;52;0;0;0;1;5;1;1;0;0;7;6;2;0;0;0;0;0;;0;0;0;0;0;0;1;1;3;2;4;4;7;6;8;12;3;52;10;63;10;41;12;89;12;15;18;64;18;40;30;86;30;18;32;52;43;52;0;1;1;3;2;4;4;7;6;8;12;3;52;10;63;10;41;12;89;12;15;18;64;18;40;30;86;30;18;32;52;43;52;0;1;1;3;2;4;4;7;6;8;12;3;52;10;63;10;41;12;89;12;15;18;64;18;40;30;86;30;18;32;52;43;52;1;1;0;0;8;1;1;0;0;7;6;2;0;0;0;0;0;;0;0;0;0;0;0;1;1;3;2;4;4;7;6;8;12;3;52;10;63;10;41;12;89;12;15;18;64;18;40;30;86;30;18;32;52;43;52;0;1;1;3;2;4;4;7;6;8;12;3;52;10;63;10;41;12;89;12;15;18;64;18;40;30;86;30;18;32;52;43;52;0;1;1;3;2;4;4;7;6;8;12;3;52;10;63;10;41;12;89;12;15;18;64;18;40;30;86;30;18;32;52;43;52;0;0;0;1;5;1;1;0;0;7;6;2;0;0;0;0;0;;0;0;0;0;0;0;1;2;3;4;5;6;7;8;9;10;11;12;13;14;15;16;17;18;19;20;21;22;23;24;25;26;27;28;29;30;31;0;8;8;8;8;8;9;255;255;255;0;0;0;0;
4002;0;1;1;3;2;4;5;5;10;9;12;3;52;11;64;11;40;13;88;13;16;19;52;26;68;26;36;41;84;41;20;43;52;0;1;1;3;2;4;4;7;6;8;12;3;52;10;63;10;41;12;89;12;15;18;64;18;40;30;86;30;18;32;52;43;52;0;1;1;3;2;4;4;7;6;8;12;3;52;10;63;10;41;12;89;12;15;18;64;18;40;30;86;30;18;32;52;43;52;0;1;1;1;5;3;0;0;0;5;5;3;0;1122944768;1122944768;1122944768;1122944768;;0;0;10;63;10;0;1;1;3;2;4;4;7;6;8;12;3;52;10;63;10;41;12;89;12;15;18;64;18;40;30;86;30;18;32;52;43;52;0;1;1;3;2;4;4;7;6;8;12;3;52;10;63;10;41;12;89;12;15;18;64;18;40;30;86;30;18;32;52;43;52;0;1;1;3;2;4;4;7;6;8;12;3;52;10;63;10;41;12;89;12;15;18;64;18;40;30;86;30;18;32;52;43;52;0;0;0;0;6;3;1;1;0;4;6;3;0;1122944768;1122944768;1122944768;1122944768;;0;0;32;52;43;0;1;1;3;2;4;4;7;6;8;12;3;52;10;63;10;41;12;89;12;15;18;64;18;40;30;86;30;18;32;52;43;52;0;1;1;3;2;4;4;7;6;8;12;3;52;10;63;10;41;12;89;12;15;18;64;18;40;30;86;30;18;32;52;43;52;0;1;1;3;2;4;4;7;6;8;12;3;52;10;63;10;41;12;89;12;15;18;64;18;40;30;86;30;18;32;52;43;52;0;1;1;1;5;3;0;0;0;5;5;3;0;1122944768;1122944768;1122944768;1122944768;;255;255;0;0;0;24;14;12;9;2;3;0;13;5;25;7;23;8;10;20;4;21;6;15;26;18;22;16;11;1;29;27;19;17;28;30;31;5;5;0;5;5;0;0;3;14;7;0;0;0;0;
4003;0;1;1;3;2;4;4;7;6;12;12;3;52;11;64;11;40;13;88;13;16;21;64;21;40;31;88;31;16;43;64;43;40;0;1;1;3;2;4;4;7;6;8;12;3;52;10;63;10;41;12;89;12;15;18;64;18;40;30;86;30;18;32;52;43;52;0;1;1;3;2;4;4;7;6;8;12;3;52;10;63;10;41;12;89;12;15;18;64;18;40;30;86;30;18;32;52;43;52;0;0;0;1;6;1;0;1;1;4;4;2;0;1122944768;1122944768;1122944768;1122944768;;0;0;10;63;10;0;1;1;3;2;4;4;7;6;8;12;3;52;10;63;10;41;12;89;12;15;18;64;18;40;30;86;30;18;32;52;43;52;0;1;1;3;2;4;4;7;6;8;12;3;52;10;63;10;41;12;89;12;15;18;64;18;40;30;86;30;18;32;52;43;52;0;1;1;3;2;4;4;7;6;8;12;3;52;10;63;10;41;12;89;12;15;18;64;18;40;30;86;30;18;32;52;43;52;1;1;0;0;7;1;1;1;0;8;6;2;0;1122944768;1122944768;1122944768;1122944768;;0;0;32;52;43;0;1;1;3;2;4;4;7;6;8;12;3;52;10;63;10;41;12;89;12;15;18;64;18;40;30;86;30;18;32;52;43;52;0;1;1;3;2;4;4;7;6;8;12;3;52;10;63;10;41;12;89;12;15;18;64;18;40;30;86;30;18;32;52;43;52;0;1;1;3;2;4;4;7;6;8;12;3;52;10;63;10;41;12;89;12;15;18;64;18;40;30;86;30;18;32;52;43;52;0;0;0;1;6;1;0;1;1;4;4;2;0;1122944768;1122944768;1122944768;1122944768;;255;255;0;0;0;11;6;2;4;10;21;7;0;22;15;18;12;3;5;25;23;1;9;24;19;17;16;26;14;13;8;20;27;28;29;30;31;6;0;0;0;0;18;21;6;2;15;0;0;0;0;
4004;0;1;1;3;2;4;4;7;6;8;12;3;52;10;63;10;41;12;89;12;15;18;64;18;40;30;86;30;18;32;52;43;52;0;1;1;3;2;4;4;7;6;8;12;3;52;10;63;10;41;12;89;12;15;18;64;18;40;30;86;30;18;32;52;43;52;0;1;1;3;2;4;4;7;6;8;12;3;52;10;63;10;41;12;89;12;15;18;64;18;40;30;86;30;18;32;52;43;52;1;1;0;1;8;3;0;1;1;4;5;3;0;0;0;0;0;;0;0;0;0;0;0;1;1;3;2;4;4;7;6;8;12;3;52;10;63;10;41;12;89;12;15;18;64;18;40;30;86;30;18;32;52;43;52;0;1;1;3;2;4;4;7;6;8;12;3;52;10;63;10;41;12;89;12;15;18;64;18;40;30;86;30;18;32;52;43;52;0;1;1;3;2;4;4;7;6;8;12;3;52;10;63;10;41;12;89;12;15;18;64;18;40;30;86;30;18;32;52;43;52;0;0;0;0;7;2;1;0;1;4;7;3;0;0;0;0;0;;0;0;0;0;0;0;1;1;3;2;4;4;7;6;8;12;3;52;10;63;10;41;12;89;12;15;18;64;18;40;30;86;30;18;32;52;43;52;0;1;1;3;2;4;4;7;6;8;12;3;52;10;63;10;41;12;89;12;15;18;64;18;40;30;86;30;18;32;52;43;52;0;1;1;3;2;4;4;7;6;8;12;3;52;10;63;10;41;12;89;12;15;18;64;18;40;30;86;30;18;32;52;43;52;1;1;0;1;8;3;0;1;1;4;5;3;0;0;0;0;0;;0;0;0;0;0;0;1;2;3;4;5;6;7;8;9;10;11;12;13;14;15;16;17;18;19;20;21;22;23;24;25;26;27;28;29;30;31;9;9;9;9;9;9;8;255;255;255;0;0;0;0;
4005;0;1;1;3;2;4;4;8;8;12;12;3;52;10;63;10;41;12;89;12;15;18;64;18;40;30;82;30;22;41;80;43;24;0;1;1;3;2;4;4;8;8;12;12;3;52;10;63;10;41;12;89;12;15;18;64;18;40;30;82;30;22;41;80;43;24;0;1;1;3;2;4;4;8;8;12;12;3;52;10;63;10;41;12;89;12;15;18;64;18;40;30;82;30;22;41;80;43;24;0;1;1;0;10;3;1;0;0;5;5;3;0;0;0;0;0;;0;0;0;0;0;0;1;1;3;2;4;4;8;8;12;12;3;52;10;63;10;41;12;89;12;15;18;64;18;40;30;82;30;22;41;80;43;24;0;1;1;3;2;4;4;8;8;12;12;3;52;10;63;10;41;12;89;12;15;18;64;18;40;30;82;30;22;41;80;43;24;0;1;1;3;2;4;4;8;8;12;12;3;52;10;63;10;41;12;89;12;15;18;64;18;40;30;82;30;22;41;80;43;24;0;0;1;0;6;3;1;1;0;7;6;3;0;0;0;0;0;;0;0;0;0;0;0;1;1;3;2;4;4;8;8;12;12;3;52;10;63;10;41;12;89;12;15;18;64;18;40;30;82;30;22;41;80;43;24;0;1;1;3;2;4;4;8;8;12;12;3;52;10;63;10;41;12;89;12;15;18;64;18;40;30;82;30;22;41;80;43;24;0;1;1;3;2;4;4;8;8;12;12;3;52;10;63;10;41;12;89;12;15;18;64;18;40;30;82;30;22;41;80;43;24;0;1;1;0;10;3;1;0;0;5;5;3;0;0;0;0;0;;0;0;0;0;0;0;1;2;3;4;5;6;7;8;9;10;11;12;13;14;15;16;17;18;19;20;21;22;23;24;25;26;27;28;29;30;31;1;10;10;7;7;10;7;255;255;255;0;0;0;0;
4013;0;1;1;3;2;4;5;7;6;12;12;3;52;7;63;7;41;10;84;10;19;20;44;23;54;24;84;24;17;41;64;40;42;0;1;1;3;2;4;5;7;6;12;12;3;52;7;63;7;41;10;84;10;19;20;44;23;54;24;84;24;17;41;64;40;42;0;1;1;3;2;4;5;7;6;12;12;3;52;7;63;7;41;10;84;10;19;20;44;23;54;24;84;24;17;41;64;40;42;0;0;1;0;10;1;1;1;0;4;7;3;0;0;0;0;0;;0;0;0;0;0;0;1;1;3;2;4;5;7;6;12;12;3;52;7;63;7;41;10;84;10;19;20;44;23;54;24;84;24;17;41;64;40;42;0;1;1;3;2;4;5;7;6;12;12;3;52;7;63;7;41;10;84;10;19;20;44;23;54;24;84;24;17;41;64;40;42;0;1;1;3;2;4;5;7;6;12;12;3;52;7;63;7;41;10;84;10;19;20;44;23;54;24;84;24;17;41;64;40;42;0;0;1;0;7;1;1;1;1;4;7;3;0;0;0;0;0;;0;0;0;0;0;0;1;1;3;2;4;5;7;6;12;12;3;52;7;63;7;41;10;84;10;19;20;44;23;54;24;84;24;17;41;64;40;42;0;1;1;3;2;4;5;7;6;12;12;3;52;7;63;7;41;10;84;10;19;20;44;23;54;24;84;24;17;41;64;40;42;0;1;1;3;2;4;5;7;6;12;12;3;52;7;63;7;41;10;84;10;19;20;44;23;54;24;84;24;17;41;64;40;42;0;0;1;0;10;1;1;1;0;4;7;3;0;0;0;0;0;;0;0;0;0;0;0;1;2;3;4;5;6;7;8;9;10;11;12;13;14;15;16;17;18;19;20;21;22;23;24;25;26;27;28;29;30;31;8;8;8;8;8;6;1;255;255;255;0;0;0;0;
4020;0;1;1;1;4;5;5;7;6;12;12;3;52;11;52;11;72;11;32;21;52;27;68;27;36;27;88;27;16;43;64;43;40;0;1;1;1;4;7;6;8;8;12;12;3;52;9;70;8;52;9;35;19;52;27;84;27;20;29;66;28;42;40;62;41;43;0;1;1;1;4;7;6;8;8;12;12;3;52;9;70;8;52;9;35;19;52;27;84;27;20;29;66;28;42;40;62;41;43;1;1;1;1;7;3;0;0;0;8;8;2;0;1122944768;1122944768;1122944768;1122944768;;0;0;9;70;8;0;1;1;1;4;7;6;8;8;12;12;3;52;9;70;8;52;9;35;19;52;27;84;27;20;29;66;28;42;40;62;41;43;0;1;1;1;4;7;6;8;8;12;12;3;52;9;70;8;52;9;35;19;52;27;84;27;20;29;66;28;42;40;62;41;43;0;1;1;1;4;7;6;8;8;12;12;3;52;9;70;8;52;9;35;19;52;27;84;27;20;29;66;28;42;40;62;41;43;1;1;1;1;3;3;0;0;0;8;10;3;0;1122944768;1122944768;1122944768;1122944768;;0;0;40;62;41;0;1;1;1;4;7;6;8;8;12;12;3;52;9;70;8;52;9;35;19;52;27;84;27;20;29;66;28;42;40;62;41;43;0;1;1;1;4;7;6;8;8;12;12;3;52;9;70;8;52;9;35;19;52;27;84;27;20;29;66;28;42;40;62;41;43;0;1;1;1;4;7;6;8;8;12;12;3;52;9;70;8;52;9;35;19;52;27;84;27;20;29;66;28;42;40;62;41;43;1;1;1;1;7;3;0;0;0;8;8;2;0;1122944768;1122944768;1122944768;1122944768;;255;255;0;0;0;0;1;2;3;4;5;6;7;8;9;10;11;12;13;14;15;16;17;18;19;20;21;22;23;24;25;26;27;28;29;30;31;3;8;2;5;8;9;5;3;1;9;0;0;0;0;
4021;0;1;1;3;2;4;5;5;10;9;12;3;52;11;64;11;40;13;88;13;16;22;52;29;68;29;36;41;84;41;20;43;52;0;1;1;3;2;4;5;8;10;9;12;3;52;11;62;11;42;13;92;13;10;20;62;23;42;31;52;37;92;37;10;40;52;0;1;1;3;2;4;5;8;10;9;12;3;52;11;62;11;42;13;92;13;10;20;62;23;42;31;52;37;92;37;10;40;52;0;1;0;0;5;3;1;0;1;6;5;2;0;0;0;0;0;;0;0;11;62;11;0;1;1;3;2;4;5;8;10;9;12;3;52;11;62;11;42;13;92;13;10;20;62;23;42;31;52;37;92;37;10;40;52;0;1;1;3;2;4;5;8;10;9;12;3;52;11;62;11;42;13;92;13;10;20;62;23;42;31;52;37;92;37;10;40;52;0;1;1;3;2;4;5;8;10;9;12;3;52;11;62;11;42;13;92;13;10;20;62;23;42;31;52;37;92;37;10;40;52;0;1;0;0;7;2;1;0;1;7;6;3;0;0;0;0;0;;0;0;37;10;40;0;1;1;3;2;4;5;8;10;9;12;3;52;11;62;11;42;13;92;13;10;20;62;23;42;31;52;37;92;37;10;40;52;0;1;1;3;2;4;5;8;10;9;12;3;52;11;62;11;42;13;92;13;10;20;62;23;42;31;52;37;92;37;10;40;52;0;1;1;3;2;4;5;8;10;9;12;3;52;11;62;11;42;13;92;13;10;20;62;23;42;31;52;37;92;37;10;40;52;0;1;0;0;5;3;1;0;1;6;5;2;0;0;0;0;0;;255;255;0;0;0;14;12;5;1;2;18;19;16;23;24;27;7;3;13;17;0;8;9;26;20;21;22;15;11;10;4;6;25;28;29;30;31;2;2;2;2;2;23;18;5;12;1;0;0;0;0;
4022;0;1;1;3;2;4;5;7;6;8;12;3;52;10;65;10;39;14;91;14;13;20;59;23;45;29;84;29;20;33;52;42;52;0;1;1;3;2;4;5;7;6;8;12;3;52;10;65;10;39;14;91;14;13;20;59;23;45;29;84;29;20;33;52;42;52;0;1;1;3;2;4;5;7;6;8;12;3;52;10;65;10;39;14;91;14;13;20;59;23;45;29;84;29;20;33;52;42;52;1;0;0;1;5;2;0;1;0;5;6;3;0;0;0;0;0;;0;0;0;0;0;0;1;1;3;2;4;5;7;6;8;12;3;52;10;65;10;39;14;91;14;13;20;59;23;45;29;84;29;20;33;52;42;52;0;1;1;3;2;4;5;7;6;8;12;3;52;10;65;10;39;14;91;14;13;20;59;23;45;29;84;29;20;33;52;42;52;0;1;1;3;2;4;5;7;6;8;12;3;52;10;65;10;39;14;91;14;13;20;59;23;45;29;84;29;20;33;52;42;52;0;0;1;1;4;2;0;1;0;5;5;3;0;0;0;0;0;;0;0;0;0;0;0;1;1;3;2;4;5;7;6;8;12;3;52;10;65;10;39;14;91;14;13;20;59;23;45;29;84;29;20;33;52;42;52;0;1;1;3;2;4;5;7;6;8;12;3;52;10;65;10;39;14;91;14;13;20;59;23;45;29;84;29;20;33;52;42;52;0;1;1;3;2;4;5;7;6;8;12;3;52;10;65;10;39;14;91;14;13;20;59;23;45;29;84;29;20;33;52;42;52;1;0;0;1;5;2;0;1;0;5;6;3;0;0;0;0;0;;0;0;0;0;0;0;1;2;3;4;5;6;7;8;9;10;11;12;13;14;15;16;17;18;19;20;21;22;23;24;25;26;27;28;29;30;31;7;7;7;7;7;9;4;255;255;255;0;0;0;0;
4025;0;1;1;3;2;5;5;7;6;12;12;3;52;8;61;8;42;10;84;10;20;21;61;21;42;27;84;28;20;40;61;41;42;0;1;1;3;2;5;5;7;6;12;12;3;52;8;61;8;42;10;84;10;20;21;61;21;42;27;84;28;20;40;61;41;42;0;1;1;3;2;5;5;7;6;12;12;3;52;8;61;8;42;10;84;10;20;21;61;21;42;27;84;28;20;40;61;41;42;1;1;1;1;4;3;1;0;1;4;3;2;0;0;0;0;0;;0;0;0;0;0;0;1;1;3;2;5;5;7;6;12;12;3;52;8;61;8;42;10;84;10;20;21;61;21;42;27;84;28;20;40;61;41;42;0;1;1;3;2;5;5;7;6;12;12;3;52;8;61;8;42;10;84;10;20;21;61;21;42;27;84;28;20;40;61;41;42;0;1;1;3;2;5;5;7;6;12;12;3;52;8;61;8;42;10;84;10;20;21;61;21;42;27;84;28;20;40;61;41;42;1;1;1;1;6;2;0;0;0;5;4;2;0;0;0;0;0;;0;0;0;0;0;0;1;1;3;2;5;5;7;6;12;12;3;52;8;61;8;42;10;84;10;20;21;61;21;42;27;84;28;20;40;61;41;42;0;1;1;3;2;5;5;7;6;12;12;3;52;8;61;8;42;10;84;10;20;21;61;21;42;27;84;28;20;40;61;41;42;0;1;1;3;2;5;5;7;6;12;12;3;52;8;61;8;42;10;84;10;20;21;61;21;42;27;84;28;20;40;61;41;42;1;1;1;1;4;3;1;0;1;4;3;2;0;0;0;0;0;;0;0;0;0;0;0;1;2;3;4;5;6;7;8;9;10;11;12;13;14;15;16;17;18;19;20;21;22;23;24;25;26;27;28;29;30;31;5;5;5;5;5;10;9;255;255;255;0;0;0;0;
4031;0;1;1;3;2;5;5;7;6;11;12;3;52;11;64;11;40;13;88;13;16;21;64;21;40;31;88;31;16;43;64;43;40;0;1;1;3;2;4;7;6;8;12;12;3;52;10;63;10;41;12;89;12;15;18;52;25;90;25;10;33;52;41;71;43;33;0;1;1;3;2;4;7;6;8;12;12;3;52;10;63;10;41;12;89;12;15;18;52;25;90;25;10;33;52;41;71;43;33;1;1;1;1;5;2;0;1;0;5;5;2;0;1122944768;1122944768;1122944768;1122944768;;0;0;10;63;10;0;1;1;3;2;4;7;6;8;12;12;3;52;10;63;10;41;12;89;12;15;18;52;25;90;25;10;33;52;41;71;43;33;0;1;1;3;2;4;7;6;8;12;12;3;52;10;63;10;41;12;89;12;15;18;52;25;90;25;10;33;52;41;71;43;33;0;1;1;3;2;4;7;6;8;12;12;3;52;10;63;10;41;12;89;12;15;18;52;25;90;25;10;33;52;41;71;43;33;1;1;1;1;5;2;0;1;0;5;5;2;0;1122944768;1122944768;1122944768;1122944768;;0;0;41;71;43;0;1;1;3;2;4;7;6;8;12;12;3;52;10;63;10;41;12;89;12;15;18;52;25;90;25;10;33;52;41;71;43;33;0;1;1;3;2;4;7;6;8;12;12;3;52;10;63;10;41;12;89;12;15;18;52;25;90;25;10;33;52;41;71;43;33;0;1;1;3;2;4;7;6;8;12;12;3;52;10;63;10;41;12;89;12;15;18;52;25;90;25;10;33;52;41;71;43;33;1;1;1;1;5;2;0;1;0;5;5;2;0;1122944768;1122944768;1122944768;1122944768;;255;255;0;0;0;1;16;2;7;3;13;4;8;25;24;14;5;10;6;22;11;19;12;9;27;15;20;18;17;21;0;26;28;23;255;255;255;2;25;4;4;4;14;4;2;16;3;0;0;0;0;
4032;0;1;1;1;3;2;5;5;8;11;12;3;52;11;52;11;72;11;32;15;88;15;16;24;64;24;40;33;52;41;64;43;40;0;1;1;3;2;4;4;7;6;8;12;3;52;10;63;10;41;12;89;12;15;18;64;18;40;30;86;30;18;32;52;43;52;0;1;1;3;2;4;4;7;6;8;12;3;52;10;63;10;41;12;89;12;15;18;64;18;40;30;86;30;18;32;52;43;52;1;0;1;1;3;1;1;1;0;4;4;2;0;0;0;0;0;;0;0;10;63;10;0;1;1;3;2;4;4;7;6;8;12;3;52;10;63;10;41;12;89;12;15;18;64;18;40;30;86;30;18;32;52;43;52;0;1;1;3;2;4;4;7;6;8;12;3;52;10;63;10;41;12;89;12;15;18;64;18;40;30;86;30;18;32;52;43;52;0;1;1;3;2;4;4;7;6;8;12;3;52;10;63;10;41;12;89;12;15;18;64;18;40;30;86;30;18;32;52;43;52;1;0;1;1;3;1;0;1;0;4;4;2;0;0;0;0;0;;0;0;32;52;43;0;1;1;3;2;4;4;7;6;8;12;3;52;10;63;10;41;12;89;12;15;18;64;18;40;30;86;30;18;32;52;43;52;0;1;1;3;2;4;4;7;6;8;12;3;52;10;63;10;41;12;89;12;15;18;64;18;40;30;86;30;18;32;52;43;52;0;1;1;3;2;4;4;7;6;8;12;3;52;10;63;10;41;12;89;12;15;18;64;18;40;30;86;30;18;32;52;43;52;1;0;1;1;3;1;1;1;0;4;4;2;0;0;0;0;0;;255;255;0;0;0;0;1;2;3;4;5;6;7;8;9;10;11;12;13;14;15;16;17;18;19;20;21;22;23;24;25;26;27;28;29;30;31;0;8;8;8;8;10;9;2;1;3;0;0;0;0;
4033;0;1;1;1;4;5;5;7;6;11;12;3;52;11;52;11;72;11;32;21;52;27;68;27;36;27;88;27;16;41;64;43;40;0;1;1;3;2;4;4;7;6;8;12;3;52;10;63;10;41;12;89;12;15;18;64;18;40;30;86;30;18;32;52;43;52;0;1;1;3;2;4;4;7;6;8;12;3;52;10;63;10;41;12;89;12;15;18;64;18;40;30;86;30;18;32;52;43;52;0;1;1;0;4;3;0;1;0;7;7;3;0;1122944768;1122944768;1122944768;1122944768;;0;0;10;63;10;0;1;1;3;2;4;4;7;6;8;12;3;52;10;63;10;41;12;89;12;15;18;64;18;40;30;86;30;18;32;52;43;52;0;1;1;3;2;4;4;7;6;8;12;3;52;10;63;10;41;12;89;12;15;18;64;18;40;30;86;30;18;32;52;43;52;0;1;1;3;2;4;4;7;6;8;12;3;52;10;63;10;41;12;89;12;15;18;64;18;40;30;86;30;18;32;52;43;52;1;1;1;0;7;3;0;1;1;7;7;3;0;1122944768;1122944768;1122944768;1122944768;;0;0;32;52;43;0;1;1;3;2;4;4;7;6;8;12;3;52;10;63;10;41;12;89;12;15;18;64;18;40;30;86;30;18;32;52;43;52;0;1;1;3;2;4;4;7;6;8;12;3;52;10;63;10;41;12;89;12;15;18;64;18;40;30;86;30;18;32;52;43;52;0;1;1;3;2;4;4;7;6;8;12;3;52;10;63;10;41;12;89;12;15;18;64;18;40;30;86;30;18;32;52;43;52;0;1;1;0;4;3;0;1;0;7;7;3;0;1122944768;1122944768;1122944768;1122944768;;255;255;0;0;0;0;1;2;3;4;5;6;7;8;9;10;11;12;13;14;15;16;17;18;19;20;21;22;23;24;25;26;27;28;29;30;31;6;6;6;6;6;8;9;3;2;10;0;0;0;0;
4034;0;1;1;3;2;4;4;7;6;8;12;3;52;11;64;11;40;13;88;13;16;19;64;19;40;31;88;31;16;33;52;43;52;0;1;1;3;2;4;7;6;8;12;12;3;52;10;63;10;41;12;89;12;15;18;52;25;90;25;10;33;52;41;71;43;33;0;1;1;3;2;4;7;6;8;12;12;3;52;10;63;10;41;12;89;12;15;18;52;25;90;25;10;33;52;41;71;43;33;1;1;0;0;6;2;0;1;0;5;6;2;0;1122944768;1122944768;1122944768;1122944768;;0;0;10;63;10;0;1;1;3;2;4;7;6;8;12;12;3;52;10;63;10;41;12;89;12;15;18;52;25;90;25;10;33;52;41;71;43;33;0;1;1;3;2;4;7;6;8;12;12;3;52;10;63;10;41;12;89;12;15;18;52;25;90;25;10;33;52;41;71;43;33;0;1;1;3;2;4;7;6;8;12;12;3;52;10;63;10;41;12;89;12;15;18;52;25;90;25;10;33;52;41;71;43;33;1;1;0;0;6;2;0;1;0;7;4;2;0;1122944768;1122944768;1122944768;1122944768;;0;0;41;71;43;0;1;1;3;2;4;7;6;8;12;12;3;52;10;63;10;41;12;89;12;15;18;52;25;90;25;10;33;52;41;71;43;33;0;1;1;3;2;4;7;6;8;12;12;3;52;10;63;10;41;12;89;12;15;18;52;25;90;25;10;33;52;41;71;43;33;0;1;1;3;2;4;7;6;8;12;12;3;52;10;63;10;41;12;89;12;15;18;52;25;90;25;10;33;52;41;71;43;33;1;1;0;0;6;2;0;1;0;5;6;2;0;1122944768;1122944768;1122944768;1122944768;;255;255;0;0;0;0;1;19;8;22;16;5;15;4;7;9;12;20;18;14;2;3;24;6;10;17;21;11;13;23;255;255;255;255;255;255;255;1;15;5;15;15;9;9;19;1;9;0;0;0;0;
4035;0;1;1;1;3;2;5;5;10;9;12;3;52;11;52;11;72;11;32;15;88;15;16;25;64;25;40;39;84;39;20;43;52;0;1;1;3;2;4;4;7;6;8;12;3;52;10;63;10;41;12;89;12;15;18;64;18;40;30;86;30;18;32;52;43;52;0;1;1;3;2;4;4;7;6;8;12;3;52;10;63;10;41;12;89;12;15;18;64;18;40;30;86;30;18;32;52;43;52;1;1;0;0;8;2;0;0;0;6;7;2;0;1122944768;1122944768;1122944768;1122944768;;0;0;10;63;10;0;1;1;3;2;4;4;7;6;8;12;3;52;10;63;10;41;12;89;12;15;18;64;18;40;30;86;30;18;32;52;43;52;0;1;1;3;2;4;4;7;6;8;12;3;52;10;63;10;41;12;89;12;15;18;64;18;40;30;86;30;18;32;52;43;52;0;1;1;3;2;4;4;7;6;8;12;3;52;10;63;10;41;12;89;12;15;18;64;18;40;30;86;30;18;32;52;43;52;1;1;0;1;7;2;0;1;0;6;7;2;0;1122944768;1122944768;1122944768;1122944768;;0;0;32;52;43;0;1;1;3;2;4;4;7;6;8;12;3;52;10;63;10;41;12;89;12;15;18;64;18;40;30;86;30;18;32;52;43;52;0;1;1;3;2;4;4;7;6;8;12;3;52;10;63;10;41;12;89;12;15;18;64;18;40;30;86;30;18;32;52;43;52;0;1;1;3;2;4;4;7;6;8;12;3;52;10;63;10;41;12;89;12;15;18;64;18;40;30;86;30;18;32;52;43;52;1;1;0;0;8;2;0;0;0;6;7;2;0;1122944768;1122944768;1122944768;1122944768;;255;255;0;0;0;0;2;11;19;20;1;12;6;10;13;16;25;26;15;14;21;28;22;3;8;9;24;4;17;23;29;18;30;27;31;5;7;2;13;6;13;13;16;6;11;19;2;0;0;0;0;
4036;0;1;1;3;2;4;5;5;10;9;12;3;52;10;63;10;41;12;89;12;15;21;52;27;70;27;35;42;85;42;19;43;52;0;1;1;3;2;5;5;7;6;12;12;3;52;10;63;10;41;12;89;12;15;20;64;20;40;30;87;30;18;40;66;43;38;0;1;1;3;2;5;5;7;6;12;12;3;52;10;63;10;41;12;89;12;15;20;64;20;40;30;87;30;18;40;66;43;38;0;0;0;0;1;1;0;0;0;1;1;1;0;0;0;-1090837413114;-1;;0;0;10;63;10;0;1;1;3;2;5;5;7;6;12;12;3;52;10;63;10;41;12;89;12;15;20;64;20;40;30;87;30;18;40;66;43;38;0;1;1;3;2;5;5;7;6;12;12;3;52;10;63;10;41;12;89;12;15;20;64;20;40;30;87;30;18;40;66;43;38;0;1;1;3;2;5;5;7;6;12;12;3;52;10;63;10;41;12;89;12;15;20;64;20;40;30;87;30;18;40;66;43;38;0;0;0;0;1;1;0;0;0;1;1;1;90;-1086508891386;-1;216455356602122240;219560420523115522;;0;0;41;14;44;0;1;1;3;2;5;5;7;6;12;12;3;52;10;63;10;41;12;89;12;15;20;64;20;40;30;87;30;18;40;66;43;38;0;1;1;3;2;5;5;7;6;12;12;3;52;10;63;10;41;12;89;12;15;20;64;20;40;30;87;30;18;40;66;43;38;0;1;1;3;2;5;5;7;6;12;12;3;52;10;63;10;41;12;89;12;15;20;64;20;40;30;87;30;18;40;66;43;38;0;0;0;0;1;1;0;0;0;1;1;1;0;290765849965363200;868914374277270798;1374179596819892227;1952900979675763988;;255;255;0;0;0;16;18;1;14;19;13;12;21;23;4;15;8;2;27;20;29;22;30;6;25;24;11;0;17;9;28;3;7;5;26;10;31;12;19;19;19;19;4;4;1;18;4;0;0;0;0;
4037;0;1;1;3;2;5;5;8;8;12;12;3;52;11;64;11;40;13;88;13;16;21;64;21;40;31;83;31;21;43;64;43;40;0;1;1;3;2;4;4;4;7;6;12;3;52;10;63;10;41;12;89;12;15;20;52;20;80;20;24;32;90;32;14;42;52;0;1;1;3;2;4;4;4;7;6;12;3;52;10;63;10;41;12;89;12;15;20;52;20;80;20;24;32;90;32;14;42;52;1;0;1;0;5;3;1;0;0;7;6;2;0;1122944768;1122944768;1122944768;1122944768;;0;0;10;63;10;0;1;1;3;2;4;4;4;7;6;12;3;52;10;63;10;41;12;89;12;15;20;52;20;80;20;24;32;90;32;14;42;52;0;1;1;3;2;4;4;4;7;6;12;3;52;10;63;10;41;12;89;12;15;20;52;20;80;20;24;32;90;32;14;42;52;0;1;1;3;2;4;4;4;7;6;12;3;52;10;63;10;41;12;89;12;15;20;52;20;80;20;24;32;90;32;14;42;52;0;1;1;0;4;1;1;0;0;3;6;3;0;1122944768;1122944768;1122944768;1122944768;;0;0;32;14;42;0;1;1;3;2;4;4;4;7;6;12;3;52;10;63;10;41;12;89;12;15;20;52;20;80;20;24;32;90;32;14;42;52;0;1;1;3;2;4;4;4;7;6;12;3;52;10;63;10;41;12;89;12;15;20;52;20;80;20;24;32;90;32;14;42;52;0;1;1;3;2;4;4;4;7;6;12;3;52;10;63;10;41;12;89;12;15;20;52;20;80;20;24;32;90;32;14;42;52;1;0;1;0;5;3;1;0;0;7;6;2;0;1122944768;1122944768;1122944768;1122944768;;255;255;0;0;0;23;21;5;8;18;2;12;9;17;11;1;13;24;4;0;6;3;14;22;16;7;19;20;15;10;25;26;27;28;29;30;31;21;9;9;9;9;9;17;5;21;11;0;0;0;0;
4038;0;1;1;3;2;4;4;7;6;8;12;3;52;11;64;11;40;13;88;13;16;19;64;19;40;31;88;31;16;33;52;43;52;0;1;1;3;2;4;5;5;7;6;12;3;52;10;63;10;41;12;89;12;15;20;52;25;72;25;30;30;90;30;14;42;52;0;1;1;3;2;4;5;5;7;6;12;3;52;10;63;10;41;12;89;12;15;20;52;25;72;25;30;30;90;30;14;42;52;1;1;0;0;6;3;1;1;0;8;6;3;0;1122944768;1122944768;1122944768;1122944768;;0;0;10;63;10;0;1;1;3;2;4;5;5;7;6;12;3;52;10;63;10;41;12;89;12;15;20;52;25;72;25;30;30;90;30;14;42;52;0;1;1;3;2;4;5;5;7;6;12;3;52;10;63;10;41;12;89;12;15;20;52;25;72;25;30;30;90;30;14;42;52;0;1;1;3;2;4;5;5;7;6;12;3;52;10;63;10;41;12;89;12;15;20;52;25;72;25;30;30;90;30;14;42;52;1;1;0;0;7;3;1;1;0;7;6;3;0;1122944768;1122944768;1122944768;1122944768;;0;0;30;14;42;0;1;1;3;2;4;5;5;7;6;12;3;52;10;63;10;41;12;89;12;15;20;52;25;72;25;30;30;90;30;14;42;52;0;1;1;3;2;4;5;5;7;6;12;3;52;10;63;10;41;12;89;12;15;20;52;25;72;25;30;30;90;30;14;42;52;0;1;1;3;2;4;5;5;7;6;12;3;52;10;63;10;41;12;89;12;15;20;52;25;72;25;30;30;90;30;14;42;52;1;1;0;0;6;3;1;1;0;8;6;3;0;1122944768;1122944768;1122944768;1122944768;;255;255;0;0;0;11;9;14;12;15;6;24;19;18;21;4;23;16;2;3;22;20;10;8;7;13;25;1;5;0;17;255;255;255;255;255;255;14;19;9;19;19;4;18;9;14;15;0;0;0;0;
4039;0;1;1;3;2;4;5;5;7;6;12;3;52;11;64;11;40;13;88;13;16;19;52;26;68;26;36;29;90;29;14;43;52;0;1;1;3;2;4;4;7;6;12;12;3;52;11;64;11;40;13;88;13;16;21;64;21;40;31;84;31;20;43;64;43;40;0;1;1;3;2;4;4;7;6;12;12;3;52;11;64;11;40;13;88;13;16;21;64;21;40;31;84;31;20;43;64;43;40;1;0;0;0;7;2;0;1;0;5;6;2;0;1122944768;1122944768;1122944768;1122944768;;0;0;11;64;11;0;1;1;3;2;4;4;7;6;12;12;3;52;11;64;11;40;13;88;13;16;21;64;21;40;31;84;31;20;43;64;43;40;0;1;1;3;2;4;4;7;6;12;12;3;52;11;64;11;40;13;88;13;16;21;64;21;40;31;84;31;20;43;64;43;40;0;1;1;3;2;4;4;7;6;12;12;3;52;11;64;11;40;13;88;13;16;21;64;21;40;31;84;31;20;43;64;43;40;0;0;1;0;4;2;1;1;0;7;7;3;0;1122944768;1122944768;1122944768;1122944768;;0;0;43;64;43;0;1;1;3;2;4;4;7;6;12;12;3;52;11;64;11;40;13;88;13;16;21;64;21;40;31;84;31;20;43;64;43;40;0;1;1;3;2;4;4;7;6;12;12;3;52;11;64;11;40;13;88;13;16;21;64;21;40;31;84;31;20;43;64;43;40;0;1;1;3;2;4;4;7;6;12;12;3;52;11;64;11;40;13;88;13;16;21;64;21;40;31;84;31;20;43;64;43;40;1;0;0;0;7;2;0;1;0;5;6;2;0;1122944768;1122944768;1122944768;1122944768;;255;255;0;0;0;24;16;0;14;13;26;28;6;22;7;1;12;2;17;3;30;23;27;8;21;9;20;18;4;29;11;19;25;15;5;10;31;1;22;22;22;22;22;28;1;6;0;0;0;0;0;
4040;0;1;1;3;2;4;4;8;8;12;12;3;52;10;63;10;41;12;89;12;15;18;64;18;40;30;82;30;22;41;80;43;24;0;1;1;3;2;4;4;8;8;12;12;3;52;10;63;10;41;12;89;12;15;18;64;18;40;30;82;30;22;41;80;43;24;0;1;1;3;2;4;4;8;8;12;12;3;52;10;63;10;41;12;89;12;15;18;64;18;40;30;82;30;22;41;80;43;24;1;1;1;0;5;2;1;1;0;7;6;2;0;0;0;0;0;;0;0;0;0;0;0;1;1;3;2;4;4;8;8;12;12;3;52;10;63;10;41;12;89;12;15;18;64;18;40;30;82;30;22;41;80;43;24;0;1;1;3;2;4;4;8;8;12;12;3;52;10;63;10;41;12;89;12;15;18;64;18;40;30;82;30;22;41;80;43;24;0;1;1;3;2;4;4;8;8;12;12;3;52;10;63;10;41;12;89;12;15;18;64;18;40;30;82;30;22;41;80;43;24;1;1;0;0;7;2;1;1;0;4;8;3;0;0;0;0;0;;0;0;0;0;0;0;1;1;3;2;4;4;8;8;12;12;3;52;10;63;10;41;12;89;12;15;18;64;18;40;30;82;30;22;41;80;43;24;0;1;1;3;2;4;4;8;8;12;12;3;52;10;63;10;41;12;89;12;15;18;64;18;40;30;82;30;22;41;80;43;24;0;1;1;3;2;4;4;8;8;12;12;3;52;10;63;10;41;12;89;12;15;18;64;18;40;30;82;30;22;41;80;43;24;1;1;1;0;5;2;1;1;0;7;6;2;0;0;0;0;0;;0;0;0;0;0;0;1;2;3;4;5;6;7;8;9;10;11;12;13;14;15;16;17;18;19;20;21;22;23;24;25;26;27;28;29;30;31;9;10;10;4;4;9;8;255;255;255;0;0;0;0;
4041;0;1;1;3;2;4;4;7;6;8;12;3;52;10;63;10;41;12;89;12;15;18;64;18;40;30;86;30;18;32;52;43;52;0;1;1;3;2;4;4;7;6;8;12;3;52;10;63;10;41;12;89;12;15;18;64;18;40;30;86;30;18;32;52;43;52;0;1;1;3;2;4;4;7;6;8;12;3;52;10;63;10;41;12;89;12;15;18;64;18;40;30;86;30;18;32;52;43;52;1;1;0;0;4;2;0;1;0;6;6;2;0;0;0;0;0;;0;0;0;0;0;0;1;1;3;2;4;4;7;6;8;12;3;52;10;63;10;41;12;89;12;15;18;64;18;40;30;86;30;18;32;52;43;52;0;1;1;3;2;4;4;7;6;8;12;3;52;10;63;10;41;12;89;12;15;18;64;18;40;30;86;30;18;32;52;43;52;0;1;1;3;2;4;4;7;6;8;12;3;52;10;63;10;41;12;89;12;15;18;64;18;40;30;86;30;18;32;52;43;52;1;1;1;0;4;1;0;0;1;5;5;2;0;0;0;0;0;;0;0;0;0;0;0;1;1;3;2;4;4;7;6;8;12;3;52;10;63;10;41;12;89;12;15;18;64;18;40;30;86;30;18;32;52;43;52;0;1;1;3;2;4;4;7;6;8;12;3;52;10;63;10;41;12;89;12;15;18;64;18;40;30;86;30;18;32;52;43;52;0;1;1;3;2;4;4;7;6;8;12;3;52;10;63;10;41;12;89;12;15;18;64;18;40;30;86;30;18;32;52;43;52;1;1;0;0;4;2;0;1;0;6;6;2;0;0;0;0;0;;0;0;0;0;0;0;1;2;3;4;5;6;7;8;9;10;11;12;13;14;15;16;17;18;19;20;21;22;23;24;25;26;27;28;29;30;31;0;8;8;8;8;8;7;255;255;255;0;0;0;0;
4042;0;1;1;3;2;4;4;4;8;11;11;3;52;10;63;10;41;12;89;12;15;20;52;20;80;20;24;32;52;41;83;42;21;0;1;1;3;2;4;4;4;8;11;11;3;52;10;63;10;41;12;89;12;15;20;52;20;80;20;24;32;52;41;83;42;21;0;1;1;3;2;4;4;4;8;11;11;3;52;10;63;10;41;12;89;12;15;20;52;20;80;20;24;32;52;41;83;42;21;1;1;0;1;6;2;0;1;1;5;8;2;0;0;0;0;0;;0;0;0;0;0;0;1;1;3;2;4;4;4;8;11;11;3;52;10;63;10;41;12;89;12;15;20;52;20;80;20;24;32;52;41;83;42;21;0;1;1;3;2;4;4;4;8;11;11;3;52;10;63;10;41;12;89;12;15;20;52;20;80;20;24;32;52;41;83;42;21;0;1;1;3;2;4;4;4;8;11;11;3;52;10;63;10;41;12;89;12;15;20;52;20;80;20;24;32;52;41;83;42;21;0;1;0;1;5;2;0;1;1;5;8;2;0;0;0;0;0;;0;0;0;0;0;0;1;1;3;2;4;4;4;8;11;11;3;52;10;63;10;41;12;89;12;15;20;52;20;80;20;24;32;52;41;83;42;21;0;1;1;3;2;4;4;4;8;11;11;3;52;10;63;10;41;12;89;12;15;20;52;20;80;20;24;32;52;41;83;42;21;0;1;1;3;2;4;4;4;8;11;11;3;52;10;63;10;41;12;89;12;15;20;52;20;80;20;24;32;52;41;83;42;21;1;1;0;1;6;2;0;1;1;5;8;2;0;0;0;0;0;;0;0;0;0;0;0;1;2;3;4;5;6;7;8;9;10;11;12;13;14;15;16;17;18;19;20;21;22;23;24;25;26;27;28;29;30;31;0;9;9;10;10;9;8;255;255;255;0;0;0;0;
4043;0;1;1;1;3;2;5;5;7;6;12;3;52;10;52;10;70;10;34;12;88;12;16;25;72;25;30;30;90;30;14;42;52;0;1;1;1;3;2;5;5;7;6;12;3;52;10;52;10;70;10;34;12;88;12;16;25;72;25;30;30;90;30;14;42;52;0;1;1;1;3;2;5;5;7;6;12;3;52;10;52;10;70;10;34;12;88;12;16;25;72;25;30;30;90;30;14;42;52;1;1;0;1;8;3;0;1;1;6;8;2;0;0;0;0;0;;0;0;0;0;0;0;1;1;1;3;2;5;5;7;6;12;3;52;10;52;10;70;10;34;12;88;12;16;25;72;25;30;30;90;30;14;42;52;0;1;1;1;3;2;5;5;7;6;12;3;52;10;52;10;70;10;34;12;88;12;16;25;72;25;30;30;90;30;14;42;52;0;1;1;1;3;2;5;5;7;6;12;3;52;10;52;10;70;10;34;12;88;12;16;25;72;25;30;30;90;30;14;42;52;1;1;0;1;8;3;0;1;1;6;8;3;0;0;0;0;0;;0;0;0;0;0;0;1;1;1;3;2;5;5;7;6;12;3;52;10;52;10;70;10;34;12;88;12;16;25;72;25;30;30;90;30;14;42;52;0;1;1;1;3;2;5;5;7;6;12;3;52;10;52;10;70;10;34;12;88;12;16;25;72;25;30;30;90;30;14;42;52;0;1;1;1;3;2;5;5;7;6;12;3;52;10;52;10;70;10;34;12;88;12;16;25;72;25;30;30;90;30;14;42;52;1;1;0;1;8;3;0;1;1;6;8;2;0;0;0;0;0;;0;0;0;0;0;0;1;2;3;4;5;6;7;8;9;10;11;12;13;14;15;16;17;18;19;20;21;22;23;24;25;26;27;28;29;30;31;0;8;8;8;8;8;9;255;255;255;0;0;0;0;
4044;0;1;1;3;2;4;4;7;6;8;12;3;52;10;63;10;41;12;89;12;15;18;64;18;40;30;86;30;18;32;52;43;52;0;1;1;3;2;4;4;7;6;8;12;3;52;10;63;10;41;12;89;12;15;18;64;18;40;30;86;30;18;32;52;43;52;0;1;1;3;2;4;4;7;6;8;12;3;52;10;63;10;41;12;89;12;15;18;64;18;40;30;86;30;18;32;52;43;52;0;0;0;0;6;2;1;1;1;5;7;3;0;0;0;0;0;;0;0;0;0;0;0;1;1;3;2;4;4;7;6;8;12;3;52;10;63;10;41;12;89;12;15;18;64;18;40;30;86;30;18;32;52;43;52;0;1;1;3;2;4;4;7;6;8;12;3;52;10;63;10;41;12;89;12;15;18;64;18;40;30;86;30;18;32;52;43;52;0;1;1;3;2;4;4;7;6;8;12;3;52;10;63;10;41;12;89;12;15;18;64;18;40;30;86;30;18;32;52;43;52;0;0;0;0;6;2;1;1;1;5;7;3;0;0;0;0;0;;0;0;0;0;0;0;1;1;3;2;4;4;7;6;8;12;3;52;10;63;10;41;12;89;12;15;18;64;18;40;30;86;30;18;32;52;43;52;0;1;1;3;2;4;4;7;6;8;12;3;52;10;63;10;41;12;89;12;15;18;64;18;40;30;86;30;18;32;52;43;52;0;1;1;3;2;4;4;7;6;8;12;3;52;10;63;10;41;12;89;12;15;18;64;18;40;30;86;30;18;32;52;43;52;0;0;0;0;6;2;1;1;1;5;7;3;0;0;0;0;0;;0;0;0;0;0;0;1;2;3;4;5;6;7;8;9;10;11;12;13;14;15;16;17;18;19;20;21;22;23;24;25;26;27;28;29;30;31;6;8;8;8;8;8;9;255;255;255;0;0;0;0;
4045;0;1;1;1;3;2;5;5;11;11;12;3;52;11;52;11;72;11;32;15;88;15;16;25;64;25;40;39;84;39;20;43;52;0;1;1;3;2;4;4;7;6;11;12;3;52;9;60;9;40;11;88;11;12;17;64;17;40;29;84;29;20;37;64;43;44;0;1;1;3;2;4;4;7;6;11;12;3;52;9;60;9;40;11;88;11;12;17;64;17;40;29;84;29;20;37;64;43;44;0;1;0;0;5;3;1;0;1;5;5;2;0;1122944768;1122944768;1122944768;1122944768;;0;0;9;60;9;0;1;1;3;2;4;4;7;6;11;12;3;52;9;60;9;40;11;88;11;12;17;64;17;40;29;84;29;20;37;64;43;44;0;1;1;3;2;4;4;7;6;11;12;3;52;9;60;9;40;11;88;11;12;17;64;17;40;29;84;29;20;37;64;43;44;0;1;1;3;2;4;4;7;6;11;12;3;52;9;60;9;40;11;88;11;12;17;64;17;40;29;84;29;20;37;64;43;44;0;1;0;0;5;2;1;0;1;6;7;3;0;1122944768;1122944768;1122944768;1122944768;;0;0;37;64;43;0;1;1;3;2;4;4;7;6;11;12;3;52;9;60;9;40;11;88;11;12;17;64;17;40;29;84;29;20;37;64;43;44;0;1;1;3;2;4;4;7;6;11;12;3;52;9;60;9;40;11;88;11;12;17;64;17;40;29;84;29;20;37;64;43;44;0;1;1;3;2;4;4;7;6;11;12;3;52;9;60;9;40;11;88;11;12;17;64;17;40;29;84;29;20;37;64;43;44;0;1;0;0;5;3;1;0;1;5;5;2;0;1122944768;1122944768;1122944768;1122944768;;255;255;0;0;0;1;18;19;17;22;16;3;26;9;8;14;0;2;13;12;24;11;7;10;5;6;23;20;15;4;25;21;27;255;255;255;255;3;18;18;26;26;8;3;19;17;18;0;0;0;0;
4046;0;1;1;3;2;4;4;7;6;8;12;3;52;11;64;11;40;13;88;13;16;19;64;19;40;31;88;31;16;33;52;43;52;0;1;1;3;2;4;4;8;8;12;12;3;52;9;60;9;40;11;88;11;12;17;64;17;40;29;80;29;24;41;80;43;24;0;1;1;3;2;4;4;8;8;12;12;3;52;9;60;9;40;11;88;11;12;17;64;17;40;29;80;29;24;41;80;43;24;0;1;1;0;6;3;1;1;1;5;6;2;0;1122944768;1122944768;1122944768;1122944768;;0;0;9;60;9;0;1;1;3;2;4;4;8;8;12;12;3;52;9;60;9;40;11;88;11;12;17;64;17;40;29;80;29;24;41;80;43;24;0;1;1;3;2;4;4;8;8;12;12;3;52;9;60;9;40;11;88;11;12;17;64;17;40;29;80;29;24;41;80;43;24;0;1;1;3;2;4;4;8;8;12;12;3;52;9;60;9;40;11;88;11;12;17;64;17;40;29;80;29;24;41;80;43;24;0;1;1;0;7;2;1;1;1;7;8;2;0;1122944768;1122944768;1122944768;1122944768;;0;0;41;80;43;0;1;1;3;2;4;4;8;8;12;12;3;52;9;60;9;40;11;88;11;12;17;64;17;40;29;80;29;24;41;80;43;24;0;1;1;3;2;4;4;8;8;12;12;3;52;9;60;9;40;11;88;11;12;17;64;17;40;29;80;29;24;41;80;43;24;0;1;1;3;2;4;4;8;8;12;12;3;52;9;60;9;40;11;88;11;12;17;64;17;40;29;80;29;24;41;80;43;24;0;1;1;0;6;3;1;1;1;5;6;2;0;1122944768;1122944768;1122944768;1122944768;;255;255;0;0;0;6;18;2;23;21;14;8;9;24;17;20;3;0;16;13;5;22;7;12;19;25;4;10;11;1;15;26;27;28;29;30;31;18;20;17;17;17;20;9;18;23;20;0;0;0;0;
4071;0;1;1;3;2;4;4;7;6;8;12;3;52;11;64;11;40;13;88;13;16;19;64;19;40;31;88;31;16;33;52;43;52;0;1;1;1;5;5;7;6;10;9;12;3;52;11;52;11;72;11;32;21;64;21;40;25;88;25;16;39;84;39;20;43;52;0;1;1;1;5;5;7;6;10;9;12;3;52;11;52;11;72;11;32;21;64;21;40;25;88;25;16;39;84;39;20;43;52;1;1;1;0;6;3;0;0;1;6;6;3;0;1122944768;1122944768;1122944768;1122944768;;0;0;11;64;11;0;1;1;1;5;5;7;6;10;9;12;3;52;11;52;11;72;11;32;21;64;21;40;25;88;25;16;39;84;39;20;43;52;0;1;1;1;5;5;7;6;10;9;12;3;52;11;52;11;72;11;32;21;64;21;40;25;88;25;16;39;84;39;20;43;52;0;1;1;1;5;5;7;6;10;9;12;3;52;11;52;11;72;11;32;21;64;21;40;25;88;25;16;39;84;39;20;43;52;0;1;1;0;5;3;1;0;1;5;6;3;0;1122944768;1122944768;1122944768;1122944768;;0;0;33;52;43;0;1;1;1;5;5;7;6;10;9;12;3;52;11;52;11;72;11;32;21;64;21;40;25;88;25;16;39;84;39;20;43;52;0;1;1;1;5;5;7;6;10;9;12;3;52;11;52;11;72;11;32;21;64;21;40;25;88;25;16;39;84;39;20;43;52;0;1;1;1;5;5;7;6;10;9;12;3;52;11;52;11;72;11;32;21;64;21;40;25;88;25;16;39;84;39;20;43;52;1;1;1;0;7;3;0;0;1;4;6;3;0;1122944768;1122944768;1122944768;1122944768;;255;255;0;0;0;0;1;2;3;4;5;6;7;8;9;10;11;12;13;14;15;16;17;18;19;20;21;22;23;24;25;26;27;28;29;30;31;7;5;5;5;7;10;8;2;1;10;0;0;0;0;
4075;0;1;1;3;2;5;5;7;6;11;12;3;52;11;64;11;40;13;88;13;16;25;64;25;40;25;88;25;16;43;40;43;64;0;1;1;3;2;5;5;7;6;11;12;3;52;11;64;11;40;13;88;13;16;25;64;25;40;25;88;25;16;43;40;43;64;0;1;1;3;2;5;5;7;6;11;12;3;52;11;64;11;40;13;88;13;16;25;64;25;40;25;88;25;16;43;40;43;64;0;0;1;0;6;3;0;1;0;5;5;3;0;0;0;0;0;;0;0;0;0;0;0;1;1;3;2;5;5;7;6;11;12;3;52;11;64;11;40;13;88;13;16;25;64;25;40;25;88;25;16;43;40;43;64;0;1;1;3;2;5;5;7;6;11;12;3;52;11;64;11;40;13;88;13;16;25;64;25;40;25;88;25;16;43;40;43;64;0;1;1;3;2;5;5;7;6;11;12;3;52;11;64;11;40;13;88;13;16;25;64;25;40;25;88;25;16;43;40;43;64;0;0;1;0;5;1;0;1;0;4;6;3;0;0;0;0;0;;0;0;0;0;0;0;1;1;3;2;5;5;7;6;11;12;3;52;11;64;11;40;13;88;13;16;25;64;25;40;25;88;25;16;43;40;43;64;0;1;1;3;2;5;5;7;6;11;12;3;52;11;64;11;40;13;88;13;16;25;64;25;40;25;88;25;16;43;40;43;64;0;1;1;3;2;5;5;7;6;11;12;3;52;11;64;11;40;13;88;13;16;25;64;25;40;25;88;25;16;43;40;43;64;0;0;1;0;6;3;0;1;0;5;5;3;0;0;0;0;0;;0;0;0;0;0;0;1;2;3;4;5;6;7;8;9;10;11;12;13;14;15;16;17;18;19;20;21;22;23;24;25;26;27;28;29;30;31;1;8;8;8;7;10;9;255;255;255;0;0;0;0;
4085;0;1;1;3;2;4;5;5;10;9;12;3;52;11;64;11;40;13;88;13;16;19;52;25;72;25;32;37;84;37;20;43;52;0;1;1;3;2;4;5;5;10;9;12;3;52;13;64;13;40;15;92;15;12;23;52;29;72;29;32;41;84;41;20;45;52;0;1;1;3;2;4;5;5;10;9;12;3;52;9;64;9;40;11;84;11;20;17;52;25;72;25;32;35;84;35;20;41;52;0;0;0;0;1;2;0;0;0;1;1;2;0;0;0;0;0;;0;0;0;0;0;0;1;1;3;2;4;5;5;10;9;12;3;52;9;64;9;40;11;84;11;20;17;52;25;72;25;32;35;84;35;20;41;52;0;1;1;3;2;4;5;5;10;9;12;3;52;9;64;9;40;11;84;11;20;17;52;25;72;25;32;35;84;35;20;41;52;0;1;1;3;2;4;5;5;10;9;12;3;52;9;64;9;40;11;84;11;20;17;52;25;72;25;32;35;84;35;20;41;52;0;0;0;0;1;2;0;0;0;1;1;2;0;0;0;0;0;;0;0;0;0;0;0;1;1;3;2;4;5;5;10;9;12;3;52;11;64;11;40;13;88;13;16;19;52;25;72;25;32;37;84;37;20;43;52;0;1;1;3;2;4;5;5;10;9;12;3;52;13;64;13;40;15;92;15;12;23;52;29;72;29;32;41;84;41;20;45;52;0;1;1;3;2;4;5;5;10;9;12;3;52;9;64;9;40;11;84;11;20;17;52;25;72;25;32;35;84;35;20;41;52;0;0;0;0;1;2;0;0;0;1;1;2;0;0;0;0;0;;0;0;0;0;0;0;1;2;3;4;5;6;7;8;9;10;11;12;13;14;15;16;17;18;19;20;21;22;23;24;25;26;27;28;29;30;31;7;6;6;6;8;7;7;255;255;255;0;0;0;0;
4090;0;1;1;3;2;5;5;7;6;12;12;3;52;11;64;11;40;13;88;13;16;25;64;25;40;25;88;25;16;43;64;43;40;0;1;1;3;2;4;8;8;10;9;12;3;52;11;64;11;40;13;88;13;16;19;52;33;68;33;36;43;84;43;20;43;52;0;1;1;3;2;4;8;8;10;9;12;3;52;11;64;11;40;13;88;13;16;19;52;33;68;33;36;43;84;43;20;43;52;1;1;1;0;6;3;1;0;1;3;2;3;0;0;0;0;0;;0;0;0;0;0;0;1;1;3;2;4;8;8;10;9;12;3;52;11;64;11;40;13;88;13;16;19;52;33;68;33;36;43;84;43;20;43;52;0;1;1;3;2;4;8;8;10;9;12;3;52;11;64;11;40;13;88;13;16;19;52;33;68;33;36;43;84;43;20;43;52;0;1;1;3;2;4;8;8;10;9;12;3;52;11;64;11;40;13;88;13;16;19;52;33;68;33;36;43;84;43;20;43;52;1;1;1;0;4;3;0;0;1;4;3;3;0;0;0;0;0;;0;0;0;0;0;0;1;1;3;2;5;5;7;6;12;12;3;52;11;64;11;40;13;88;13;16;25;64;25;40;25;88;25;16;43;64;43;40;0;1;1;3;2;4;8;8;10;9;12;3;52;11;64;11;40;13;88;13;16;19;52;33;68;33;36;43;84;43;20;43;52;0;1;1;3;2;4;8;8;10;9;12;3;52;11;64;11;40;13;88;13;16;19;52;33;68;33;36;43;84;43;20;43;52;1;1;1;0;6;3;1;0;1;3;2;3;0;0;0;0;0;;0;0;0;0;0;0;1;2;3;4;5;6;7;8;9;10;11;12;13;14;15;16;17;18;19;20;21;22;23;24;25;26;27;28;29;30;31;3;8;7;6;8;9;5;255;255;255;0;0;0;0;
4108;0;1;1;3;2;4;5;5;7;6;12;3;52;11;64;11;40;13;88;13;16;19;52;25;68;25;36;33;84;33;20;43;52;0;1;1;3;2;4;5;5;7;6;12;3;52;11;64;11;40;13;88;13;16;19;52;25;68;25;36;33;84;33;20;43;52;0;1;1;3;2;4;5;5;7;6;12;3;52;11;64;11;40;13;88;13;16;19;52;25;68;25;36;33;84;33;20;43;52;1;0;0;1;8;2;1;1;1;4;6;3;0;0;0;0;0;;0;0;0;0;0;0;1;1;3;2;4;5;5;7;6;12;3;52;11;64;11;40;13;88;13;16;19;52;25;68;25;36;33;84;33;20;43;52;0;1;1;3;2;4;5;5;7;6;12;3;52;11;64;11;40;13;88;13;16;19;52;25;68;25;36;33;84;33;20;43;52;0;1;1;3;2;4;5;5;7;6;12;3;52;11;64;11;40;13;88;13;16;19;52;25;68;25;36;33;84;33;20;43;52;0;0;0;1;8;1;1;1;1;3;6;3;0;0;0;0;0;;0;0;0;0;0;0;1;1;3;2;4;5;5;7;6;12;3;52;11;64;11;40;13;88;13;16;19;52;25;68;25;36;33;84;33;20;43;52;0;1;1;3;2;4;5;5;7;6;12;3;52;11;64;11;40;13;88;13;16;19;52;25;68;25;36;33;84;33;20;43;52;0;1;1;3;2;4;5;5;7;6;12;3;52;11;64;11;40;13;88;13;16;19;52;25;68;25;36;33;84;33;20;43;52;1;0;0;1;8;2;1;1;1;4;6;3;0;0;0;0;0;;0;0;0;0;0;0;1;2;3;4;5;6;7;8;9;10;11;12;13;14;15;16;17;18;19;20;21;22;23;24;25;26;27;28;29;30;31;1;4;4;4;4;10;6;255;255;255;0;0;0;0;
4123;0;1;1;1;3;2;4;4;7;6;12;3;52;11;52;11;72;11;32;15;88;15;16;23;64;23;40;29;84;29;20;41;52;0;1;1;1;3;2;5;5;7;6;12;3;52;11;52;11;72;11;32;15;88;15;16;23;64;23;40;29;84;29;20;41;52;0;1;1;1;3;2;5;5;7;6;12;3;52;11;52;11;72;11;32;15;88;15;16;23;64;23;40;29;84;29;20;41;52;0;0;0;1;6;1;1;1;1;3;5;3;0;0;0;0;0;;0;0;0;0;0;0;1;1;1;3;2;5;5;7;6;12;3;52;11;52;11;72;11;32;15;88;15;16;23;64;23;40;29;84;29;20;41;52;0;1;1;1;3;2;5;5;7;6;12;3;52;11;52;11;72;11;32;15;88;15;16;23;64;23;40;29;84;29;20;41;52;0;1;1;1;3;2;5;5;7;6;12;3;52;11;52;11;72;11;32;15;88;15;16;23;64;23;40;29;84;29;20;41;52;0;0;0;0;5;1;1;0;1;3;3;3;0;0;0;0;0;;0;0;0;0;0;0;1;1;1;3;2;4;4;7;6;12;3;52;11;52;11;72;11;32;15;88;15;16;23;64;23;40;29;84;29;20;41;52;0;1;1;1;3;2;5;5;7;6;12;3;52;11;52;11;72;11;32;15;88;15;16;23;64;23;40;29;84;29;20;41;52;0;1;1;1;3;2;5;5;7;6;12;3;52;11;52;11;72;11;32;15;88;15;16;23;64;23;40;29;84;29;20;41;52;0;0;0;1;6;1;1;1;1;3;5;3;0;0;0;0;0;;0;0;0;0;0;0;1;2;3;4;5;6;7;8;9;10;11;12;13;14;15;16;17;18;19;20;21;22;23;24;25;26;27;28;29;30;31;7;8;8;8;8;10;7;255;255;255;0;0;0;0;
4141;0;1;1;3;2;5;5;7;6;12;12;3;52;11;64;11;40;13;88;13;16;25;64;25;40;25;88;25;16;43;64;43;40;0;1;1;3;2;5;5;7;6;12;12;3;52;11;64;11;40;13;88;13;16;25;64;25;40;25;88;25;16;43;64;43;40;0;1;1;3;2;5;5;7;6;12;12;3;52;11;64;11;40;13;88;13;16;25;64;25;40;25;88;25;16;43;64;43;40;0;1;0;1;6;3;0;1;0;7;7;3;0;0;0;0;0;;0;0;0;0;0;0;1;1;3;2;5;5;7;6;12;12;3;52;11;64;11;40;13;88;13;16;25;64;25;40;25;88;25;16;43;64;43;40;0;1;1;3;2;5;5;7;6;12;12;3;52;11;64;11;40;13;88;13;16;25;64;25;40;25;88;25;16;43;64;43;40;0;1;1;3;2;5;5;7;6;12;12;3;52;11;64;11;40;13;88;13;16;25;64;25;40;25;88;25;16;43;64;43;40;1;0;1;0;4;1;1;0;1;4;3;3;0;0;0;0;0;;0;0;0;0;0;0;1;1;3;2;5;5;7;6;12;12;3;52;11;64;11;40;13;88;13;16;25;64;25;40;25;88;25;16;43;64;43;40;0;1;1;3;2;5;5;7;6;12;12;3;52;11;64;11;40;13;88;13;16;25;64;25;40;25;88;25;16;43;64;43;40;0;1;1;3;2;5;5;7;6;12;12;3;52;11;64;11;40;13;88;13;16;25;64;25;40;25;88;25;16;43;64;43;40;0;1;0;1;6;3;0;1;0;7;7;3;0;0;0;0;0;;0;0;0;0;0;0;1;2;3;4;5;6;7;8;9;10;11;12;13;14;15;16;17;18;19;20;21;22;23;24;25;26;27;28;29;30;31;6;7;7;7;7;9;5;255;255;255;0;0;0;0;
4145;0;1;1;3;2;5;5;7;6;12;12;3;52;11;64;11;40;13;88;13;16;21;64;21;40;31;84;31;20;43;64;43;40;0;1;1;3;2;5;5;10;9;12;12;3;52;11;64;11;40;15;88;15;16;23;64;23;40;35;84;35;20;43;64;43;40;0;1;1;3;2;5;5;7;6;8;11;3;52;11;64;11;40;11;88;11;16;19;64;19;40;27;84;27;20;33;52;39;52;0;1;0;1;5;2;0;1;0;6;6;3;0;1122944768;1122944768;1122944768;1122944768;;0;0;11;64;11;0;1;1;3;2;5;5;7;6;8;11;3;52;11;64;11;40;11;88;11;16;19;64;19;40;27;84;27;20;33;52;39;52;0;1;1;3;2;5;5;7;6;8;11;3;52;11;64;11;40;11;88;11;16;19;64;19;40;27;84;27;20;33;52;39;52;0;1;1;3;2;5;5;7;6;8;11;3;52;11;64;11;40;11;88;11;16;19;64;19;40;27;84;27;20;33;52;39;52;0;0;0;0;4;1;1;0;1;7;6;3;0;1122944768;1122944768;1122944768;1122944768;;0;0;43;64;43;0;1;1;3;2;5;5;7;6;12;12;3;52;11;64;11;40;13;88;13;16;21;64;21;40;31;84;31;20;43;64;43;40;0;1;1;3;2;5;5;10;9;12;12;3;52;11;64;11;40;15;88;15;16;23;64;23;40;35;84;35;20;43;64;43;40;0;1;1;3;2;5;5;7;6;8;11;3;52;11;64;11;40;11;88;11;16;19;64;19;40;27;84;27;20;33;52;39;52;0;1;0;1;5;2;0;1;0;6;6;3;0;1122944768;1122944768;1122944768;1122944768;;255;255;0;0;0;0;1;2;3;4;5;6;7;8;9;10;11;12;13;14;15;16;17;18;19;20;21;22;23;24;25;26;27;28;29;30;31;5;8;8;8;8;10;10;2;9;10;0;0;0;0;
4146;0;1;1;3;2;5;5;7;6;12;12;3;52;11;64;11;40;13;88;13;16;21;64;21;40;31;84;31;20;43;64;43;40;0;1;1;3;2;5;5;7;6;12;12;3;52;11;64;11;40;13;88;13;16;21;64;21;40;31;84;31;20;43;64;43;40;0;1;1;3;2;5;5;7;6;12;12;3;52;11;64;11;40;13;88;13;16;21;64;21;40;31;84;31;20;43;64;43;40;0;0;0;0;4;2;0;1;1;5;6;3;0;0;0;0;0;;0;0;0;0;0;0;1;1;3;2;5;5;7;6;12;12;3;52;11;64;11;40;13;88;13;16;21;64;21;40;31;84;31;20;43;64;43;40;0;1;1;3;2;5;5;7;6;12;12;3;52;11;64;11;40;13;88;13;16;21;64;21;40;31;84;31;20;43;64;43;40;0;1;1;3;2;5;5;7;6;12;12;3;52;11;64;11;40;13;88;13;16;21;64;21;40;31;84;31;20;43;64;43;40;0;0;0;0;4;1;0;1;1;6;7;3;0;0;0;0;0;;0;0;0;0;0;0;1;1;3;2;5;5;7;6;12;12;3;52;11;64;11;40;13;88;13;16;21;64;21;40;31;84;31;20;43;64;43;40;0;1;1;3;2;5;5;7;6;12;12;3;52;11;64;11;40;13;88;13;16;21;64;21;40;31;84;31;20;43;64;43;40;0;1;1;3;2;5;5;7;6;12;12;3;52;11;64;11;40;13;88;13;16;21;64;21;40;31;84;31;20;43;64;43;40;0;0;0;0;4;2;0;1;1;5;6;3;0;0;0;0;0;;0;0;0;0;0;0;1;2;3;4;5;6;7;8;9;10;11;12;13;14;15;16;17;18;19;20;21;22;23;24;25;26;27;28;29;30;31;6;7;7;8;7;9;8;255;255;255;0;0;0;0;
4147;0;1;1;3;2;4;5;5;8;12;12;3;52;11;64;11;40;13;88;13;16;19;52;25;68;25;36;33;52;43;64;43;40;0;1;1;3;2;4;5;5;8;12;12;3;52;11;64;11;40;13;88;13;16;19;52;25;68;25;36;33;52;43;64;43;40;0;1;1;3;2;4;5;5;8;12;12;3;52;11;64;11;40;13;88;13;16;19;52;25;68;25;36;33;52;43;64;43;40;0;1;1;0;5;2;1;0;1;4;6;3;0;0;0;0;0;;0;0;0;0;0;0;1;1;3;2;4;5;5;8;12;12;3;52;11;64;11;40;13;88;13;16;19;52;25;68;25;36;33;52;43;64;43;40;0;1;1;3;2;4;5;5;8;12;12;3;52;11;64;11;40;13;88;13;16;19;52;25;68;25;36;33;52;43;64;43;40;0;1;1;3;2;4;5;5;8;12;12;3;52;11;64;11;40;13;88;13;16;19;52;25;68;25;36;33;52;43;64;43;40;0;0;1;0;6;2;1;0;1;4;6;3;0;0;0;0;0;;0;0;0;0;0;0;1;1;3;2;4;5;5;8;12;12;3;52;11;64;11;40;13;88;13;16;19;52;25;68;25;36;33;52;43;64;43;40;0;1;1;3;2;4;5;5;8;12;12;3;52;11;64;11;40;13;88;13;16;19;52;25;68;25;36;33;52;43;64;43;40;0;1;1;3;2;4;5;5;8;12;12;3;52;11;64;11;40;13;88;13;16;19;52;25;68;25;36;33;52;43;64;43;40;0;1;1;0;5;2;1;0;1;4;6;3;0;0;0;0;0;;0;0;0;0;0;0;1;2;3;4;5;6;7;8;9;10;11;12;13;14;15;16;17;18;19;20;21;22;23;24;25;26;27;28;29;30;31;1;10;10;6;6;10;6;255;255;255;0;0;0;0;
4180;0;1;1;3;2;4;4;7;6;5;12;3;52;11;64;11;40;13;88;13;16;19;64;19;40;32;85;32;19;30;52;43;52;0;1;1;3;2;4;4;7;6;8;12;3;52;11;64;11;40;13;88;13;16;19;64;19;40;31;88;31;16;31;52;43;52;0;1;1;3;2;4;4;7;6;8;12;3;52;11;64;11;40;13;88;13;16;19;64;19;40;31;88;31;16;31;52;43;52;0;1;0;0;4;3;0;0;0;4;3;3;0;1122944768;1122944768;1122944768;1122944768;;0;0;11;64;11;0;1;1;3;2;4;4;7;6;8;12;3;52;11;64;11;40;13;88;13;16;19;64;19;40;31;88;31;16;31;52;43;52;0;1;1;3;2;4;4;7;6;8;12;3;52;11;64;11;40;13;88;13;16;19;64;19;40;31;88;31;16;31;52;43;52;0;1;1;3;2;4;4;7;6;8;12;3;52;11;64;11;40;13;88;13;16;19;64;19;40;31;88;31;16;31;52;43;52;1;0;0;1;3;2;0;0;0;4;4;2;0;1122944768;1122944768;1122944768;1122944768;;0;0;31;52;43;0;1;1;3;2;4;4;7;6;8;12;3;52;11;64;11;40;13;88;13;16;19;64;19;40;31;88;31;16;31;52;43;52;0;1;1;3;2;4;4;7;6;8;12;3;52;11;64;11;40;13;88;13;16;19;64;19;40;31;88;31;16;31;52;43;52;0;1;1;3;2;4;4;7;6;8;12;3;52;11;64;11;40;13;88;13;16;19;64;19;40;31;88;31;16;31;52;43;52;0;1;0;0;4;3;0;0;0;4;3;3;0;1122944768;1122944768;1122944768;1122944768;;255;255;0;0;0;0;1;2;3;4;5;6;7;8;9;10;11;12;13;14;15;16;17;18;19;20;21;22;23;24;25;26;27;28;29;30;31;2;9;6;9;6;10;7;2;1;10;0;0;0;0;
4192;0;1;1;3;2;4;4;7;6;8;12;3;52;11;64;11;40;13;88;13;16;19;64;19;40;31;88;31;16;31;52;43;52;0;1;1;3;2;4;4;7;6;8;12;3;52;11;64;11;40;13;88;13;16;19;64;19;40;31;88;31;16;31;52;43;52;0;1;1;3;2;4;4;7;6;8;12;3;52;11;64;11;40;13;88;13;16;19;64;19;40;31;88;31;16;31;52;43;52;0;1;0;1;5;3;0;0;0;3;4;3;0;0;0;0;0;;0;0;0;0;0;0;1;1;3;2;4;4;7;6;8;12;3;52;11;64;11;40;13;88;13;16;19;64;19;40;31;88;31;16;31;52;43;52;0;1;1;3;2;4;4;7;6;8;12;3;52;11;64;11;40;13;88;13;16;19;64;19;40;31;88;31;16;31;52;43;52;0;1;1;3;2;4;4;7;6;8;12;3;52;11;64;11;40;13;88;13;16;19;64;19;40;31;88;31;16;31;52;43;52;0;1;0;0;4;2;1;0;0;3;4;3;0;0;0;0;0;;0;0;0;0;0;0;1;1;3;2;4;4;7;6;8;12;3;52;11;64;11;40;13;88;13;16;19;64;19;40;31;88;31;16;31;52;43;52;0;1;1;3;2;4;4;7;6;8;12;3;52;11;64;11;40;13;88;13;16;19;64;19;40;31;88;31;16;31;52;43;52;0;1;1;3;2;4;4;7;6;8;12;3;52;11;64;11;40;13;88;13;16;19;64;19;40;31;88;31;16;31;52;43;52;0;1;0;1;5;3;0;0;0;3;4;3;0;0;0;0;0;;0;0;0;0;0;0;1;2;3;4;5;6;7;8;9;10;11;12;13;14;15;16;17;18;19;20;21;22;23;24;25;26;27;28;29;30;31;4;5;5;5;9;10;10;255;255;255;0;0;0;0;
4194;0;1;1;1;5;5;5;7;6;12;12;3;52;11;52;11;72;11;32;21;52;21;72;21;32;29;88;29;16;43;64;43;40;0;1;1;1;5;5;5;7;6;12;12;3;52;11;52;11;72;11;32;21;52;21;72;21;32;29;88;29;16;43;64;43;40;0;1;1;1;5;5;5;7;6;12;12;3;52;11;52;11;72;11;32;21;52;21;72;21;32;29;88;29;16;43;64;43;40;0;0;0;0;1;2;0;0;0;1;1;2;0;0;0;0;0;;0;0;0;0;0;0;1;1;1;5;5;5;7;6;12;12;3;52;11;52;11;72;11;32;21;52;21;72;21;32;29;88;29;16;43;64;43;40;0;1;1;1;5;5;5;7;6;12;12;3;52;11;52;11;72;11;32;21;52;21;72;21;32;29;88;29;16;43;64;43;40;0;1;1;1;5;5;5;7;6;12;12;3;52;11;52;11;72;11;32;21;52;21;72;21;32;29;88;29;16;43;64;43;40;0;0;0;0;1;2;0;0;0;1;1;2;0;0;0;0;0;;0;0;0;0;0;0;1;1;1;5;5;5;7;6;12;12;3;52;11;52;11;72;11;32;21;52;21;72;21;32;29;88;29;16;43;64;43;40;0;1;1;1;5;5;5;7;6;12;12;3;52;11;52;11;72;11;32;21;52;21;72;21;32;29;88;29;16;43;64;43;40;0;1;1;1;5;5;5;7;6;12;12;3;52;11;52;11;72;11;32;21;52;21;72;21;32;29;88;29;16;43;64;43;40;0;0;0;0;1;2;0;0;0;1;1;2;0;0;0;0;0;;0;0;0;0;0;0;1;2;3;4;5;6;7;8;9;10;11;12;13;14;15;16;17;18;19;20;21;22;23;24;25;26;27;28;29;30;31;9;6;6;6;6;9;9;255;255;255;0;0;0;0;
4200;0;1;1;1;3;2;5;5;7;6;12;3;52;11;52;11;72;11;32;15;88;15;16;23;64;23;40;29;84;29;20;41;52;0;1;1;1;3;2;5;5;7;6;12;3;52;11;52;11;72;11;32;15;88;15;16;23;64;23;40;29;84;29;20;41;52;0;1;1;1;3;2;5;5;7;6;12;3;52;11;52;11;72;11;32;15;88;15;16;23;64;23;40;29;84;29;20;41;52;0;0;0;0;1;2;0;0;0;1;1;2;0;0;0;0;0;;0;0;0;0;0;0;1;1;1;3;2;5;5;7;6;12;3;52;11;52;11;72;11;32;15;88;15;16;23;64;23;40;29;84;29;20;41;52;0;1;1;1;3;2;5;5;7;6;12;3;52;11;52;11;72;11;32;15;88;15;16;23;64;23;40;29;84;29;20;41;52;0;1;1;1;3;2;5;5;7;6;12;3;52;11;52;11;72;11;32;15;88;15;16;23;64;23;40;29;84;29;20;41;52;0;0;0;0;1;2;0;0;0;1;1;2;0;0;0;0;0;;0;0;0;0;0;0;1;1;1;3;2;5;5;7;6;12;3;52;11;52;11;72;11;32;15;88;15;16;23;64;23;40;29;84;29;20;41;52;0;1;1;1;3;2;5;5;7;6;12;3;52;11;52;11;72;11;32;15;88;15;16;23;64;23;40;29;84;29;20;41;52;0;1;1;1;3;2;5;5;7;6;12;3;52;11;52;11;72;11;32;15;88;15;16;23;64;23;40;29;84;29;20;41;52;0;0;0;0;1;2;0;0;0;1;1;2;0;0;0;0;0;;0;0;0;0;0;0;1;2;3;4;5;6;7;8;9;10;11;12;13;14;15;16;17;18;19;20;21;22;23;24;25;26;27;28;29;30;31;2;9;9;10;9;9;5;255;255;255;0;0;0;0;
4202;0;1;1;3;2;4;4;8;8;12;12;3;52;11;64;11;40;13;88;13;16;21;64;21;40;31;76;31;28;43;64;43;40;0;1;1;3;2;4;4;8;8;12;12;3;52;11;64;11;40;13;88;13;16;21;64;21;40;31;76;31;28;43;64;43;40;0;1;1;3;2;4;4;8;8;12;12;3;52;11;64;11;40;13;88;13;16;21;64;21;40;31;76;31;28;43;64;43;40;1;1;0;0;5;3;1;0;0;4;6;3;0;2;7;0;0;;0;0;0;0;0;0;1;1;3;2;4;4;8;8;12;12;3;52;11;64;11;40;13;88;13;16;21;64;21;40;31;76;31;28;43;64;43;40;0;1;1;3;2;4;4;8;8;12;12;3;52;11;64;11;40;13;88;13;16;21;64;21;40;31;76;31;28;43;64;43;40;0;1;1;3;2;4;4;8;8;12;12;3;52;11;64;11;40;13;88;13;16;21;64;21;40;31;76;31;28;43;64;43;40;0;1;0;0;5;3;1;0;1;4;7;3;0;0;0;0;0;;0;0;0;0;0;0;1;1;3;2;4;4;8;8;12;12;3;52;11;64;11;40;13;88;13;16;21;64;21;40;31;76;31;28;43;64;43;40;0;1;1;3;2;4;4;8;8;12;12;3;52;11;64;11;40;13;88;13;16;21;64;21;40;31;76;31;28;43;64;43;40;0;1;1;3;2;4;4;8;8;12;12;3;52;11;64;11;40;13;88;13;16;21;64;21;40;31;76;31;28;43;64;43;40;1;1;0;0;5;3;1;0;0;4;6;3;0;0;0;0;0;;0;0;0;0;0;0;1;2;3;4;5;6;7;8;9;10;11;12;13;14;15;16;17;18;19;20;21;22;23;24;25;26;27;28;29;30;31;5;5;5;5;5;5;7;255;255;255;0;0;0;0;
4210;0;1;1;3;2;4;5;5;10;9;12;3;52;11;64;11;40;13;88;13;16;19;52;25;68;25;36;35;84;35;20;43;52;0;1;1;3;2;4;5;5;10;9;12;3;52;11;64;11;40;13;88;13;16;19;52;25;68;25;36;35;84;35;20;43;52;0;1;1;3;2;4;5;5;10;9;12;3;52;11;64;11;40;13;88;13;16;19;52;25;68;25;36;35;84;35;20;43;52;1;0;1;0;4;3;0;1;1;6;6;3;0;0;0;0;0;;0;0;0;0;0;0;1;1;3;2;4;5;5;10;9;12;3;52;11;64;11;40;13;88;13;16;19;52;25;68;25;36;35;84;35;20;43;52;0;1;1;3;2;4;5;5;10;9;12;3;52;11;64;11;40;13;88;13;16;19;52;25;68;25;36;35;84;35;20;43;52;0;1;1;3;2;4;5;5;10;9;12;3;52;11;64;11;40;13;88;13;16;19;52;25;68;25;36;35;84;35;20;43;52;0;0;1;0;4;3;0;1;1;6;6;3;0;0;0;0;0;;0;0;0;0;0;0;1;1;3;2;4;5;5;10;9;12;3;52;11;64;11;40;13;88;13;16;19;52;25;68;25;36;35;84;35;20;43;52;0;1;1;3;2;4;5;5;10;9;12;3;52;11;64;11;40;13;88;13;16;19;52;25;68;25;36;35;84;35;20;43;52;0;1;1;3;2;4;5;5;10;9;12;3;52;11;64;11;40;13;88;13;16;19;52;25;68;25;36;35;84;35;20;43;52;1;0;1;0;4;3;0;1;1;6;6;3;0;0;0;0;0;;0;0;0;0;0;0;1;2;3;4;5;6;7;8;9;10;11;12;13;14;15;16;17;18;19;20;21;22;23;24;25;26;27;28;29;30;31;1;5;5;6;6;7;4;255;255;255;0;0;0;0;
4211;0;1;1;3;2;4;5;5;10;9;12;3;52;11;64;11;40;13;88;13;16;19;52;25;68;25;36;35;84;35;20;43;52;0;1;1;3;2;4;5;5;10;9;12;3;52;11;64;11;40;13;88;13;16;19;52;25;68;25;36;35;84;35;20;43;52;0;1;1;3;2;4;5;5;10;9;12;3;52;11;64;11;40;13;88;13;16;19;52;25;68;25;36;35;84;35;20;43;52;0;1;0;0;3;2;1;1;0;3;6;3;0;0;0;0;0;;0;0;0;0;0;0;1;1;3;2;4;5;5;10;9;12;3;52;11;64;11;40;13;88;13;16;19;52;25;68;25;36;35;84;35;20;43;52;0;1;1;3;2;4;5;5;10;9;12;3;52;11;64;11;40;13;88;13;16;19;52;25;68;25;36;35;84;35;20;43;52;0;1;1;3;2;4;5;5;10;9;12;3;52;11;64;11;40;13;88;13;16;19;52;25;68;25;36;35;84;35;20;43;52;0;0;0;0;5;1;1;1;1;3;7;3;0;0;0;0;0;;0;0;0;0;0;0;1;1;3;2;4;5;5;10;9;12;3;52;11;64;11;40;13;88;13;16;19;52;25;68;25;36;35;84;35;20;43;52;0;1;1;3;2;4;5;5;10;9;12;3;52;11;64;11;40;13;88;13;16;19;52;25;68;25;36;35;84;35;20;43;52;0;1;1;3;2;4;5;5;10;9;12;3;52;11;64;11;40;13;88;13;16;19;52;25;68;25;36;35;84;35;20;43;52;0;1;0;0;3;2;1;1;0;3;6;3;0;0;0;0;0;;0;0;0;0;0;0;1;2;3;4;5;6;7;8;9;10;11;12;13;14;15;16;17;18;19;20;21;22;23;24;25;26;27;28;29;30;31;2;9;9;9;9;10;6;255;255;255;0;0;0;0;
4213;0;1;1;3;2;4;5;5;8;12;12;3;52;11;64;11;40;13;88;13;16;19;52;27;72;27;32;33;52;43;64;43;40;0;1;1;3;2;4;5;5;8;12;12;3;52;11;64;11;40;13;88;13;16;19;52;27;72;27;32;33;52;43;64;43;40;0;1;1;3;2;4;5;5;8;12;12;3;52;11;64;11;40;13;88;13;16;19;52;27;72;27;32;33;52;43;64;43;40;1;1;0;0;0;0;0;1;0;0;0;0;52;0;0;-1090854321658;-1;;0;0;11;64;11;40;13;88;13;16;19;52;27;72;27;32;33;52;43;64;43;40;0;1;1;3;2;4;5;5;8;12;12;3;52;11;64;11;40;13;88;13;16;19;52;27;72;27;32;33;52;43;64;43;40;0;1;1;3;2;4;5;5;8;12;12;3;52;11;64;11;40;13;88;13;16;19;52;27;72;27;32;33;52;43;64;43;40;0;1;0;0;1;1;1;0;0;0;0;0;0;0;0;0;0;0;0;0;52;11;0;0;0;64;11;40;52;-1090854321659;-1;216455356602122240;219563710417798146;;0;0;43;64;43;40;0;1;1;3;2;4;5;5;8;12;12;3;52;11;64;11;40;13;88;13;16;19;52;27;72;27;32;33;52;43;64;43;40;0;1;1;3;2;4;5;5;8;12;12;3;52;11;64;11;40;13;88;13;16;19;52;27;72;27;32;33;52;43;64;43;40;1;1;0;0;0;1;0;0;0;0;0;0;0;0;0;0;0;0;0;0;0;0;0;0;0;6;2;4;4;2;255;255;255;255;255;255;28;29;255;255;255;30;31;6;0;216736831578832896;795458214266537220;1374179596971150604;1952900979675763988;;255;255;0;0;0;0;0;0;0;0;0;0;0;0;0;0;0;0;0;0;0;0;0;0;0;0;0;0;0;0;0;0;0;0;0;0;0;0;0;0;0;0;0;0;0;0;0;0;0;0;0;
4220;0;1;1;3;2;4;5;5;8;12;12;3;52;11;64;11;40;13;88;13;16;21;52;23;76;23;28;31;52;43;64;43;40;0;1;1;3;2;4;5;5;8;12;12;3;52;11;64;11;40;15;88;15;16;19;52;25;76;25;28;33;52;45;64;45;40;0;1;1;3;2;4;5;5;8;12;12;3;52;11;64;11;40;11;88;11;16;19;52;19;76;19;28;31;52;41;64;41;40;0;0;0;0;0;0;0;0;0;0;0;0;52;0;0;-1090904849919;-1;;0;0;11;64;11;40;11;88;11;16;19;52;19;76;19;28;31;52;41;64;41;40;0;1;1;3;2;4;5;5;8;12;12;3;52;11;64;11;40;11;88;11;16;19;52;19;76;19;28;31;52;41;64;41;40;0;1;1;3;2;4;5;5;8;12;12;3;52;11;64;11;40;11;88;11;16;19;52;19;76;19;28;31;52;41;64;41;40;0;0;0;0;0;0;0;0;0;0;0;0;0;0;0;0;0;0;0;0;52;11;0;0;0;64;11;40;52;-1090904849919;-1;216455356602122240;219563710417798146;;0;0;43;64;43;40;0;1;1;3;2;4;5;5;8;12;12;3;52;11;64;11;40;15;88;15;16;19;52;25;76;25;28;33;52;45;64;45;40;0;1;1;3;2;4;5;5;8;12;12;3;52;11;64;11;40;11;88;11;16;19;52;19;76;19;28;31;52;41;64;41;40;0;0;0;0;0;0;0;0;0;0;0;0;0;0;0;0;0;0;0;0;0;0;0;0;0;1;2;1;1;2;255;255;255;255;255;255;28;29;255;255;255;30;31;6;0;216736831578832896;795458214266537220;1374179596971150604;1952900979675763988;;255;255;0;0;0;0;0;0;0;0;0;0;0;0;0;0;0;0;0;0;0;0;0;0;0;0;0;0;0;0;0;0;0;0;0;0;0;0;0;0;0;0;0;0;0;0;0;0;0;0;0;
4229;0;1;1;1;4;5;5;7;6;12;12;3;52;11;52;11;72;11;32;21;52;25;72;25;32;23;92;23;12;43;64;43;40;0;1;1;1;4;5;5;7;6;12;12;3;52;11;52;13;72;13;32;23;52;27;72;27;32;27;92;27;12;43;64;43;40;0;1;1;1;4;5;5;7;6;12;12;3;52;11;52;11;72;11;32;19;52;23;72;23;32;19;92;19;12;41;64;41;40;0;0;0;0;1;2;0;0;0;1;1;2;0;0;0;0;0;;0;0;0;0;0;0;1;1;1;4;5;5;7;6;12;12;3;52;11;52;11;72;11;32;19;52;23;72;23;32;19;92;19;12;41;64;41;40;0;1;1;1;4;5;5;7;6;12;12;3;52;11;52;11;72;11;32;19;52;23;72;23;32;19;92;19;12;41;64;41;40;0;1;1;1;4;5;5;7;6;12;12;3;52;11;52;11;72;11;32;19;52;23;72;23;32;19;92;19;12;41;64;41;40;0;0;0;0;1;2;0;0;0;1;1;2;0;0;0;0;0;;0;0;0;0;0;0;1;1;1;4;5;5;7;6;12;12;3;52;11;52;11;72;11;32;21;52;25;72;25;32;23;92;23;12;43;64;43;40;0;1;1;1;4;5;5;7;6;12;12;3;52;11;52;13;72;13;32;23;52;27;72;27;32;27;92;27;12;43;64;43;40;0;1;1;1;4;5;5;7;6;12;12;3;52;11;52;11;72;11;32;19;52;23;72;23;32;19;92;19;12;41;64;41;40;0;0;0;0;1;2;0;0;0;1;1;2;0;0;0;0;0;;0;0;0;0;0;0;1;2;3;4;5;6;7;8;9;10;11;12;13;14;15;16;17;18;19;20;21;22;23;24;25;26;27;28;29;30;31;3;5;4;6;5;9;3;255;255;255;0;0;0;0;
4230;0;1;1;1;4;5;5;7;6;12;12;3;52;11;52;11;72;11;32;21;52;27;68;27;36;27;88;27;16;43;64;43;40;0;1;1;1;4;5;5;7;6;12;12;3;52;11;52;11;72;11;32;21;52;27;68;27;36;27;88;27;16;43;64;43;40;0;1;1;1;4;5;5;7;6;12;12;3;52;11;52;11;72;11;32;21;52;27;68;27;36;27;88;27;16;43;64;43;40;1;0;0;0;6;2;1;1;0;5;7;3;0;0;0;0;0;;0;0;0;0;0;0;1;1;1;4;5;5;7;6;12;12;3;52;11;52;11;72;11;32;21;52;27;68;27;36;27;88;27;16;43;64;43;40;0;1;1;1;4;5;5;7;6;12;12;3;52;11;52;11;72;11;32;21;52;27;68;27;36;27;88;27;16;43;64;43;40;0;1;1;1;4;5;5;7;6;12;12;3;52;11;52;11;72;11;32;21;52;27;68;27;36;27;88;27;16;43;64;43;40;1;0;0;0;5;1;1;1;1;3;6;3;0;0;0;0;0;;0;0;0;0;0;0;1;1;1;4;5;5;7;6;12;12;3;52;11;52;11;72;11;32;21;52;27;68;27;36;27;88;27;16;43;64;43;40;0;1;1;1;4;5;5;7;6;12;12;3;52;11;52;11;72;11;32;21;52;27;68;27;36;27;88;27;16;43;64;43;40;0;1;1;1;4;5;5;7;6;12;12;3;52;11;52;11;72;11;32;21;52;27;68;27;36;27;88;27;16;43;64;43;40;1;0;0;0;6;2;1;1;0;5;7;3;0;0;0;0;0;;0;0;0;0;0;0;1;2;3;4;5;6;7;8;9;10;11;12;13;14;15;16;17;18;19;20;21;22;23;24;25;26;27;28;29;30;31;3;10;10;10;10;10;6;255;255;255;0;0;0;0;
4232;0;1;1;3;2;4;4;7;6;8;11;3;52;11;64;11;40;13;88;13;16;19;64;19;40;31;88;31;16;31;52;43;52;0;1;1;3;2;4;4;7;6;8;11;3;52;11;64;11;40;13;88;13;16;19;64;19;40;31;88;31;16;31;52;43;52;0;1;1;3;2;4;4;7;6;8;11;3;52;11;64;11;40;13;88;13;16;19;64;19;40;31;88;31;16;31;52;43;52;0;0;0;0;5;2;1;0;1;3;7;3;0;0;0;0;0;;0;0;0;0;0;0;1;1;3;2;4;4;7;6;8;11;3;52;11;64;11;40;13;88;13;16;19;64;19;40;31;88;31;16;31;52;43;52;0;1;1;3;2;4;4;7;6;8;11;3;52;11;64;11;40;13;88;13;16;19;64;19;40;31;88;31;16;31;52;43;52;0;1;1;3;2;4;4;7;6;8;11;3;52;11;64;11;40;13;88;13;16;19;64;19;40;31;88;31;16;31;52;43;52;0;0;0;0;3;2;1;0;1;2;8;3;0;0;0;0;0;;0;0;0;0;0;0;1;1;3;2;4;4;7;6;8;11;3;52;11;64;11;40;13;88;13;16;19;64;19;40;31;88;31;16;31;52;43;52;0;1;1;3;2;4;4;7;6;8;11;3;52;11;64;11;40;13;88;13;16;19;64;19;40;31;88;31;16;31;52;43;52;0;1;1;3;2;4;4;7;6;8;11;3;52;11;64;11;40;13;88;13;16;19;64;19;40;31;88;31;16;31;52;43;52;0;0;0;0;5;2;1;0;1;3;7;3;0;0;0;0;0;;0;0;0;0;0;0;1;2;3;4;5;6;7;8;9;10;11;12;13;14;15;16;17;18;19;20;21;22;23;24;25;26;27;28;29;30;31;5;10;6;6;6;10;8;255;255;255;0;0;0;0;
4234;0;1;1;1;4;4;7;6;8;12;12;3;52;11;52;11;72;11;32;19;64;19;40;25;84;25;20;33;52;43;64;43;40;0;1;1;1;4;4;7;6;8;12;12;3;52;11;52;11;72;11;32;19;64;19;40;25;84;25;20;33;52;43;64;43;40;0;1;1;1;4;4;7;6;8;12;12;3;52;11;52;11;72;11;32;19;64;19;40;25;84;25;20;33;52;43;64;43;40;0;0;0;0;4;1;0;1;0;6;5;3;0;0;0;0;0;;0;0;0;0;0;0;1;1;1;4;4;7;6;8;12;12;3;52;11;52;11;72;11;32;19;64;19;40;25;84;25;20;33;52;43;64;43;40;0;1;1;1;4;4;7;6;8;12;12;3;52;11;52;11;72;11;32;19;64;19;40;25;84;25;20;33;52;43;64;43;40;0;1;1;1;4;4;7;6;8;12;12;3;52;11;52;11;72;11;32;19;64;19;40;25;84;25;20;33;52;43;64;43;40;0;0;0;0;3;1;1;0;1;4;6;3;0;0;0;0;0;;0;0;0;0;0;0;1;1;1;4;4;7;6;8;12;12;3;52;11;52;11;72;11;32;19;64;19;40;25;84;25;20;33;52;43;64;43;40;0;1;1;1;4;4;7;6;8;12;12;3;52;11;52;11;72;11;32;19;64;19;40;25;84;25;20;33;52;43;64;43;40;0;1;1;1;4;4;7;6;8;12;12;3;52;11;52;11;72;11;32;19;64;19;40;25;84;25;20;33;52;43;64;43;40;0;0;0;0;4;1;0;1;0;6;5;3;0;0;0;0;0;;0;0;0;0;0;0;1;2;3;4;5;6;7;8;9;10;11;12;13;14;15;16;17;18;19;20;21;22;23;24;25;26;27;28;29;30;31;10;9;9;9;8;10;8;255;255;255;0;0;0;0;
4240;0;1;1;3;2;4;5;5;10;9;12;3;52;11;64;11;40;13;88;13;16;23;52;27;72;27;32;41;84;41;20;43;52;0;1;1;3;2;4;5;5;10;9;12;3;52;11;64;11;40;15;88;15;16;25;52;31;72;31;32;43;84;43;20;45;52;0;1;1;3;2;4;5;5;10;9;12;3;52;11;64;11;40;11;88;11;16;19;52;23;72;23;32;37;84;37;20;41;52;0;0;0;1;0;0;1;0;1;0;0;0;52;0;0;-1086525668603;-1;;0;0;11;64;11;40;11;88;11;16;19;52;23;72;23;32;37;84;37;20;41;52;0;1;1;3;2;4;5;5;10;9;12;3;52;11;64;11;40;11;88;11;16;19;52;23;72;23;32;37;84;37;20;41;52;0;1;1;3;2;4;5;5;10;9;12;3;52;11;64;11;40;11;88;11;16;19;52;23;72;23;32;37;84;37;20;41;52;0;0;0;1;1;1;0;0;0;0;0;0;0;0;0;0;0;0;0;0;52;11;0;0;0;64;11;40;84;-1086542445819;-1;216455356602122240;219560420472849410;;0;0;41;20;43;52;0;1;1;3;2;4;5;5;10;9;12;3;52;11;64;11;40;15;88;15;16;25;52;31;72;31;32;43;84;43;20;45;52;0;1;1;3;2;4;5;5;10;9;12;3;52;11;64;11;40;11;88;11;16;19;52;23;72;23;32;37;84;37;20;41;52;0;0;0;1;1;0;1;0;0;0;0;0;0;0;0;0;0;0;0;0;0;0;0;0;0;5;3;6;6;3;255;255;255;255;255;255;28;29;255;255;255;30;31;5;0;216736831578832896;795458214266537220;1374179596971150604;1952900979675763988;;255;255;0;0;0;0;0;0;0;0;0;0;0;0;0;0;0;0;0;0;0;0;0;0;0;0;0;0;0;0;0;0;0;0;0;0;0;0;0;0;0;0;0;0;0;0;0;0;0;0;0;
4244;0;1;1;1;4;5;5;7;6;11;12;3;52;11;52;11;72;11;32;21;52;27;68;27;36;27;88;27;16;43;64;43;40;0;1;1;1;4;5;5;7;6;11;12;3;52;11;52;11;72;11;32;21;52;27;68;27;36;27;88;27;16;43;64;43;40;0;1;1;1;4;5;5;7;6;11;12;3;52;11;52;11;72;11;32;21;52;27;68;27;36;27;88;27;16;43;64;43;40;1;0;0;0;5;3;1;1;0;4;4;3;0;0;0;0;0;;0;0;0;0;0;0;1;1;1;4;5;5;7;6;11;12;3;52;11;52;11;72;11;32;21;52;27;68;27;36;27;88;27;16;43;64;43;40;0;1;1;1;4;5;5;7;6;11;12;3;52;11;52;11;72;11;32;21;52;27;68;27;36;27;88;27;16;43;64;43;40;0;1;1;1;4;5;5;7;6;11;12;3;52;11;52;11;72;11;32;21;52;27;68;27;36;27;88;27;16;43;64;43;40;0;0;0;0;5;3;1;1;1;2;6;3;0;0;0;0;0;;0;0;0;0;0;0;1;1;1;4;5;5;7;6;11;12;3;52;11;52;11;72;11;32;21;52;27;68;27;36;27;88;27;16;43;64;43;40;0;1;1;1;4;5;5;7;6;11;12;3;52;11;52;11;72;11;32;21;52;27;68;27;36;27;88;27;16;43;64;43;40;0;1;1;1;4;5;5;7;6;11;12;3;52;11;52;11;72;11;32;21;52;27;68;27;36;27;88;27;16;43;64;43;40;1;0;0;0;5;3;1;1;0;4;4;3;0;0;0;0;0;;0;0;0;0;0;0;1;2;3;4;5;6;7;8;9;10;11;12;13;14;15;16;17;18;19;20;21;22;23;24;25;26;27;28;29;30;31;1;8;8;5;5;10;9;255;255;255;0;0;0;0;
4252;0;1;1;3;2;4;4;7;6;8;12;3;52;11;64;11;40;13;88;13;16;19;64;19;40;31;88;31;16;31;52;43;52;0;1;1;3;2;4;4;7;6;8;12;3;52;11;64;11;40;13;88;13;16;19;64;19;40;31;88;31;16;31;52;43;52;0;1;1;3;2;4;4;7;6;8;12;3;52;11;64;11;40;13;88;13;16;19;64;19;40;31;88;31;16;31;52;43;52;0;1;0;0;4;2;0;0;1;5;5;2;0;0;0;0;0;;0;0;0;0;0;0;1;1;3;2;4;4;7;6;8;12;3;52;11;64;11;40;13;88;13;16;19;64;19;40;31;88;31;16;31;52;43;52;0;1;1;3;2;4;4;7;6;8;12;3;52;11;64;11;40;13;88;13;16;19;64;19;40;31;88;31;16;31;52;43;52;0;1;1;3;2;4;4;7;6;8;12;3;52;11;64;11;40;13;88;13;16;19;64;19;40;31;88;31;16;31;52;43;52;0;0;0;0;5;2;0;0;1;6;6;2;0;0;0;0;0;;0;0;0;0;0;0;1;1;3;2;4;4;7;6;8;12;3;52;11;64;11;40;13;88;13;16;19;64;19;40;31;88;31;16;31;52;43;52;0;1;1;3;2;4;4;7;6;8;12;3;52;11;64;11;40;13;88;13;16;19;64;19;40;31;88;31;16;31;52;43;52;0;1;1;3;2;4;4;7;6;8;12;3;52;11;64;11;40;13;88;13;16;19;64;19;40;31;88;31;16;31;52;43;52;0;1;0;0;4;2;0;0;1;5;5;2;0;0;0;0;0;;0;0;0;0;0;0;1;2;3;4;5;6;7;8;9;10;11;12;13;14;15;16;17;18;19;20;21;22;23;24;25;26;27;28;29;30;31;4;9;9;9;8;5;4;255;255;255;0;0;0;0;
4260;0;1;1;3;2;4;4;7;6;8;12;3;52;11;64;11;40;13;88;13;16;19;64;19;40;31;88;31;16;33;52;43;52;0;1;1;1;5;5;7;6;10;9;12;3;52;11;52;11;72;11;32;21;64;21;40;25;88;25;16;39;84;39;20;43;52;0;1;1;1;5;5;7;6;10;9;12;3;52;11;52;11;72;11;32;21;64;21;40;25;88;25;16;39;84;39;20;43;52;0;0;1;1;5;2;1;1;1;6;6;3;0;1122944768;1122944768;1122944768;1122944768;;0;0;9;64;9;0;1;1;1;5;5;7;6;10;9;12;3;52;11;52;11;72;11;32;21;64;21;40;25;88;25;16;39;84;39;20;43;52;0;1;1;1;5;5;7;6;10;9;12;3;52;11;52;11;72;11;32;21;64;21;40;25;88;25;16;39;84;39;20;43;52;0;1;1;1;5;5;7;6;10;9;12;3;52;11;52;11;72;11;32;21;64;21;40;25;88;25;16;39;84;39;20;43;52;0;0;1;0;6;1;0;1;1;6;7;3;0;1122944768;1122944768;1122944768;1122944768;;0;0;41;60;41;0;1;1;1;5;5;7;6;10;9;12;3;52;11;52;11;72;11;32;21;64;21;40;25;88;25;16;39;84;39;20;43;52;0;1;1;1;5;5;7;6;10;9;12;3;52;11;52;11;72;11;32;21;64;21;40;25;88;25;16;39;84;39;20;43;52;0;1;1;1;5;5;7;6;10;9;12;3;52;11;52;11;72;11;32;21;64;21;40;25;88;25;16;39;84;39;20;43;52;0;0;1;1;5;2;1;1;1;6;6;3;0;1122944768;1122944768;1122944768;1122944768;;255;255;0;0;0;0;1;2;3;4;5;6;7;8;9;10;11;12;13;14;15;16;17;18;19;20;21;22;23;24;25;26;27;28;29;30;31;1;6;6;6;6;10;9;2;1;10;0;0;0;0;
4272;0;1;1;3;2;5;5;7;6;8;12;3;52;11;64;11;40;13;88;13;16;21;64;21;40;29;88;29;16;31;52;43;52;0;1;1;3;2;5;5;7;6;8;12;3;52;11;64;11;40;13;88;13;16;21;64;21;40;31;88;31;16;31;52;43;52;0;1;1;3;2;5;5;7;6;8;12;3;52;11;64;11;40;13;88;13;16;19;64;19;40;27;88;27;16;29;52;41;52;0;1;0;0;5;2;1;0;1;5;4;3;0;0;0;0;0;;0;0;0;0;0;0;1;1;3;2;5;5;7;6;8;12;3;52;11;64;11;40;13;88;13;16;19;64;19;40;27;88;27;16;29;52;41;52;0;1;1;3;2;5;5;7;6;8;12;3;52;11;64;11;40;13;88;13;16;19;64;19;40;27;88;27;16;29;52;41;52;0;1;1;3;2;5;5;7;6;8;12;3;52;11;64;11;40;13;88;13;16;19;64;19;40;27;88;27;16;29;52;41;52;0;1;0;0;6;2;1;0;1;4;5;3;0;0;0;0;0;;0;0;0;0;0;0;1;1;3;2;5;5;7;6;8;12;3;52;11;64;11;40;13;88;13;16;21;64;21;40;29;88;29;16;31;52;43;52;0;1;1;3;2;5;5;7;6;8;12;3;52;11;64;11;40;13;88;13;16;21;64;21;40;31;88;31;16;31;52;43;52;0;1;1;3;2;5;5;7;6;8;12;3;52;11;64;11;40;13;88;13;16;19;64;19;40;27;88;27;16;29;52;41;52;0;1;0;0;5;2;1;0;1;5;4;3;0;0;0;0;0;;0;0;0;0;0;0;1;2;3;4;5;6;7;8;9;10;11;12;13;14;15;16;17;18;19;20;21;22;23;24;25;26;27;28;29;30;31;9;6;6;6;6;9;5;255;255;255;0;0;0;0;
4288;0;1;1;1;3;2;5;5;7;6;12;3;52;11;52;11;72;11;32;15;88;15;16;23;64;23;40;29;84;29;20;41;52;0;1;1;1;3;2;5;5;7;6;12;3;52;11;52;11;72;11;32;15;88;15;16;23;64;23;40;29;84;29;20;41;52;0;1;1;1;3;2;5;5;7;6;12;3;52;11;52;11;72;11;32;15;88;15;16;23;64;23;40;29;84;29;20;41;52;0;1;0;1;6;2;1;0;1;5;6;3;0;0;0;0;0;;0;0;0;0;0;0;1;1;1;3;2;5;5;7;6;12;3;52;11;52;11;72;11;32;15;88;15;16;23;64;23;40;29;84;29;20;41;52;0;1;1;1;3;2;5;5;7;6;12;3;52;11;52;11;72;11;32;15;88;15;16;23;64;23;40;29;84;29;20;41;52;0;1;1;1;3;2;5;5;7;6;12;3;52;11;52;11;72;11;32;15;88;15;16;23;64;23;40;29;84;29;20;41;52;0;0;0;0;6;2;1;0;1;5;7;3;0;0;0;0;0;;0;0;0;0;0;0;1;1;1;3;2;5;5;7;6;12;3;52;11;52;11;72;11;32;15;88;15;16;23;64;23;40;29;84;29;20;41;52;0;1;1;1;3;2;5;5;7;6;12;3;52;11;52;11;72;11;32;15;88;15;16;23;64;23;40;29;84;29;20;41;52;0;1;1;1;3;2;5;5;7;6;12;3;52;11;52;11;72;11;32;15;88;15;16;23;64;23;40;29;84;29;20;41;52;0;1;0;1;6;2;1;0;1;5;6;3;0;0;0;0;0;;0;0;0;0;0;0;1;2;3;4;5;6;7;8;9;10;11;12;13;14;15;16;17;18;19;20;21;22;23;24;25;26;27;28;29;30;31;3;7;7;7;7;10;10;255;255;255;0;0;0;0;
4298;0;1;1;3;2;4;4;7;6;8;12;3;52;11;64;11;40;13;88;13;16;19;64;19;40;31;88;31;16;31;52;43;52;0;1;1;3;2;4;4;7;6;8;12;3;52;11;64;11;40;13;88;13;16;19;64;19;40;31;88;31;16;31;52;43;52;0;1;1;3;2;4;4;7;6;8;12;3;52;11;64;11;40;13;88;13;16;19;64;19;40;31;88;31;16;31;52;43;52;1;0;1;1;5;2;0;1;1;5;6;3;0;0;0;0;0;;0;0;0;0;0;0;1;1;3;2;4;4;7;6;8;12;3;52;11;64;11;40;13;88;13;16;19;64;19;40;31;88;31;16;31;52;43;52;0;1;1;3;2;4;4;7;6;8;12;3;52;11;64;11;40;13;88;13;16;19;64;19;40;31;88;31;16;31;52;43;52;0;1;1;3;2;4;4;7;6;8;12;3;52;11;64;11;40;13;88;13;16;19;64;19;40;31;88;31;16;31;52;43;52;1;0;0;0;6;2;1;0;0;4;6;3;0;0;0;0;0;;0;0;0;0;0;0;1;1;3;2;4;4;7;6;8;12;3;52;11;64;11;40;13;88;13;16;19;64;19;40;31;88;31;16;31;52;43;52;0;1;1;3;2;4;4;7;6;8;12;3;52;11;64;11;40;13;88;13;16;19;64;19;40;31;88;31;16;31;52;43;52;0;1;1;3;2;4;4;7;6;8;12;3;52;11;64;11;40;13;88;13;16;19;64;19;40;31;88;31;16;31;52;43;52;1;0;1;1;5;2;0;1;1;5;6;3;0;0;0;0;0;;0;0;0;0;0;0;1;2;3;4;5;6;7;8;9;10;11;12;13;14;15;16;17;18;19;20;21;22;23;24;25;26;27;28;29;30;31;2;9;9;6;6;9;6;255;255;255;0;0;0;0;
4302;0;1;1;1;3;2;4;5;5;12;12;3;52;11;52;11;72;11;32;15;88;15;16;21;52;27;68;27;36;43;64;43;40;0;1;1;1;3;2;4;5;5;12;12;3;52;11;52;11;72;11;32;15;88;15;16;21;52;27;68;27;36;43;64;43;40;0;1;1;1;3;2;4;5;5;12;12;3;52;11;52;11;72;11;32;15;88;15;16;21;52;27;68;27;36;43;64;43;40;1;0;1;0;2;1;1;1;1;2;6;2;0;0;0;0;0;;0;0;0;0;0;0;1;1;1;3;2;4;5;5;12;12;3;52;11;52;11;72;11;32;15;88;15;16;21;52;27;68;27;36;43;64;43;40;0;1;1;1;3;2;4;5;5;12;12;3;52;11;52;11;72;11;32;15;88;15;16;21;52;27;68;27;36;43;64;43;40;0;1;1;1;3;2;4;5;5;12;12;3;52;11;52;11;72;11;32;15;88;15;16;21;52;27;68;27;36;43;64;43;40;0;1;0;0;4;1;1;1;1;2;6;3;0;0;0;0;0;;0;0;0;0;0;0;1;1;1;3;2;4;5;5;12;12;3;52;11;52;11;72;11;32;15;88;15;16;21;52;27;68;27;36;43;64;43;40;0;1;1;1;3;2;4;5;5;12;12;3;52;11;52;11;72;11;32;15;88;15;16;21;52;27;68;27;36;43;64;43;40;0;1;1;1;3;2;4;5;5;12;12;3;52;11;52;11;72;11;32;15;88;15;16;21;52;27;68;27;36;43;64;43;40;1;0;1;0;2;1;1;1;1;2;6;2;0;0;0;0;0;;0;0;0;0;0;0;1;2;3;4;5;6;7;8;9;10;11;12;13;14;15;16;17;18;19;20;21;22;23;24;25;26;27;28;29;30;31;3;8;8;8;8;10;7;255;255;255;0;0;0;0;
4308;0;1;1;3;2;4;4;7;6;8;12;3;52;11;64;11;40;13;88;13;16;19;64;19;40;29;84;29;20;31;52;43;52;0;1;1;3;2;4;4;7;6;8;12;3;52;11;64;11;40;13;88;13;16;21;64;21;40;33;84;33;20;33;52;45;52;0;1;1;3;2;4;4;7;6;8;11;3;52;11;64;11;40;13;88;13;16;17;64;17;40;25;84;25;20;27;52;39;52;1;0;0;1;6;3;1;0;0;5;5;3;0;0;0;0;0;;0;0;0;0;0;0;1;1;3;2;4;4;7;6;8;11;3;52;11;64;11;40;13;88;13;16;17;64;17;40;25;84;25;20;27;52;39;52;0;1;1;3;2;4;4;7;6;8;11;3;52;11;64;11;40;13;88;13;16;17;64;17;40;25;84;25;20;27;52;39;52;0;1;1;3;2;4;4;7;6;8;11;3;52;11;64;11;40;13;88;13;16;17;64;17;40;25;84;25;20;27;52;39;52;0;0;0;1;8;3;1;1;0;4;6;3;0;0;0;0;0;;0;0;0;0;0;0;1;1;3;2;4;4;7;6;8;12;3;52;11;64;11;40;13;88;13;16;19;64;19;40;29;84;29;20;31;52;43;52;0;1;1;3;2;4;4;7;6;8;12;3;52;11;64;11;40;13;88;13;16;21;64;21;40;33;84;33;20;33;52;45;52;0;1;1;3;2;4;4;7;6;8;11;3;52;11;64;11;40;13;88;13;16;17;64;17;40;25;84;25;20;27;52;39;52;1;0;0;1;6;3;1;0;0;5;5;3;0;0;0;0;0;;0;0;0;0;0;0;1;2;3;4;5;6;7;8;9;10;11;12;13;14;15;16;17;18;19;20;21;22;23;24;25;26;27;28;29;30;31;0;7;7;7;7;7;9;255;255;255;0;0;0;0;
4314;0;1;1;3;2;4;5;5;7;6;12;3;52;11;64;11;40;13;88;13;16;19;52;25;68;25;36;33;84;33;20;43;52;0;1;1;3;2;4;5;5;7;6;12;3;52;11;64;11;40;13;88;13;16;19;52;25;68;25;36;33;84;33;20;43;52;0;1;1;3;2;4;5;5;7;6;12;3;52;11;64;11;40;13;88;13;16;19;52;25;68;25;36;33;84;33;20;43;52;1;0;0;0;4;2;0;0;0;6;5;2;0;0;0;0;0;;0;0;0;0;0;0;1;1;3;2;4;5;5;7;6;12;3;52;11;64;11;40;13;88;13;16;19;52;25;68;25;36;33;84;33;20;43;52;0;1;1;3;2;4;5;5;7;6;12;3;52;11;64;11;40;13;88;13;16;19;52;25;68;25;36;33;84;33;20;43;52;0;1;1;3;2;4;5;5;7;6;12;3;52;11;64;11;40;13;88;13;16;19;52;25;68;25;36;33;84;33;20;43;52;0;0;0;0;3;1;1;1;0;3;7;3;0;0;0;0;0;;0;0;0;0;0;0;1;1;3;2;4;5;5;7;6;12;3;52;11;64;11;40;13;88;13;16;19;52;25;68;25;36;33;84;33;20;43;52;0;1;1;3;2;4;5;5;7;6;12;3;52;11;64;11;40;13;88;13;16;19;52;25;68;25;36;33;84;33;20;43;52;0;1;1;3;2;4;5;5;7;6;12;3;52;11;64;11;40;13;88;13;16;19;52;25;68;25;36;33;84;33;20;43;52;1;0;0;0;4;2;0;0;0;6;5;2;0;0;0;0;0;;0;0;0;0;0;0;1;2;3;4;5;6;7;8;9;10;11;12;13;14;15;16;17;18;19;20;21;22;23;24;25;26;27;28;29;30;31;4;6;6;6;6;10;5;255;255;255;0;0;0;0;
4320;0;1;1;3;2;4;4;7;6;8;12;3;52;11;64;11;40;13;88;13;16;19;64;19;40;31;88;31;16;33;52;43;52;0;1;1;3;2;5;5;7;6;12;12;3;52;11;64;11;40;13;88;13;16;21;64;21;40;31;84;31;20;43;64;43;40;0;1;1;3;2;5;5;7;6;12;12;3;52;11;64;11;40;13;88;13;16;21;64;21;40;31;84;31;20;43;64;43;40;0;0;0;0;1;2;0;0;0;1;1;2;0;1122944768;1122944768;1122944768;1122944768;;0;0;11;64;11;0;1;1;3;2;5;5;7;6;12;12;3;52;11;64;11;40;13;88;13;16;21;64;21;40;31;84;31;20;43;64;43;40;0;1;1;3;2;5;5;7;6;12;12;3;52;11;64;11;40;13;88;13;16;21;64;21;40;31;84;31;20;43;64;43;40;0;1;1;3;2;5;5;7;6;12;12;3;52;11;64;11;40;13;88;13;16;21;64;21;40;31;84;31;20;43;64;43;40;0;0;0;0;1;2;0;0;0;1;1;2;0;1122944768;1122944768;1122944768;1122944768;;0;0;33;52;43;0;1;1;3;2;5;5;7;6;12;12;3;52;11;64;11;40;13;88;13;16;21;64;21;40;31;84;31;20;43;64;43;40;0;1;1;3;2;5;5;7;6;12;12;3;52;11;64;11;40;13;88;13;16;21;64;21;40;31;84;31;20;43;64;43;40;0;1;1;3;2;5;5;7;6;12;12;3;52;11;64;11;40;13;88;13;16;21;64;21;40;31;84;31;20;43;64;43;40;0;0;0;0;1;2;0;0;0;1;1;2;0;1122944768;1122944768;1122944768;1122944768;;255;255;0;0;0;0;1;2;3;4;5;6;7;8;9;10;11;12;13;14;15;16;17;18;19;20;21;22;23;24;25;26;27;28;29;30;31;2;9;9;9;9;10;4;2;1;10;0;0;0;0;
4321;0;1;1;3;2;4;4;8;10;9;12;3;52;11;64;11;40;13;88;13;16;21;64;21;40;31;52;39;84;39;20;43;52;0;1;1;3;2;5;5;8;10;9;12;3;52;11;64;11;40;13;88;13;16;21;64;21;40;31;52;39;84;39;20;43;52;0;1;1;3;2;4;4;8;10;9;12;3;52;11;64;11;40;13;88;13;16;21;64;21;40;31;52;39;84;39;20;43;52;0;0;0;0;1;2;0;0;0;1;1;2;0;0;0;0;0;;0;0;0;0;0;0;1;1;3;2;4;4;8;10;9;12;3;52;11;64;11;40;13;88;13;16;21;64;21;40;31;52;39;84;39;20;43;52;0;1;1;3;2;4;4;8;10;9;12;3;52;11;64;11;40;13;88;13;16;21;64;21;40;31;52;39;84;39;20;43;52;0;1;1;3;2;4;4;8;10;9;12;3;52;11;64;11;40;13;88;13;16;21;64;21;40;31;52;39;84;39;20;43;52;0;0;0;0;1;2;0;0;0;1;1;2;0;0;0;0;0;;0;0;0;0;0;0;1;1;3;2;4;4;8;10;9;12;3;52;11;64;11;40;13;88;13;16;21;64;21;40;31;52;39;84;39;20;43;52;0;1;1;3;2;5;5;8;10;9;12;3;52;11;64;11;40;13;88;13;16;21;64;21;40;31;52;39;84;39;20;43;52;0;1;1;3;2;4;4;8;10;9;12;3;52;11;64;11;40;13;88;13;16;21;64;21;40;31;52;39;84;39;20;43;52;0;0;0;0;1;2;0;0;0;1;1;2;0;0;0;0;0;;0;0;0;0;0;0;1;2;3;4;5;6;7;8;9;10;11;12;13;14;15;16;17;18;19;20;21;22;23;24;25;26;27;28;29;30;31;7;7;7;7;7;7;4;255;255;255;0;0;0;0;
4323;0;1;1;3;2;4;4;7;6;8;12;3;52;11;64;11;40;13;88;13;16;19;64;19;40;31;88;31;16;31;52;43;52;0;1;1;3;2;4;4;7;6;8;12;3;52;11;64;11;40;13;88;13;16;19;64;19;40;31;88;31;16;31;52;43;52;0;1;1;3;2;4;4;7;6;8;12;3;52;11;64;11;40;13;88;13;16;19;64;19;40;31;88;31;16;31;52;43;52;0;1;0;1;8;3;0;0;0;7;6;3;0;0;0;0;0;;0;0;0;0;0;0;1;1;3;2;4;4;7;6;8;12;3;52;11;64;11;40;13;88;13;16;19;64;19;40;31;88;31;16;31;52;43;52;0;1;1;3;2;4;4;7;6;8;12;3;52;11;64;11;40;13;88;13;16;19;64;19;40;31;88;31;16;31;52;43;52;0;1;1;3;2;4;4;7;6;8;12;3;52;11;64;11;40;13;88;13;16;19;64;19;40;31;88;31;16;31;52;43;52;0;0;1;1;9;3;1;0;0;10;10;3;0;0;0;0;0;;0;0;0;0;0;0;1;1;3;2;4;4;7;6;8;12;3;52;11;64;11;40;13;88;13;16;19;64;19;40;31;88;31;16;31;52;43;52;0;1;1;3;2;4;4;7;6;8;12;3;52;11;64;11;40;13;88;13;16;19;64;19;40;31;88;31;16;31;52;43;52;0;1;1;3;2;4;4;7;6;8;12;3;52;11;64;11;40;13;88;13;16;19;64;19;40;31;88;31;16;31;52;43;52;0;1;0;1;8;3;0;0;0;7;6;3;0;0;0;0;0;;0;0;0;0;0;0;1;2;3;4;5;6;7;8;9;10;11;12;13;14;15;16;17;18;19;20;21;22;23;24;25;26;27;28;29;30;31;8;5;5;7;8;10;8;255;255;255;0;0;0;0;
4910;0;1;1;3;2;5;5;7;6;8;12;3;52;9;64;9;40;13;88;13;16;21;64;21;40;27;84;27;20;31;52;41;52;0;1;1;3;2;5;5;7;6;8;12;3;52;9;64;9;40;13;88;13;16;23;64;23;40;29;84;29;20;31;52;41;52;0;1;1;3;2;5;5;7;6;8;12;3;52;9;64;9;40;13;88;13;16;21;64;21;40;25;84;25;20;29;52;41;52;0;1;0;1;5;1;0;0;0;7;5;3;0;0;0;0;0;;0;0;0;0;0;0;1;1;3;2;5;5;7;6;8;12;3;52;9;64;9;40;13;88;13;16;21;64;21;40;25;84;25;20;29;52;41;52;0;1;1;3;2;5;5;7;6;8;12;3;52;9;64;9;40;13;88;13;16;21;64;21;40;25;84;25;20;29;52;41;52;0;1;1;3;2;5;5;7;6;8;12;3;52;9;64;9;40;13;88;13;16;21;64;21;40;25;84;25;20;29;52;41;52;1;0;1;0;7;2;0;1;0;7;6;3;0;0;0;0;0;;0;0;0;0;0;0;1;1;3;2;5;5;7;6;8;12;3;52;9;64;9;40;13;88;13;16;21;64;21;40;27;84;27;20;31;52;41;52;0;1;1;3;2;5;5;7;6;8;12;3;52;9;64;9;40;13;88;13;16;23;64;23;40;29;84;29;20;31;52;41;52;0;1;1;3;2;5;5;7;6;8;12;3;52;9;64;9;40;13;88;13;16;21;64;21;40;25;84;25;20;29;52;41;52;0;1;0;1;5;1;0;0;0;7;5;3;0;0;0;0;0;;0;0;0;0;0;0;1;2;3;4;5;6;7;8;9;10;11;12;13;14;15;16;17;18;19;20;21;22;23;24;25;26;27;28;29;30;31;6;9;6;6;9;9;5;255;255;255;0;0;0;0;
4923;0;1;1;1;4;5;5;7;6;11;12;3;52;11;52;11;72;11;32;21;52;27;68;27;36;27;88;27;16;43;64;43;40;0;1;1;1;4;5;5;7;6;11;12;3;52;11;52;11;72;11;32;21;52;27;68;27;36;27;88;27;16;43;64;43;40;0;1;1;1;4;5;5;7;6;11;12;3;52;11;52;11;72;11;32;21;52;27;68;27;36;27;88;27;16;43;64;43;40;0;0;0;0;7;2;1;0;1;3;7;2;0;0;0;0;0;;0;0;0;0;0;0;1;1;1;4;5;5;7;6;11;12;3;52;11;52;11;72;11;32;21;52;27;68;27;36;27;88;27;16;43;64;43;40;0;1;1;1;4;5;5;7;6;11;12;3;52;11;52;11;72;11;32;21;52;27;68;27;36;27;88;27;16;43;64;43;40;0;1;1;1;4;5;5;7;6;11;12;3;52;11;52;11;72;11;32;21;52;27;68;27;36;27;88;27;16;43;64;43;40;0;0;0;0;5;2;1;0;1;3;8;2;0;0;0;0;0;;0;0;0;0;0;0;1;1;1;4;5;5;7;6;11;12;3;52;11;52;11;72;11;32;21;52;27;68;27;36;27;88;27;16;43;64;43;40;0;1;1;1;4;5;5;7;6;11;12;3;52;11;52;11;72;11;32;21;52;27;68;27;36;27;88;27;16;43;64;43;40;0;1;1;1;4;5;5;7;6;11;12;3;52;11;52;11;72;11;32;21;52;27;68;27;36;27;88;27;16;43;64;43;40;0;0;0;0;7;2;1;0;1;3;7;2;0;0;0;0;0;;0;0;0;0;0;0;1;2;3;4;5;6;7;8;9;10;11;12;13;14;15;16;17;18;19;20;21;22;23;24;25;26;27;28;29;30;31;10;4;4;4;4;4;9;255;255;255;0;0;0;0;
4929;0;1;1;1;5;5;5;7;6;12;12;3;52;11;52;11;72;11;32;21;52;21;72;21;32;29;88;29;16;43;64;43;40;0;1;1;1;5;5;5;7;6;12;12;3;52;11;52;11;72;11;32;21;52;21;72;21;32;29;88;29;16;43;64;43;40;0;1;1;1;5;5;5;7;6;12;12;3;52;11;52;11;72;11;32;21;52;21;72;21;32;29;88;29;16;43;64;43;40;0;0;0;0;1;2;0;0;0;1;1;2;0;0;0;0;0;;0;0;0;0;0;0;1;1;1;5;5;5;7;6;12;12;3;52;11;52;11;72;11;32;21;52;21;72;21;32;29;88;29;16;43;64;43;40;0;1;1;1;5;5;5;7;6;12;12;3;52;11;52;11;72;11;32;21;52;21;72;21;32;29;88;29;16;43;64;43;40;0;1;1;1;5;5;5;7;6;12;12;3;52;11;52;11;72;11;32;21;52;21;72;21;32;29;88;29;16;43;64;43;40;0;0;0;0;1;2;0;0;0;1;1;2;0;0;0;0;0;;0;0;0;0;0;0;1;1;1;5;5;5;7;6;12;12;3;52;11;52;11;72;11;32;21;52;21;72;21;32;29;88;29;16;43;64;43;40;0;1;1;1;5;5;5;7;6;12;12;3;52;11;52;11;72;11;32;21;52;21;72;21;32;29;88;29;16;43;64;43;40;0;1;1;1;5;5;5;7;6;12;12;3;52;11;52;11;72;11;32;21;52;21;72;21;32;29;88;29;16;43;64;43;40;0;0;0;0;1;2;0;0;0;1;1;2;0;0;0;0;0;;0;0;0;0;0;0;1;2;3;4;5;6;7;8;9;10;11;12;13;14;15;16;17;18;19;20;21;22;23;24;25;26;27;28;29;30;31;5;5;4;5;5;10;8;255;255;255;0;0;0;0;
4971;0;1;1;3;2;5;5;8;10;9;12;3;52;10;63;10;40;12;89;12;15;20;67;20;35;29;52;36;95;36;9;41;52;0;1;1;3;2;5;5;8;10;9;12;3;52;10;63;10;40;12;89;12;15;20;67;20;35;29;52;36;95;36;9;41;52;0;1;1;3;2;5;5;8;10;9;12;3;52;10;63;10;40;12;89;12;15;20;67;20;35;29;52;36;95;36;9;41;52;1;1;1;1;3;3;0;1;1;7;8;3;0;0;0;0;0;;0;0;0;0;0;0;1;1;3;2;5;5;8;10;9;12;3;52;10;63;10;40;12;89;12;15;20;67;20;35;29;52;36;95;36;9;41;52;0;1;1;3;2;5;5;8;10;9;12;3;52;10;63;10;40;12;89;12;15;20;67;20;35;29;52;36;95;36;9;41;52;0;1;1;3;2;5;5;8;10;9;12;3;52;10;63;10;40;12;89;12;15;20;67;20;35;29;52;36;95;36;9;41;52;1;0;0;1;4;2;0;1;0;5;7;2;0;0;0;0;0;;0;0;0;0;0;0;1;1;3;2;5;5;8;10;9;12;3;52;10;63;10;40;12;89;12;15;20;67;20;35;29;52;36;95;36;9;41;52;0;1;1;3;2;5;5;8;10;9;12;3;52;10;63;10;40;12;89;12;15;20;67;20;35;29;52;36;95;36;9;41;52;0;1;1;3;2;5;5;8;10;9;12;3;52;10;63;10;40;12;89;12;15;20;67;20;35;29;52;36;95;36;9;41;52;1;1;1;1;3;3;0;1;1;7;8;3;0;0;0;0;0;;0;0;0;0;0;255;255;255;255;255;255;255;255;255;255;255;255;255;255;255;255;255;255;255;255;255;255;255;255;255;255;255;255;255;255;255;255;255;255;255;255;255;255;255;255;255;255;0;0;0;0;
4996;0;1;1;3;2;5;5;7;6;12;12;3;52;11;64;11;40;13;88;13;16;25;64;25;40;27;88;27;16;43;64;43;40;0;1;1;3;2;5;5;7;6;12;12;3;52;11;64;11;40;13;88;13;16;25;64;25;40;29;88;29;16;43;64;43;40;0;1;1;3;2;5;5;7;6;12;12;3;52;11;64;11;40;13;88;13;16;19;64;19;40;27;88;27;16;41;64;41;40;0;0;0;0;5;2;0;0;0;5;5;2;0;0;0;0;0;;0;0;0;0;0;0;1;1;3;2;5;5;7;6;12;12;3;52;11;64;11;40;13;88;13;16;19;64;19;40;27;88;27;16;41;64;41;40;0;1;1;3;2;5;5;7;6;12;12;3;52;11;64;11;40;13;88;13;16;19;64;19;40;27;88;27;16;41;64;41;40;0;1;1;3;2;5;5;7;6;12;12;3;52;11;64;11;40;13;88;13;16;19;64;19;40;27;88;27;16;41;64;41;40;0;0;0;0;5;2;0;0;0;5;5;2;0;0;0;0;0;;0;0;0;0;0;0;1;1;3;2;5;5;7;6;12;12;3;52;11;64;11;40;13;88;13;16;25;64;25;40;27;88;27;16;43;64;43;40;0;1;1;3;2;5;5;7;6;12;12;3;52;11;64;11;40;13;88;13;16;25;64;25;40;29;88;29;16;43;64;43;40;0;1;1;3;2;5;5;7;6;12;12;3;52;11;64;11;40;13;88;13;16;19;64;19;40;27;88;27;16;41;64;41;40;0;0;0;0;5;2;0;0;0;5;5;2;0;0;0;0;0;;0;0;0;0;0;0;1;2;3;4;5;6;7;8;9;10;11;12;13;14;15;16;17;18;19;20;21;22;23;24;25;26;27;28;29;30;31;2;10;8;10;8;10;7;255;255;255;0;0;0;0;
4999;0;1;1;3;2;5;5;7;6;12;12;3;52;11;64;11;40;13;88;13;16;23;64;23;40;27;84;27;20;41;64;41;40;0;1;1;3;2;5;5;7;6;12;12;3;52;11;64;11;40;13;88;13;16;23;64;23;40;29;84;29;20;41;64;41;40;0;1;1;3;2;5;5;7;6;12;12;3;52;11;64;11;40;13;88;13;16;23;64;23;40;25;84;25;20;41;64;41;40;0;0;0;0;5;2;0;0;0;5;5;2;0;0;0;0;0;;0;0;0;0;0;0;1;1;3;2;5;5;7;6;12;12;3;52;11;64;11;40;13;88;13;16;23;64;23;40;25;84;25;20;41;64;41;40;0;1;1;3;2;5;5;7;6;12;12;3;52;11;64;11;40;13;88;13;16;23;64;23;40;25;84;25;20;41;64;41;40;0;1;1;3;2;5;5;7;6;12;12;3;52;11;64;11;40;13;88;13;16;23;64;23;40;25;84;25;20;41;64;41;40;0;0;0;0;5;2;0;0;0;5;5;2;0;0;0;0;0;;0;0;0;0;0;0;1;1;3;2;5;5;7;6;12;12;3;52;11;64;11;40;13;88;13;16;23;64;23;40;27;84;27;20;41;64;41;40;0;1;1;3;2;5;5;7;6;12;12;3;52;11;64;11;40;13;88;13;16;23;64;23;40;29;84;29;20;41;64;41;40;0;1;1;3;2;5;5;7;6;12;12;3;52;11;64;11;40;13;88;13;16;23;64;23;40;25;84;25;20;41;64;41;40;0;0;0;0;5;2;0;0;0;5;5;2;0;0;0;0;0;;0;0;0;0;0;0;1;2;3;4;5;6;7;8;9;10;11;12;13;14;15;16;17;18;19;20;21;22;23;24;25;26;27;28;29;30;31;3;10;10;10;10;10;6;255;255;255;0;0;0;0;
5010;0;1;1;3;2;5;5;7;6;12;12;3;52;11;64;11;40;13;88;13;16;21;64;21;40;31;84;31;20;43;64;43;40;0;1;1;3;2;5;5;7;6;12;12;3;52;11;64;11;40;13;88;13;16;21;64;21;40;31;84;31;20;43;64;43;40;0;1;1;3;2;5;5;7;6;12;12;3;52;11;64;11;40;13;88;13;16;21;64;21;40;31;84;31;20;43;64;43;40;0;1;0;1;4;3;0;0;0;5;5;2;0;0;0;0;0;;0;0;0;0;0;0;1;1;3;2;5;5;7;6;12;12;3;52;11;64;11;40;13;88;13;16;21;64;21;40;31;84;31;20;43;64;43;40;0;1;1;3;2;5;5;7;6;12;12;3;52;11;64;11;40;13;88;13;16;21;64;21;40;31;84;31;20;43;64;43;40;0;1;1;3;2;5;5;7;6;12;12;3;52;11;64;11;40;13;88;13;16;21;64;21;40;31;84;31;20;43;64;43;40;0;1;0;1;5;2;1;0;0;5;5;2;0;0;0;0;0;;0;0;0;0;0;0;1;1;3;2;5;5;7;6;12;12;3;52;11;64;11;40;13;88;13;16;21;64;21;40;31;84;31;20;43;64;43;40;0;1;1;3;2;5;5;7;6;12;12;3;52;11;64;11;40;13;88;13;16;21;64;21;40;31;84;31;20;43;64;43;40;0;1;1;3;2;5;5;7;6;12;12;3;52;11;64;11;40;13;88;13;16;21;64;21;40;31;84;31;20;43;64;43;40;0;1;0;1;4;3;0;0;0;5;5;2;0;0;0;0;0;;0;0;0;0;0;0;1;2;3;4;5;6;7;8;9;10;11;12;13;14;15;16;17;18;19;20;21;22;23;24;25;26;27;28;29;30;31;1;6;7;7;7;10;8;255;255;255;0;0;0;0;
5016;0;1;1;3;2;4;7;6;8;8;12;3;52;11;64;11;40;13;88;13;16;19;52;31;84;31;20;33;68;33;36;43;52;0;1;1;3;2;4;7;6;8;8;12;3;52;11;64;11;40;15;88;15;16;19;52;33;84;33;20;33;68;33;36;43;52;0;1;1;3;2;4;7;6;8;8;12;3;52;11;64;11;40;11;88;11;16;19;52;29;84;29;20;29;68;29;36;43;52;0;0;0;0;5;2;0;0;0;5;5;2;0;0;0;0;0;;0;0;0;0;0;0;1;1;3;2;4;7;6;8;8;12;3;52;11;64;11;40;11;88;11;16;19;52;29;84;29;20;29;68;29;36;43;52;0;1;1;3;2;4;7;6;8;8;12;3;52;11;64;11;40;11;88;11;16;19;52;29;84;29;20;29;68;29;36;43;52;0;1;1;3;2;4;7;6;8;8;12;3;52;11;64;11;40;11;88;11;16;19;52;29;84;29;20;29;68;29;36;43;52;0;0;0;0;5;2;0;0;0;5;5;2;0;0;0;0;0;;0;0;0;0;0;0;1;1;3;2;4;7;6;8;8;12;3;52;11;64;11;40;13;88;13;16;19;52;31;84;31;20;33;68;33;36;43;52;0;1;1;3;2;4;7;6;8;8;12;3;52;11;64;11;40;15;88;15;16;19;52;33;84;33;20;33;68;33;36;43;52;0;1;1;3;2;4;7;6;8;8;12;3;52;11;64;11;40;11;88;11;16;19;52;29;84;29;20;29;68;29;36;43;52;0;0;0;0;5;2;0;0;0;5;5;2;0;0;0;0;0;;0;0;0;0;0;0;1;2;3;4;5;6;7;8;9;10;11;12;13;14;15;16;17;18;19;20;21;22;23;24;25;26;27;28;29;30;31;4;7;7;6;7;7;8;255;255;255;0;0;0;0;
5046;0;1;1;3;2;4;5;5;8;11;12;3;52;11;64;11;40;13;88;13;16;19;52;27;68;27;36;33;52;41;64;43;40;0;1;1;3;2;4;5;5;10;9;12;3;52;11;64;11;40;13;88;13;16;21;52;29;80;29;24;41;84;41;20;41;52;0;1;1;3;2;4;5;5;10;9;12;3;52;11;64;11;40;13;88;13;16;19;52;25;80;25;24;39;84;39;20;41;52;0;0;0;0;5;2;0;0;0;5;5;2;0;1122944768;1122944768;1122944768;1122944768;;0;0;11;64;11;0;1;1;3;2;4;5;5;10;9;12;3;52;11;64;11;40;13;88;13;16;19;52;25;80;25;24;39;84;39;20;41;52;0;1;1;3;2;4;5;5;10;9;12;3;52;11;64;11;40;13;88;13;16;19;52;25;80;25;24;39;84;39;20;41;52;0;1;1;3;2;4;5;5;10;9;12;3;52;11;64;11;40;13;88;13;16;19;52;25;80;25;24;39;84;39;20;41;52;0;0;0;0;5;2;0;0;0;5;5;2;0;1122944768;1122944768;1122944768;1122944768;;0;0;39;20;41;0;1;1;3;2;4;5;5;10;9;12;3;52;11;64;11;40;13;88;13;16;21;52;27;80;27;24;39;84;39;20;41;52;0;1;1;3;2;4;5;5;10;9;12;3;52;11;64;11;40;13;88;13;16;21;52;29;80;29;24;41;84;41;20;41;52;0;1;1;3;2;4;5;5;10;9;12;3;52;11;64;11;40;13;88;13;16;19;52;25;80;25;24;39;84;39;20;41;52;0;0;0;0;5;2;0;0;0;5;5;2;0;1122944768;1122944768;1122944768;1122944768;;255;255;0;0;0;0;1;6;19;14;13;5;4;9;3;8;11;12;20;21;15;16;17;7;10;2;18;255;255;255;255;255;255;255;255;255;255;0;4;1;9;9;3;3;6;1;22;0;0;0;0;
5060;0;1;1;3;2;4;4;7;6;8;12;3;52;11;64;11;40;13;88;13;16;19;64;19;40;31;88;31;16;33;52;43;52;0;1;1;3;2;4;5;5;10;9;12;3;52;11;64;11;40;15;88;15;16;23;52;31;68;31;36;43;84;43;20;43;52;0;1;1;3;2;4;5;5;10;9;12;3;52;11;64;11;40;11;88;11;16;17;52;23;68;23;36;35;84;35;20;41;52;1;1;0;1;4;2;0;1;0;5;5;2;0;1122944768;1122944768;1122944768;1122944768;;0;0;11;64;11;0;1;1;3;2;4;5;5;10;9;12;3;52;11;64;11;40;11;88;11;16;17;52;23;68;23;36;35;84;35;20;41;52;0;1;1;3;2;4;5;5;10;9;12;3;52;11;64;11;40;11;88;11;16;17;52;23;68;23;36;35;84;35;20;41;52;0;1;1;3;2;4;5;5;10;9;12;3;52;11;64;11;40;11;88;11;16;17;52;23;68;23;36;35;84;35;20;41;52;0;0;0;0;6;2;1;1;1;3;6;3;0;1122944768;1122944768;1122944768;1122944768;;0;0;39;20;43;0;1;1;3;2;4;5;5;10;9;12;3;52;11;64;11;40;13;88;13;16;19;52;27;68;27;36;39;84;39;20;43;52;0;1;1;3;2;4;5;5;10;9;12;3;52;11;64;11;40;15;88;15;16;23;52;31;68;31;36;43;84;43;20;43;52;0;1;1;3;2;4;5;5;10;9;12;3;52;11;64;11;40;11;88;11;16;17;52;23;68;23;36;35;84;35;20;41;52;1;1;0;1;4;2;0;1;0;5;5;2;0;1122944768;1122944768;1122944768;1122944768;;255;255;0;0;0;16;7;18;9;20;14;23;21;3;19;2;15;8;4;26;5;11;12;1;22;24;6;17;30;25;10;13;27;0;28;29;255;2;20;23;20;20;19;3;18;7;19;0;0;0;0;
5100;0;1;1;1;5;5;7;6;10;9;12;3;52;11;52;11;72;11;32;21;64;21;40;25;88;25;16;39;84;39;20;43;52;0;1;1;1;5;5;7;6;10;9;12;3;52;11;52;11;72;11;32;21;64;21;40;25;88;25;16;39;84;39;20;43;52;0;1;1;1;5;5;7;6;10;9;12;3;52;11;52;11;72;11;32;21;64;21;40;25;88;25;16;39;84;39;20;43;52;0;1;0;0;5;2;0;0;0;6;8;2;0;0;0;0;0;;0;0;0;0;0;0;1;1;1;5;5;7;6;10;9;12;3;52;11;52;11;72;11;32;21;64;21;40;25;88;25;16;39;84;39;20;43;52;0;1;1;1;5;5;7;6;10;9;12;3;52;11;52;11;72;11;32;21;64;21;40;25;88;25;16;39;84;39;20;43;52;0;1;1;1;5;5;7;6;10;9;12;3;52;11;52;11;72;11;32;21;64;21;40;25;88;25;16;39;84;39;20;43;52;0;0;0;0;5;1;1;1;1;4;6;1;0;0;0;0;0;;0;0;0;0;0;0;1;1;1;5;5;7;6;10;9;12;3;52;11;52;11;72;11;32;21;64;21;40;25;88;25;16;39;84;39;20;43;52;0;1;1;1;5;5;7;6;10;9;12;3;52;11;52;11;72;11;32;21;64;21;40;25;88;25;16;39;84;39;20;43;52;0;1;1;1;5;5;7;6;10;9;12;3;52;11;52;11;72;11;32;21;64;21;40;25;88;25;16;39;84;39;20;43;52;0;1;0;0;5;2;0;0;0;6;8;2;0;0;0;0;0;;0;0;0;0;0;0;1;2;3;4;5;6;7;8;9;10;11;12;13;14;15;16;17;18;19;20;21;22;23;24;25;26;27;28;29;30;31;5;4;4;9;8;10;3;255;255;255;0;0;0;0;
5129;0;1;1;3;2;4;4;7;6;8;12;3;52;11;64;11;40;13;88;13;16;19;64;19;40;31;88;31;16;31;52;43;52;0;1;1;3;2;4;4;7;6;8;12;3;52;11;64;11;40;13;88;13;16;19;64;19;40;31;88;31;16;31;52;43;52;0;1;1;3;2;4;4;7;6;8;12;3;52;11;64;11;40;13;88;13;16;19;64;19;40;31;88;31;16;31;52;43;52;1;1;1;1;5;2;0;1;1;5;5;2;0;0;0;0;0;;0;0;0;0;0;0;1;1;3;2;4;4;7;6;8;12;3;52;11;64;11;40;13;88;13;16;19;64;19;40;31;88;31;16;31;52;43;52;0;1;1;3;2;4;4;7;6;8;12;3;52;11;64;11;40;13;88;13;16;19;64;19;40;31;88;31;16;31;52;43;52;0;1;1;3;2;4;4;7;6;8;12;3;52;11;64;11;40;13;88;13;16;19;64;19;40;31;88;31;16;31;52;43;52;1;0;0;1;6;1;0;1;0;4;7;2;0;0;0;0;0;;0;0;0;0;0;0;1;1;3;2;4;4;7;6;8;12;3;52;11;64;11;40;13;88;13;16;19;64;19;40;31;88;31;16;31;52;43;52;0;1;1;3;2;4;4;7;6;8;12;3;52;11;64;11;40;13;88;13;16;19;64;19;40;31;88;31;16;31;52;43;52;0;1;1;3;2;4;4;7;6;8;12;3;52;11;64;11;40;13;88;13;16;19;64;19;40;31;88;31;16;31;52;43;52;1;1;1;1;5;2;0;1;1;5;5;2;0;0;0;0;0;;0;0;0;0;0;255;255;255;255;255;255;255;255;255;255;255;255;255;255;255;255;255;255;255;255;255;255;255;255;255;255;255;255;255;255;255;255;255;255;255;255;255;255;255;255;255;255;0;0;0;0;
5189;0;1;1;3;2;4;4;7;6;8;12;3;52;11;64;11;40;13;88;13;16;19;64;19;40;31;84;31;20;33;52;43;52;0;1;1;3;2;4;4;7;6;8;12;3;52;13;64;13;40;13;88;13;16;21;64;21;40;33;84;33;20;33;52;45;52;0;1;1;3;2;4;4;7;6;8;12;3;52;11;64;11;40;11;88;11;16;17;64;17;40;25;84;25;20;29;52;41;52;1;1;0;0;7;2;1;0;1;4;7;3;0;0;0;0;0;;0;0;0;0;0;0;1;1;3;2;4;4;7;6;8;12;3;52;11;64;11;40;11;88;11;16;17;64;17;40;25;84;25;20;29;52;41;52;0;1;1;3;2;4;4;7;6;8;12;3;52;11;64;11;40;11;88;11;16;17;64;17;40;25;84;25;20;29;52;41;52;0;1;1;3;2;4;4;7;6;8;12;3;52;11;64;11;40;11;88;11;16;17;64;17;40;25;84;25;20;29;52;41;52;1;1;0;0;7;1;1;1;1;4;8;3;0;0;0;0;0;;0;0;0;0;0;0;1;1;3;2;4;4;7;6;8;12;3;52;11;64;11;40;13;88;13;16;19;64;19;40;31;84;31;20;33;52;43;52;0;1;1;3;2;4;4;7;6;8;12;3;52;13;64;13;40;13;88;13;16;21;64;21;40;33;84;33;20;33;52;45;52;0;1;1;3;2;4;4;7;6;8;12;3;52;11;64;11;40;11;88;11;16;17;64;17;40;25;84;25;20;29;52;41;52;1;1;0;0;7;2;1;0;1;4;7;3;0;0;0;0;0;;0;0;0;0;0;0;1;2;3;4;5;6;7;8;9;10;11;12;13;14;15;16;17;18;19;20;21;22;23;24;25;26;27;28;29;30;31;10;9;9;9;9;10;8;255;255;255;0;0;0;0;
65682;0;1;1;3;2;4;4;7;6;8;12;3;52;11;64;11;40;13;88;13;16;19;64;19;40;29;84;29;20;31;52;41;52;0;1;1;3;2;4;4;7;6;8;12;3;52;13;64;13;40;15;88;15;16;21;64;21;40;31;84;31;20;33;52;43;52;0;1;1;3;2;4;4;7;6;8;12;3;52;9;64;9;40;11;88;11;16;17;64;17;40;27;84;27;20;31;52;41;52;0;0;1;0;6;2;1;0;0;4;5;3;0;0;0;0;0;;0;0;0;0;0;0;1;1;3;2;4;4;7;6;8;12;3;52;9;64;9;40;11;88;11;16;17;64;17;40;27;84;27;20;31;52;41;52;0;1;1;3;2;4;4;7;6;8;12;3;52;9;64;9;40;11;88;11;16;17;64;17;40;27;84;27;20;31;52;41;52;0;1;1;3;2;4;4;7;6;8;12;3;52;9;64;9;40;11;88;11;16;17;64;17;40;27;84;27;20;31;52;41;52;0;0;0;0;8;1;1;0;1;3;4;3;0;0;0;0;0;;0;0;0;0;0;0;1;1;3;2;4;4;7;6;8;12;3;52;11;64;11;40;13;88;13;16;19;64;19;40;29;84;29;20;31;52;41;52;0;1;1;3;2;4;4;7;6;8;12;3;52;13;64;13;40;15;88;15;16;21;64;21;40;31;84;31;20;33;52;43;52;0;1;1;3;2;4;4;7;6;8;12;3;52;9;64;9;40;11;88;11;16;17;64;17;40;27;84;27;20;31;52;41;52;0;0;1;0;6;2;1;0;0;4;5;3;0;0;0;0;0;;0;0;0;0;0;0;1;2;3;4;5;6;7;8;9;10;11;12;13;14;15;16;17;18;19;20;21;22;23;24;25;26;27;28;29;30;31;6;5;9;6;6;10;6;255;255;255;0;0;0;0;
65683;0;1;1;1;5;5;7;6;11;11;12;3;52;11;52;11;72;11;32;21;68;21;36;27;88;27;16;37;72;37;32;43;52;0;1;3;2;5;1;7;6;11;11;12;3;52;13;64;15;88;15;16;23;52;13;40;29;88;29;16;39;72;39;32;45;52;0;1;1;1;4;4;7;6;8;8;12;3;52;9;52;11;72;11;32;19;64;19;40;19;88;19;16;31;68;31;32;43;52;1;1;0;1;4;3;0;0;0;5;6;2;0;0;0;0;0;;0;0;0;0;0;0;1;1;1;4;4;7;6;8;8;12;3;52;9;52;11;72;11;32;19;64;19;40;19;88;19;16;31;68;31;32;43;52;0;1;1;1;4;4;7;6;8;8;12;3;52;9;52;11;72;11;32;19;64;19;40;19;88;19;16;31;68;31;32;43;52;0;1;1;1;4;4;7;6;8;8;12;3;52;9;52;11;72;11;32;19;64;19;40;19;88;19;16;31;68;31;32;43;52;0;1;1;1;4;1;1;0;1;5;6;3;0;0;0;0;0;;0;0;0;0;0;0;1;1;1;5;5;7;6;11;11;12;3;52;11;52;11;72;11;32;21;68;21;36;27;88;27;16;37;72;37;32;43;52;0;1;3;2;5;1;7;6;11;11;12;3;52;13;64;15;88;15;16;23;52;13;40;29;88;29;16;39;72;39;32;45;52;0;1;1;1;4;4;7;6;8;8;12;3;52;9;52;11;72;11;32;19;64;19;40;19;88;19;16;31;68;31;32;43;52;1;1;0;1;4;3;0;0;0;5;6;2;0;0;0;0;0;;0;0;0;0;0;0;1;2;3;4;5;6;7;8;9;10;11;12;13;14;15;16;17;18;19;20;21;22;23;24;25;26;27;28;29;30;31;5;9;5;9;9;10;3;255;255;255;0;0;0;0;
65693;0;1;1;3;2;4;5;5;8;11;12;3;52;11;64;11;40;13;88;13;16;19;52;21;76;21;28;29;52;39;64;41;40;0;1;1;3;2;5;5;5;8;11;12;3;52;13;64;13;40;15;88;15;16;21;52;25;76;25;28;33;52;39;64;43;40;0;1;1;3;2;4;5;5;8;11;12;3;52;11;64;11;40;13;88;13;16;19;52;21;72;21;32;29;52;37;64;41;40;1;1;0;1;2;3;0;1;0;6;6;2;0;0;0;0;0;;0;0;0;0;0;0;1;1;3;2;4;5;5;8;11;12;3;52;11;64;11;40;13;88;13;16;19;52;21;72;21;32;29;52;37;64;41;40;0;1;1;3;2;4;5;5;8;11;12;3;52;11;64;11;40;13;88;13;16;19;52;21;72;21;32;29;52;37;64;41;40;0;1;1;3;2;4;5;5;8;11;12;3;52;11;64;11;40;13;88;13;16;19;52;21;72;21;32;29;52;37;64;41;40;0;1;1;1;4;1;1;1;0;7;7;2;0;0;0;0;0;;0;0;0;0;0;0;1;1;3;2;4;5;5;8;11;12;3;52;11;64;11;40;13;88;13;16;19;52;21;76;21;28;29;52;39;64;41;40;0;1;1;3;2;5;5;5;8;11;12;3;52;13;64;13;40;15;88;15;16;21;52;25;76;25;28;33;52;39;64;43;40;0;1;1;3;2;4;5;5;8;11;12;3;52;11;64;11;40;13;88;13;16;19;52;21;72;21;32;29;52;37;64;41;40;1;1;0;1;2;3;0;1;0;6;6;2;0;0;0;0;0;;0;0;0;0;0;0;1;2;3;4;5;6;7;8;9;10;11;12;13;14;15;16;17;18;19;20;21;22;23;24;25;26;27;28;29;30;31;5;5;5;5;5;9;4;255;255;255;0;0;0;0;
65699;0;1;1;3;2;5;5;8;8;11;12;3;52;11;64;11;40;13;88;13;16;21;64;21;40;31;80;31;24;41;68;43;40;0;1;1;3;2;5;5;8;8;11;12;3;52;11;64;11;40;15;88;15;16;23;64;23;40;33;80;33;24;39;60;43;44;0;1;1;3;2;4;4;5;5;11;11;3;52;11;64;11;40;13;88;13;16;19;64;19;40;29;80;29;24;41;64;35;48;1;1;0;1;3;2;0;0;0;7;7;2;0;0;0;0;0;;0;0;0;0;0;0;1;1;3;2;4;4;5;5;11;11;3;52;11;64;11;40;13;88;13;16;19;64;19;40;29;80;29;24;41;64;35;48;0;1;1;3;2;4;4;5;5;11;11;3;52;11;64;11;40;13;88;13;16;19;64;19;40;29;80;29;24;41;64;35;48;0;1;1;3;2;4;4;5;5;11;11;3;52;11;64;11;40;13;88;13;16;19;64;19;40;29;80;29;24;41;64;35;48;1;1;0;0;3;1;0;0;0;6;5;2;0;0;0;0;0;;0;0;0;0;0;0;1;1;3;2;5;5;8;8;11;12;3;52;11;64;11;40;13;88;13;16;21;64;21;40;31;80;31;24;41;68;43;40;0;1;1;3;2;5;5;8;8;11;12;3;52;11;64;11;40;15;88;15;16;23;64;23;40;33;80;33;24;39;60;43;44;0;1;1;3;2;4;4;5;5;11;11;3;52;11;64;11;40;13;88;13;16;19;64;19;40;29;80;29;24;41;64;35;48;1;1;0;1;3;2;0;0;0;7;7;2;0;0;0;0;0;;0;0;0;0;0;0;1;2;3;4;5;6;7;8;9;10;11;12;13;14;15;16;17;18;19;20;21;22;23;24;25;26;27;28;29;30;31;10;8;8;8;8;8;9;255;255;255;0;0;0;0;
65813;0;1;1;1;5;5;7;6;8;12;12;3;52;11;52;11;72;11;32;23;64;23;40;25;88;25;16;33;52;41;64;41;40;0;1;1;1;5;5;7;6;8;12;12;3;52;11;52;11;72;11;32;23;64;23;40;25;88;25;16;33;52;41;64;41;40;0;1;1;1;5;5;7;6;8;12;12;3;52;11;52;11;72;11;32;23;64;23;40;25;88;25;16;33;52;41;64;41;40;0;0;0;0;5;2;1;1;1;5;5;3;0;0;0;0;0;;0;0;0;0;0;0;1;1;1;5;5;7;6;8;12;12;3;52;11;52;11;72;11;32;23;64;23;40;25;88;25;16;33;52;41;64;41;40;0;1;1;1;5;5;7;6;8;12;12;3;52;11;52;11;72;11;32;23;64;23;40;25;88;25;16;33;52;41;64;41;40;0;1;1;1;5;5;7;6;8;12;12;3;52;11;52;11;72;11;32;23;64;23;40;25;88;25;16;33;52;41;64;41;40;0;0;1;0;5;2;1;1;1;6;5;3;0;0;0;0;0;;0;0;0;0;0;0;1;1;1;5;5;7;6;8;12;12;3;52;11;52;11;72;11;32;23;64;23;40;25;88;25;16;33;52;41;64;41;40;0;1;1;1;5;5;7;6;8;12;12;3;52;11;52;11;72;11;32;23;64;23;40;25;88;25;16;33;52;41;64;41;40;0;1;1;1;5;5;7;6;8;12;12;3;52;11;52;11;72;11;32;23;64;23;40;25;88;25;16;33;52;41;64;41;40;0;0;0;0;5;2;1;1;1;5;5;3;0;0;0;0;0;;0;0;0;0;0;0;1;2;3;4;5;6;7;8;9;10;11;12;13;14;15;16;17;18;19;20;21;22;23;24;25;26;27;28;29;30;31;10;10;10;10;10;9;9;255;255;255;0;0;0;0;
65818;0;1;1;1;5;5;7;6;10;9;12;3;52;11;52;11;72;11;32;25;64;25;40;23;88;23;16;37;84;37;20;41;52;0;1;1;1;5;5;7;6;10;9;12;3;52;11;52;11;72;11;32;25;64;25;40;23;88;23;16;37;84;37;20;41;52;0;1;1;1;5;5;7;6;10;9;12;3;52;11;52;11;72;11;32;25;64;25;40;23;88;23;16;37;84;37;20;41;52;1;1;0;0;4;2;0;1;1;5;5;2;0;0;0;0;0;;0;0;0;0;0;0;1;1;1;5;5;7;6;10;9;12;3;52;11;52;11;72;11;32;25;64;25;40;23;88;23;16;37;84;37;20;41;52;0;1;1;1;5;5;7;6;10;9;12;3;52;11;52;11;72;11;32;25;64;25;40;23;88;23;16;37;84;37;20;41;52;0;1;1;1;5;5;7;6;10;9;12;3;52;11;52;11;72;11;32;25;64;25;40;23;88;23;16;37;84;37;20;41;52;1;1;0;0;4;1;1;0;0;7;8;3;0;0;0;0;0;;0;0;0;0;0;0;1;1;1;5;5;7;6;10;9;12;3;52;11;52;11;72;11;32;25;64;25;40;23;88;23;16;37;84;37;20;41;52;0;1;1;1;5;5;7;6;10;9;12;3;52;11;52;11;72;11;32;25;64;25;40;23;88;23;16;37;84;37;20;41;52;0;1;1;1;5;5;7;6;10;9;12;3;52;11;52;11;72;11;32;25;64;25;40;23;88;23;16;37;84;37;20;41;52;1;1;0;0;4;2;0;1;1;5;5;2;0;0;0;0;0;;0;0;0;0;0;0;1;2;3;4;5;6;7;8;9;10;11;12;13;14;15;16;17;18;19;20;21;22;23;24;25;26;27;28;29;30;31;3;5;5;9;7;10;7;255;255;255;0;0;0;0;
65842;0;1;1;1;3;2;4;5;5;12;12;3;52;11;52;11;72;11;32;15;88;15;16;21;52;27;68;27;36;43;64;43;40;0;1;1;1;3;2;4;5;5;12;12;3;52;11;52;11;72;11;32;15;88;15;16;21;52;27;68;27;36;43;64;43;40;0;1;1;1;3;2;4;5;5;12;12;3;52;11;52;11;72;11;32;15;88;15;16;21;52;27;68;27;36;43;64;43;40;0;0;0;0;1;2;1;0;0;1;1;2;0;0;0;0;0;;0;0;0;0;0;0;1;1;1;3;2;4;5;5;12;12;3;52;11;52;11;72;11;32;15;88;15;16;21;52;27;68;27;36;43;64;43;40;0;1;1;1;3;2;4;5;5;12;12;3;52;11;52;11;72;11;32;15;88;15;16;21;52;27;68;27;36;43;64;43;40;0;1;1;1;3;2;4;5;5;12;12;3;52;11;52;11;72;11;32;15;88;15;16;21;52;27;68;27;36;43;64;43;40;0;0;0;0;1;2;1;0;0;1;1;2;0;0;0;0;0;;0;0;0;0;0;0;1;1;1;3;2;4;5;5;12;12;3;52;11;52;11;72;11;32;15;88;15;16;21;52;27;68;27;36;43;64;43;40;0;1;1;1;3;2;4;5;5;12;12;3;52;11;52;11;72;11;32;15;88;15;16;21;52;27;68;27;36;43;64;43;40;0;1;1;1;3;2;4;5;5;12;12;3;52;11;52;11;72;11;32;15;88;15;16;21;52;27;68;27;36;43;64;43;40;0;0;0;0;1;2;1;0;0;1;1;2;0;0;0;0;0;;0;0;0;0;0;0;1;2;3;4;5;6;7;8;9;10;11;12;13;14;15;16;17;18;19;20;21;22;23;24;25;26;27;28;29;30;31;7;10;10;10;10;10;4;255;255;255;0;0;0;0;
65846;0;1;1;3;2;4;5;7;6;8;12;3;52;11;64;11;40;13;88;13;16;19;64;19;40;31;84;31;20;33;52;43;52;0;1;1;3;2;4;5;7;6;8;12;3;52;11;64;11;40;13;88;13;16;19;64;19;40;31;84;31;20;33;52;43;52;0;1;1;3;2;4;5;7;6;8;12;3;52;11;64;11;40;13;88;13;16;19;64;19;40;31;84;31;20;33;52;43;52;1;1;0;1;7;3;0;0;0;6;5;3;0;0;0;0;0;;0;0;0;0;0;0;1;1;3;2;4;5;7;6;8;12;3;52;11;64;11;40;13;88;13;16;19;64;19;40;31;84;31;20;33;52;43;52;0;1;1;3;2;4;5;7;6;8;12;3;52;11;64;11;40;13;88;13;16;19;64;19;40;31;84;31;20;33;52;43;52;0;1;1;3;2;4;5;7;6;8;12;3;52;11;64;11;40;13;88;13;16;19;64;19;40;31;84;31;20;33;52;43;52;0;0;0;0;4;3;1;0;0;8;8;3;0;0;0;0;0;;0;0;0;0;0;0;1;1;3;2;4;5;7;6;8;12;3;52;11;64;11;40;13;88;13;16;19;64;19;40;31;84;31;20;33;52;43;52;0;1;1;3;2;4;5;7;6;8;12;3;52;11;64;11;40;13;88;13;16;19;64;19;40;31;84;31;20;33;52;43;52;0;1;1;3;2;4;5;7;6;8;12;3;52;11;64;11;40;13;88;13;16;19;64;19;40;31;84;31;20;33;52;43;52;1;1;0;1;7;3;0;0;0;6;5;3;0;0;0;0;0;;0;0;0;0;0;0;1;2;3;4;5;6;7;8;9;10;11;12;13;14;15;16;17;18;19;20;21;22;23;24;25;26;27;28;29;30;31;5;9;9;7;7;9;7;255;255;255;0;0;0;0;
66871;0;1;1;3;2;4;4;7;6;8;12;3;52;11;64;11;40;13;88;13;16;19;64;19;40;31;84;31;20;33;52;43;52;0;1;1;3;2;4;4;7;6;8;12;3;52;11;64;11;40;13;88;13;16;19;64;19;40;33;84;33;20;33;52;43;52;0;1;1;3;2;4;4;7;6;8;12;3;52;11;64;11;40;13;88;13;16;19;64;19;40;31;84;31;20;31;52;43;52;0;1;1;1;5;2;0;1;0;6;3;2;0;0;0;0;0;;0;0;0;0;0;0;1;1;3;2;4;4;7;6;8;12;3;52;11;64;11;40;13;88;13;16;19;64;19;40;31;84;31;20;31;52;43;52;0;1;1;3;2;4;4;7;6;8;12;3;52;11;64;11;40;13;88;13;16;19;64;19;40;31;84;31;20;31;52;43;52;0;1;1;3;2;4;4;7;6;8;12;3;52;11;64;11;40;13;88;13;16;19;64;19;40;31;84;31;20;31;52;43;52;1;0;1;1;5;1;0;1;1;4;5;3;0;0;0;0;0;;0;0;0;0;0;0;1;1;3;2;4;4;7;6;8;12;3;52;11;64;11;40;13;88;13;16;19;64;19;40;31;84;31;20;33;52;43;52;0;1;1;3;2;4;4;7;6;8;12;3;52;11;64;11;40;13;88;13;16;19;64;19;40;33;84;33;20;33;52;43;52;0;1;1;3;2;4;4;7;6;8;12;3;52;11;64;11;40;13;88;13;16;19;64;19;40;31;84;31;20;31;52;43;52;0;1;1;1;5;2;0;1;0;6;3;2;0;0;0;0;0;;0;0;0;0;0;0;1;2;3;4;5;6;7;8;9;10;11;12;13;14;15;16;17;18;19;20;21;22;23;24;25;26;27;28;29;30;31;9;9;9;9;9;9;7;255;255;255;0;0;0;0;
66882;0;1;1;3;2;4;4;7;6;8;12;3;52;11;64;11;40;13;88;13;16;21;64;21;40;27;88;27;16;31;52;43;52;0;1;1;3;2;4;4;7;6;8;12;3;52;13;64;13;40;15;88;15;16;23;64;23;40;29;88;29;16;33;52;45;52;0;1;1;3;2;4;4;7;6;8;12;3;52;9;64;9;40;9;88;9;16;17;64;17;40;23;88;23;16;27;52;41;52;1;1;1;0;5;3;0;0;0;6;5;3;0;0;0;0;0;;0;0;0;0;0;0;1;1;3;2;4;4;7;6;8;12;3;52;9;64;9;40;9;88;9;16;17;64;17;40;23;88;23;16;27;52;41;52;0;1;1;3;2;4;4;7;6;8;12;3;52;9;64;9;40;9;88;9;16;17;64;17;40;23;88;23;16;27;52;41;52;0;1;1;3;2;4;4;7;6;8;12;3;52;9;64;9;40;9;88;9;16;17;64;17;40;23;88;23;16;27;52;41;52;0;1;1;0;4;3;1;0;1;4;5;3;0;0;0;0;0;;0;0;0;0;0;0;1;1;3;2;4;4;7;6;8;12;3;52;11;64;11;40;13;88;13;16;21;64;21;40;27;88;27;16;31;52;43;52;0;1;1;3;2;4;4;7;6;8;12;3;52;13;64;13;40;15;88;15;16;23;64;23;40;29;88;29;16;33;52;45;52;0;1;1;3;2;4;4;7;6;8;12;3;52;9;64;9;40;9;88;9;16;17;64;17;40;23;88;23;16;27;52;41;52;1;1;1;0;5;3;0;0;0;6;5;3;0;0;0;0;0;;0;0;0;0;0;0;1;2;3;4;5;6;7;8;9;10;11;12;13;14;15;16;17;18;19;20;21;22;23;24;25;26;27;28;29;30;31;7;8;8;9;9;10;9;255;255;255;0;0;0;0;
66885;0;1;1;3;2;5;5;7;6;8;12;3;52;11;64;11;40;13;88;13;16;19;64;19;40;31;84;31;20;33;52;43;52;0;1;1;3;2;5;5;7;6;8;12;3;52;11;64;11;40;13;88;13;16;19;64;19;40;33;84;33;20;33;52;43;52;0;1;1;3;2;5;5;7;6;8;12;3;52;11;64;11;40;13;88;13;16;19;64;19;40;29;84;29;20;29;52;43;52;1;1;1;0;5;2;1;0;0;7;6;3;0;0;0;0;0;;0;0;0;0;0;0;1;1;3;2;5;5;7;6;8;12;3;52;11;64;11;40;13;88;13;16;19;64;19;40;29;84;29;20;29;52;43;52;0;1;1;3;2;5;5;7;6;8;12;3;52;11;64;11;40;13;88;13;16;19;64;19;40;29;84;29;20;29;52;43;52;0;1;1;3;2;5;5;7;6;8;12;3;52;11;64;11;40;13;88;13;16;19;64;19;40;29;84;29;20;29;52;43;52;1;1;1;0;5;2;1;0;0;5;8;3;0;0;0;0;0;;0;0;0;0;0;0;1;1;3;2;5;5;7;6;8;12;3;52;11;64;11;40;13;88;13;16;19;64;19;40;31;84;31;20;33;52;43;52;0;1;1;3;2;5;5;7;6;8;12;3;52;11;64;11;40;13;88;13;16;19;64;19;40;33;84;33;20;33;52;43;52;0;1;1;3;2;5;5;7;6;8;12;3;52;11;64;11;40;13;88;13;16;19;64;19;40;29;84;29;20;29;52;43;52;1;1;1;0;5;2;1;0;0;7;6;3;0;0;0;0;0;;0;0;0;0;0;0;1;2;3;4;5;6;7;8;9;10;11;12;13;14;15;16;17;18;19;20;21;22;23;24;25;26;27;28;29;30;31;6;7;7;7;7;6;10;255;255;255;0;0;0;0;
67025;0;1;1;3;2;4;5;5;8;8;12;3;52;11;64;11;40;13;88;13;16;19;52;25;76;25;28;33;68;33;36;43;52;0;1;1;3;2;4;5;5;8;8;12;3;52;11;64;11;40;13;88;13;16;19;52;25;76;25;28;33;68;33;36;43;52;0;1;1;3;2;4;5;5;8;8;12;3;52;11;64;11;40;13;88;13;16;19;52;25;76;25;28;33;68;33;36;43;52;0;1;0;1;5;3;1;1;0;5;5;3;0;0;0;0;0;;0;0;0;0;0;0;1;1;3;2;4;5;5;8;8;12;3;52;11;64;11;40;13;88;13;16;19;52;25;76;25;28;33;68;33;36;43;52;0;1;1;3;2;4;5;5;8;8;12;3;52;11;64;11;40;13;88;13;16;19;52;25;76;25;28;33;68;33;36;43;52;0;1;1;3;2;4;5;5;8;8;12;3;52;11;64;11;40;13;88;13;16;19;52;25;76;25;28;33;68;33;36;43;52;0;0;0;0;7;1;1;1;0;5;5;3;0;0;0;0;0;;0;0;0;0;0;0;1;1;3;2;4;5;5;8;8;12;3;52;11;64;11;40;13;88;13;16;19;52;25;76;25;28;33;68;33;36;43;52;0;1;1;3;2;4;5;5;8;8;12;3;52;11;64;11;40;13;88;13;16;19;52;25;76;25;28;33;68;33;36;43;52;0;1;1;3;2;4;5;5;8;8;12;3;52;11;64;11;40;13;88;13;16;19;52;25;76;25;28;33;68;33;36;43;52;0;1;0;1;5;3;1;1;0;5;5;3;0;0;0;0;0;;0;0;0;0;0;0;1;2;3;4;5;6;7;8;9;10;11;12;13;14;15;16;17;18;19;20;21;22;23;24;25;26;27;28;29;30;31;1;8;8;8;8;8;6;255;255;255;0;0;0;0;
67112;0;1;1;3;2;5;5;7;6;8;12;3;52;11;64;11;40;13;92;13;12;25;64;25;40;29;92;29;12;33;52;43;52;0;1;1;3;2;5;5;7;6;8;12;3;52;11;64;11;40;13;92;13;12;25;64;25;40;29;92;29;12;33;52;43;52;0;1;1;3;2;5;5;7;6;8;12;3;52;11;64;11;40;13;92;13;12;25;64;25;40;29;92;29;12;33;52;43;52;0;1;1;1;7;3;0;1;1;5;4;3;0;0;0;0;0;;0;0;0;0;0;0;1;1;3;2;5;5;7;6;8;12;3;52;11;64;11;40;13;92;13;12;25;64;25;40;29;92;29;12;33;52;43;52;0;1;1;3;2;5;5;7;6;8;12;3;52;11;64;11;40;13;92;13;12;25;64;25;40;29;92;29;12;33;52;43;52;0;1;1;3;2;5;5;7;6;8;12;3;52;11;64;11;40;13;92;13;12;25;64;25;40;29;92;29;12;33;52;43;52;0;1;1;0;7;3;0;1;1;5;4;3;0;0;0;0;0;;0;0;0;0;0;0;1;1;3;2;5;5;7;6;8;12;3;52;11;64;11;40;13;92;13;12;25;64;25;40;29;92;29;12;33;52;43;52;0;1;1;3;2;5;5;7;6;8;12;3;52;11;64;11;40;13;92;13;12;25;64;25;40;29;92;29;12;33;52;43;52;0;1;1;3;2;5;5;7;6;8;12;3;52;11;64;11;40;13;92;13;12;25;64;25;40;29;92;29;12;33;52;43;52;0;1;1;1;7;3;0;1;1;5;4;3;0;0;0;0;0;;0;0;0;0;0;0;1;2;3;4;5;6;7;8;9;10;11;12;13;14;15;16;17;18;19;20;21;22;23;24;25;26;27;28;29;30;31;0;5;5;5;4;10;2;255;255;255;0;0;0;0;
67277;0;1;1;3;2;4;4;7;6;8;12;3;52;11;64;11;40;13;88;13;16;19;64;19;40;31;84;31;20;33;52;43;52;0;1;1;3;2;4;4;7;6;8;12;3;52;13;64;13;40;15;88;15;16;21;64;21;40;33;84;33;20;33;52;45;52;0;1;1;3;2;4;4;7;6;8;12;3;52;9;64;9;40;9;88;9;16;17;64;17;40;25;84;25;20;27;52;41;52;0;1;0;0;5;1;1;1;1;5;6;2;0;0;0;0;0;;0;0;0;0;0;0;1;1;3;2;4;4;7;6;8;12;3;52;9;64;9;40;9;88;9;16;17;64;17;40;25;84;25;20;27;52;41;52;0;1;1;3;2;4;4;7;6;8;12;3;52;9;64;9;40;9;88;9;16;17;64;17;40;25;84;25;20;27;52;41;52;0;1;1;3;2;4;4;7;6;8;12;3;52;9;64;9;40;9;88;9;16;17;64;17;40;25;84;25;20;27;52;41;52;0;1;0;0;6;1;1;0;1;6;6;3;0;0;0;0;0;;0;0;0;0;0;0;1;1;3;2;4;4;7;6;8;12;3;52;11;64;11;40;13;88;13;16;19;64;19;40;31;84;31;20;33;52;43;52;0;1;1;3;2;4;4;7;6;8;12;3;52;13;64;13;40;15;88;15;16;21;64;21;40;33;84;33;20;33;52;45;52;0;1;1;3;2;4;4;7;6;8;12;3;52;9;64;9;40;9;88;9;16;17;64;17;40;25;84;25;20;27;52;41;52;0;1;0;0;5;1;1;1;1;5;6;2;0;0;0;0;0;;0;0;0;0;0;0;1;2;3;4;5;6;7;8;9;10;11;12;13;14;15;16;17;18;19;20;21;22;23;24;25;26;27;28;29;30;31;0;10;9;7;8;10;7;255;255;255;0;0;0;0;
67440;0;1;1;3;2;5;5;5;8;8;12;3;52;11;64;11;40;13;88;13;16;23;52;23;80;23;24;33;68;33;36;43;52;0;1;1;3;2;5;5;5;8;8;12;3;52;11;64;11;40;13;88;13;16;23;52;23;80;23;24;33;68;33;36;43;52;0;1;1;3;2;5;5;5;8;8;12;3;52;11;64;11;40;11;88;11;16;21;52;21;80;21;24;31;68;31;36;43;52;1;1;1;1;5;3;0;1;0;5;5;3;0;0;0;0;0;;0;0;0;0;0;0;1;1;3;2;5;5;5;8;8;12;3;52;11;64;11;40;11;88;11;16;21;52;21;80;21;24;31;68;31;36;43;52;0;1;1;3;2;5;5;5;8;8;12;3;52;11;64;11;40;11;88;11;16;21;52;21;80;21;24;31;68;31;36;43;52;0;1;1;3;2;5;5;5;8;8;12;3;52;11;64;11;40;11;88;11;16;21;52;21;80;21;24;31;68;31;36;43;52;0;0;1;1;6;3;1;1;1;6;6;3;0;0;0;0;0;;0;0;0;0;0;0;1;1;3;2;5;5;5;8;8;12;3;52;11;64;11;40;13;88;13;16;23;52;23;80;23;24;33;68;33;36;43;52;0;1;1;3;2;5;5;5;8;8;12;3;52;11;64;11;40;13;88;13;16;23;52;23;80;23;24;33;68;33;36;43;52;0;1;1;3;2;5;5;5;8;8;12;3;52;11;64;11;40;11;88;11;16;21;52;21;80;21;24;31;68;31;36;43;52;1;1;1;1;5;3;0;1;0;5;5;3;0;0;0;0;0;;0;0;0;0;0;0;1;2;3;4;5;6;7;8;9;10;11;12;13;14;15;16;17;18;19;20;21;22;23;24;25;26;27;28;29;30;31;5;5;5;5;5;5;8;255;255;255;0;0;0;0;
67817;0;1;1;3;2;5;5;7;6;12;12;3;52;11;64;11;40;13;92;13;12;25;64;25;40;29;92;29;12;43;64;43;40;0;1;1;3;2;5;5;7;6;12;12;3;52;13;64;13;40;15;92;15;12;27;64;27;40;31;92;31;12;45;64;45;40;0;1;1;3;2;5;5;7;6;12;12;3;52;9;64;9;40;9;88;9;16;23;64;23;40;23;88;23;16;41;64;41;40;0;0;1;0;5;2;0;1;0;5;5;2;0;0;0;0;0;;0;0;0;0;0;0;1;1;3;2;5;5;7;6;12;12;3;52;9;64;9;40;9;88;9;16;23;64;23;40;23;88;23;16;41;64;41;40;0;1;1;3;2;5;5;7;6;12;12;3;52;9;64;9;40;9;88;9;16;23;64;23;40;23;88;23;16;41;64;41;40;0;1;1;3;2;5;5;7;6;12;12;3;52;9;64;9;40;9;88;9;16;23;64;23;40;23;88;23;16;41;64;41;40;0;0;0;0;5;2;0;0;0;3;8;3;0;0;0;0;0;;0;0;0;0;0;0;1;1;3;2;5;5;7;6;12;12;3;52;11;64;11;40;13;92;13;12;25;64;25;40;29;92;29;12;43;64;43;40;0;1;1;3;2;5;5;7;6;12;12;3;52;13;64;13;40;15;92;15;12;27;64;27;40;31;92;31;12;45;64;45;40;0;1;1;3;2;5;5;7;6;12;12;3;52;9;64;9;40;9;88;9;16;23;64;23;40;23;88;23;16;41;64;41;40;0;0;1;0;5;2;0;1;0;5;5;2;0;0;0;0;0;;0;0;0;0;0;0;1;2;3;4;5;6;7;8;9;10;11;12;13;14;15;16;17;18;19;20;21;22;23;24;25;26;27;28;29;30;31;10;9;6;7;7;10;8;255;255;255;0;0;0;0;
68090;0;1;1;3;2;4;4;7;6;8;12;3;52;11;64;11;40;13;88;13;16;19;64;19;40;31;84;31;20;33;52;43;52;0;1;1;3;2;4;4;7;6;8;12;3;52;13;64;13;40;15;88;15;16;21;64;21;40;33;84;33;20;33;52;45;52;0;1;1;3;2;4;4;7;6;8;12;3;52;9;64;9;40;9;88;9;16;17;64;17;40;25;84;25;20;27;52;41;52;1;1;1;0;3;3;1;0;1;6;6;3;0;0;0;0;0;;0;0;0;0;0;0;1;1;3;2;4;4;7;6;8;12;3;52;9;64;9;40;9;88;9;16;17;64;17;40;25;84;25;20;27;52;41;52;0;1;1;3;2;4;4;7;6;8;12;3;52;9;64;9;40;9;88;9;16;17;64;17;40;25;84;25;20;27;52;41;52;0;1;1;3;2;4;4;7;6;8;12;3;52;9;64;9;40;9;88;9;16;17;64;17;40;25;84;25;20;27;52;41;52;0;1;1;0;5;2;1;0;1;6;6;3;0;0;0;0;0;;0;0;0;0;0;0;1;1;3;2;4;4;7;6;8;12;3;52;11;64;11;40;13;88;13;16;19;64;19;40;31;84;31;20;33;52;43;52;0;1;1;3;2;4;4;7;6;8;12;3;52;13;64;13;40;15;88;15;16;21;64;21;40;33;84;33;20;33;52;45;52;0;1;1;3;2;4;4;7;6;8;12;3;52;9;64;9;40;9;88;9;16;17;64;17;40;25;84;25;20;27;52;41;52;1;1;1;0;3;3;1;0;1;6;6;3;0;0;0;0;0;;0;0;0;0;0;0;1;2;3;4;5;6;7;8;9;10;11;12;13;14;15;16;17;18;19;20;21;22;23;24;25;26;27;28;29;30;31;10;9;9;5;9;10;4;255;255;255;0;0;0;0;
68103;0;1;1;3;2;4;4;7;6;8;12;3;52;11;64;11;40;13;88;13;16;19;64;19;40;31;84;31;20;31;52;41;52;0;1;1;3;2;4;4;7;6;8;12;3;52;13;64;13;40;15;88;15;16;21;64;21;40;33;84;33;20;33;52;43;52;0;1;1;3;2;4;4;7;6;8;12;3;52;9;64;9;40;11;84;11;20;17;64;17;40;27;84;27;20;31;52;41;52;1;1;1;0;6;3;0;1;0;5;5;3;0;0;0;0;0;;0;0;0;0;0;0;1;1;3;2;4;4;7;6;8;12;3;52;9;64;9;40;11;84;11;20;17;64;17;40;27;84;27;20;31;52;41;52;0;1;1;3;2;4;4;7;6;8;12;3;52;9;64;9;40;11;84;11;20;17;64;17;40;27;84;27;20;31;52;41;52;0;1;1;3;2;4;4;7;6;8;12;3;52;9;64;9;40;11;84;11;20;17;64;17;40;27;84;27;20;31;52;41;52;0;1;0;1;5;3;1;1;1;6;6;3;0;0;0;0;0;;0;0;0;0;0;0;1;1;3;2;4;4;7;6;8;12;3;52;11;64;11;40;13;88;13;16;19;64;19;40;31;84;31;20;31;52;41;52;0;1;1;3;2;4;4;7;6;8;12;3;52;13;64;13;40;15;88;15;16;21;64;21;40;33;84;33;20;33;52;43;52;0;1;1;3;2;4;4;7;6;8;12;3;52;9;64;9;40;11;84;11;20;17;64;17;40;27;84;27;20;31;52;41;52;1;1;1;0;6;3;0;1;0;5;5;3;0;0;0;0;0;;0;0;0;0;0;0;1;2;3;4;5;6;7;8;9;10;11;12;13;14;15;16;17;18;19;20;21;22;23;24;25;26;27;28;29;30;31;2;9;8;7;7;9;10;255;255;255;0;0;0;0;
68112;0;1;1;3;2;4;4;7;6;8;12;3;52;11;64;11;40;13;88;13;16;19;64;19;40;31;84;31;20;33;52;43;52;0;1;1;3;2;4;4;7;6;8;12;3;52;13;64;13;40;15;88;15;16;21;64;21;40;33;84;33;20;33;52;45;52;0;1;1;3;2;4;4;7;6;8;12;3;52;9;64;9;40;9;88;9;16;17;64;17;40;25;84;25;20;27;52;41;52;1;1;1;0;7;3;1;0;0;7;6;3;0;0;0;0;0;;0;0;0;0;0;0;1;1;3;2;4;4;7;6;8;12;3;52;9;64;9;40;9;88;9;16;17;64;17;40;25;84;25;20;27;52;41;52;0;1;1;3;2;4;4;7;6;8;12;3;52;9;64;9;40;9;88;9;16;17;64;17;40;25;84;25;20;27;52;41;52;0;1;1;3;2;4;4;7;6;8;12;3;52;9;64;9;40;9;88;9;16;17;64;17;40;25;84;25;20;27;52;41;52;0;0;0;0;1;2;0;0;0;1;1;2;0;0;0;0;0;;0;0;0;0;0;0;1;1;3;2;4;4;7;6;8;12;3;52;11;64;11;40;13;88;13;16;19;64;19;40;31;84;31;20;33;52;43;52;0;1;1;3;2;4;4;7;6;8;12;3;52;13;64;13;40;15;88;15;16;21;64;21;40;33;84;33;20;33;52;45;52;0;1;1;3;2;4;4;7;6;8;12;3;52;9;64;9;40;9;88;9;16;17;64;17;40;25;84;25;20;27;52;41;52;1;1;1;0;7;3;1;0;0;7;6;3;0;0;0;0;0;;0;0;0;0;0;0;1;2;3;4;5;6;7;8;9;10;11;12;13;14;15;16;17;18;19;20;21;22;23;24;25;26;27;28;29;30;31;9;7;7;7;7;10;5;255;255;255;0;0;0;0;
68116;0;1;1;3;2;5;5;7;6;8;12;3;52;11;64;11;40;13;88;13;16;21;64;21;40;27;88;27;16;31;52;43;52;0;1;1;3;2;5;5;7;6;8;12;3;52;13;64;13;40;15;88;15;16;23;64;23;40;29;88;29;16;33;52;45;52;0;1;1;3;2;5;5;7;6;8;12;3;52;9;64;9;40;9;88;9;16;19;64;19;40;25;88;25;16;29;52;41;52;0;0;0;0;1;2;0;0;0;1;1;2;0;0;0;0;0;;0;0;0;0;0;0;1;1;3;2;5;5;7;6;8;12;3;52;9;64;9;40;9;88;9;16;19;64;19;40;25;88;25;16;29;52;41;52;0;1;1;3;2;5;5;7;6;8;12;3;52;9;64;9;40;9;88;9;16;19;64;19;40;25;88;25;16;29;52;41;52;0;1;1;3;2;5;5;7;6;8;12;3;52;9;64;9;40;9;88;9;16;19;64;19;40;25;88;25;16;29;52;41;52;0;0;0;0;1;2;0;0;0;1;1;2;0;0;0;0;0;;0;0;0;0;0;0;1;1;3;2;5;5;7;6;8;12;3;52;11;64;11;40;13;88;13;16;21;64;21;40;27;88;27;16;31;52;43;52;0;1;1;3;2;5;5;7;6;8;12;3;52;13;64;13;40;15;88;15;16;23;64;23;40;29;88;29;16;33;52;45;52;0;1;1;3;2;5;5;7;6;8;12;3;52;9;64;9;40;9;88;9;16;19;64;19;40;25;88;25;16;29;52;41;52;0;0;0;0;1;2;0;0;0;1;1;2;0;0;0;0;0;;0;0;0;0;0;0;1;2;3;4;5;6;7;8;9;10;11;12;13;14;15;16;17;18;19;20;21;22;23;24;25;26;27;28;29;30;31;1;7;7;7;7;10;2;255;255;255;0;0;0;0;
68123;0;1;1;3;2;4;4;7;6;8;12;3;52;11;64;11;40;13;88;13;16;19;64;19;40;27;88;27;16;31;52;43;52;0;1;1;3;2;4;4;7;6;8;12;3;52;13;64;13;40;15;88;15;16;21;64;21;40;29;88;29;16;33;52;45;52;0;1;1;3;2;4;4;7;6;8;12;3;52;9;64;9;40;9;88;9;16;17;64;17;40;23;88;23;16;27;52;41;52;0;0;1;0;4;2;1;0;1;6;4;2;0;0;0;0;0;;0;0;0;0;0;0;1;1;3;2;4;4;7;6;8;12;3;52;9;64;9;40;9;88;9;16;17;64;17;40;23;88;23;16;27;52;41;52;0;1;1;3;2;4;4;7;6;8;12;3;52;9;64;9;40;9;88;9;16;17;64;17;40;23;88;23;16;27;52;41;52;0;1;1;3;2;4;4;7;6;8;12;3;52;9;64;9;40;9;88;9;16;17;64;17;40;23;88;23;16;27;52;41;52;0;0;1;0;4;1;1;0;1;5;7;3;0;0;0;0;0;;0;0;0;0;0;0;1;1;3;2;4;4;7;6;8;12;3;52;11;64;11;40;13;88;13;16;19;64;19;40;27;88;27;16;31;52;43;52;0;1;1;3;2;4;4;7;6;8;12;3;52;13;64;13;40;15;88;15;16;21;64;21;40;29;88;29;16;33;52;45;52;0;1;1;3;2;4;4;7;6;8;12;3;52;9;64;9;40;9;88;9;16;17;64;17;40;23;88;23;16;27;52;41;52;0;0;1;0;4;2;1;0;1;6;4;2;0;0;0;0;0;;0;0;0;0;0;0;1;2;3;4;5;6;7;8;9;10;11;12;13;14;15;16;17;18;19;20;21;22;23;24;25;26;27;28;29;30;31;10;10;9;7;8;10;4;255;255;255;0;0;0;0;
68179;0;1;1;3;2;4;4;7;6;8;12;3;52;11;64;11;40;13;92;13;12;19;64;19;40;27;92;27;12;31;52;43;52;0;1;1;3;2;4;4;7;6;8;12;3;52;13;64;13;40;15;92;15;12;21;64;21;40;29;92;29;12;33;52;45;52;0;1;1;3;2;4;4;7;6;8;12;3;52;9;64;9;40;9;88;9;16;17;64;17;40;23;88;23;16;27;52;41;52;0;0;0;0;1;2;0;0;0;1;1;2;0;0;0;0;0;;0;0;0;0;0;0;1;1;3;2;4;4;7;6;8;12;3;52;9;64;9;40;9;88;9;16;17;64;17;40;23;88;23;16;27;52;41;52;0;1;1;3;2;4;4;7;6;8;12;3;52;9;64;9;40;9;88;9;16;17;64;17;40;23;88;23;16;27;52;41;52;0;1;1;3;2;4;4;7;6;8;12;3;52;9;64;9;40;9;88;9;16;17;64;17;40;23;88;23;16;27;52;41;52;0;0;0;0;1;2;0;0;0;1;1;2;0;0;0;0;0;;0;0;0;0;0;0;1;1;3;2;4;4;7;6;8;12;3;52;11;64;11;40;13;92;13;12;19;64;19;40;27;92;27;12;31;52;43;52;0;1;1;3;2;4;4;7;6;8;12;3;52;13;64;13;40;15;92;15;12;21;64;21;40;29;92;29;12;33;52;45;52;0;1;1;3;2;4;4;7;6;8;12;3;52;9;64;9;40;9;88;9;16;17;64;17;40;23;88;23;16;27;52;41;52;0;0;0;0;1;2;0;0;0;1;1;2;0;0;0;0;0;;0;0;0;0;0;0;1;2;3;4;5;6;7;8;9;10;11;12;13;14;15;16;17;18;19;20;21;22;23;24;25;26;27;28;29;30;31;9;3;7;4;4;9;4;255;255;255;0;0;0;0;
69630;0;1;1;3;2;4;5;5;10;9;12;3;52;11;64;11;40;13;88;13;16;19;52;25;76;25;28;37;84;37;20;43;52;0;1;1;3;2;4;5;5;10;9;12;3;52;11;64;11;40;13;88;13;16;19;52;25;76;25;28;37;84;37;20;43;52;0;1;1;3;2;4;5;5;10;9;12;3;52;11;64;11;40;13;88;13;16;19;52;25;76;25;28;37;84;37;20;43;52;1;1;1;1;4;2;0;0;0;6;5;2;0;0;0;0;0;;0;0;0;0;0;0;1;1;3;2;4;5;5;10;9;12;3;52;11;64;11;40;13;88;13;16;19;52;25;76;25;28;37;84;37;20;43;52;0;1;1;3;2;4;5;5;10;9;12;3;52;11;64;11;40;13;88;13;16;19;52;25;76;25;28;37;84;37;20;43;52;0;1;1;3;2;4;5;5;10;9;12;3;52;11;64;11;40;13;88;13;16;19;52;25;76;25;28;37;84;37;20;43;52;0;0;0;0;1;2;0;0;0;1;1;2;0;0;0;0;0;;0;0;0;0;0;0;1;1;3;2;4;5;5;10;9;12;3;52;11;64;11;40;13;88;13;16;19;52;25;76;25;28;37;84;37;20;43;52;0;1;1;3;2;4;5;5;10;9;12;3;52;11;64;11;40;13;88;13;16;19;52;25;76;25;28;37;84;37;20;43;52;0;1;1;3;2;4;5;5;10;9;12;3;52;11;64;11;40;13;88;13;16;19;52;25;76;25;28;37;84;37;20;43;52;1;1;1;1;4;2;0;0;0;6;5;2;0;0;0;0;0;;0;0;0;0;0;0;1;2;3;4;5;6;7;8;9;10;11;12;13;14;15;16;17;18;19;20;21;22;23;24;25;26;27;28;29;30;31;4;8;6;6;6;8;9;255;255;255;0;0;0;0;
69649;0;1;1;3;2;4;4;7;6;8;12;3;52;11;64;11;40;13;88;13;16;19;64;19;40;31;84;31;20;33;52;43;52;0;1;1;3;2;4;4;7;6;8;12;3;52;13;64;13;40;15;88;15;16;21;64;21;40;33;84;33;20;33;52;45;52;0;1;1;3;2;4;4;7;6;8;12;3;52;9;64;9;40;9;88;9;16;17;64;17;40;25;84;25;20;27;52;41;52;1;1;0;0;4;3;0;1;0;8;5;3;0;0;0;0;0;;0;0;0;0;0;0;1;1;3;2;4;4;7;6;8;12;3;52;9;64;9;40;9;88;9;16;17;64;17;40;25;84;25;20;27;52;41;52;0;1;1;3;2;4;4;7;6;8;12;3;52;9;64;9;40;9;88;9;16;17;64;17;40;25;84;25;20;27;52;41;52;0;1;1;3;2;4;4;7;6;8;12;3;52;9;64;9;40;9;88;9;16;17;64;17;40;25;84;25;20;27;52;41;52;1;1;0;0;4;3;0;1;1;8;5;3;0;0;0;0;0;;0;0;0;0;0;0;1;1;3;2;4;4;7;6;8;12;3;52;11;64;11;40;13;88;13;16;19;64;19;40;31;84;31;20;33;52;43;52;0;1;1;3;2;4;4;7;6;8;12;3;52;13;64;13;40;15;88;15;16;21;64;21;40;33;84;33;20;33;52;45;52;0;1;1;3;2;4;4;7;6;8;12;3;52;9;64;9;40;9;88;9;16;17;64;17;40;25;84;25;20;27;52;41;52;1;1;0;0;4;3;0;1;0;8;5;3;0;0;0;0;0;;0;0;0;0;0;0;1;2;3;4;5;6;7;8;9;10;11;12;13;14;15;16;17;18;19;20;21;22;23;24;25;26;27;28;29;30;31;1;9;9;8;7;7;4;255;255;255;0;0;0;0;
69710;0;1;1;3;2;4;4;7;6;11;12;3;52;11;64;11;40;13;88;13;16;25;64;25;40;27;88;27;16;43;44;43;64;0;1;1;3;2;4;4;7;6;11;12;3;52;11;64;11;40;13;88;13;16;25;64;25;40;27;88;27;16;43;44;43;64;0;1;1;3;2;4;4;7;6;11;12;3;52;11;64;11;40;13;88;13;16;25;64;25;40;27;88;27;16;43;44;43;64;1;1;1;1;6;3;0;0;1;6;6;3;0;0;0;0;0;;0;0;0;0;0;0;1;1;3;2;4;4;7;6;11;12;3;52;11;64;11;40;13;88;13;16;25;64;25;40;27;88;27;16;43;44;43;64;0;1;1;3;2;4;4;7;6;11;12;3;52;11;64;11;40;13;88;13;16;25;64;25;40;27;88;27;16;43;44;43;64;0;1;1;3;2;4;4;7;6;11;12;3;52;11;64;11;40;13;88;13;16;25;64;25;40;27;88;27;16;43;44;43;64;0;0;0;0;5;3;1;0;0;7;4;3;0;0;0;0;0;;0;0;0;0;0;0;1;1;3;2;4;4;7;6;11;12;3;52;11;64;11;40;13;88;13;16;25;64;25;40;27;88;27;16;43;44;43;64;0;1;1;3;2;4;4;7;6;11;12;3;52;11;64;11;40;13;88;13;16;25;64;25;40;27;88;27;16;43;44;43;64;0;1;1;3;2;4;4;7;6;11;12;3;52;11;64;11;40;13;88;13;16;25;64;25;40;27;88;27;16;43;44;43;64;1;1;1;1;6;3;0;0;1;6;6;3;0;0;0;0;0;;0;0;0;0;0;0;1;2;3;4;5;6;7;8;9;10;11;12;13;14;15;16;17;18;19;20;21;22;23;24;25;26;27;28;29;30;31;0;8;8;7;7;9;5;255;255;255;0;0;0;0;
69712;0;1;1;3;2;5;5;7;6;12;12;3;52;11;64;11;40;13;88;13;16;21;64;21;40;31;84;31;20;43;64;43;40;0;1;1;3;2;5;5;7;6;12;12;3;52;11;64;11;40;13;88;13;16;23;64;23;40;33;84;33;20;43;64;43;40;0;1;1;3;2;5;5;7;6;12;12;3;52;11;64;11;40;13;88;13;16;21;64;21;40;27;84;27;20;41;64;41;40;1;1;1;0;4;3;0;1;0;5;5;3;0;0;0;0;0;;0;0;0;0;0;0;1;1;3;2;5;5;7;6;12;12;3;52;11;64;11;40;13;88;13;16;21;64;21;40;27;84;27;20;41;64;41;40;0;1;1;3;2;5;5;7;6;12;12;3;52;11;64;11;40;13;88;13;16;21;64;21;40;27;84;27;20;41;64;41;40;0;1;1;3;2;5;5;7;6;12;12;3;52;11;64;11;40;13;88;13;16;21;64;21;40;27;84;27;20;41;64;41;40;1;1;1;0;4;3;0;1;0;6;6;3;0;0;0;0;0;;0;0;0;0;0;0;1;1;3;2;5;5;7;6;12;12;3;52;11;64;11;40;13;88;13;16;21;64;21;40;31;84;31;20;43;64;43;40;0;1;1;3;2;5;5;7;6;12;12;3;52;11;64;11;40;13;88;13;16;23;64;23;40;33;84;33;20;43;64;43;40;0;1;1;3;2;5;5;7;6;12;12;3;52;11;64;11;40;13;88;13;16;21;64;21;40;27;84;27;20;41;64;41;40;1;1;1;0;4;3;0;1;0;5;5;3;0;0;0;0;0;;0;0;0;0;0;0;1;2;3;4;5;6;7;8;9;10;11;12;13;14;15;16;17;18;19;20;21;22;23;24;25;26;27;28;29;30;31;9;7;6;7;7;9;10;255;255;255;0;0;0;0;
70487;0;1;1;3;2;4;7;6;8;12;12;3;52;11;64;11;40;11;88;11;16;19;52;25;88;25;16;31;52;43;64;43;40;0;1;1;3;2;4;7;6;8;12;12;3;52;13;64;13;40;13;88;13;16;21;52;27;88;27;16;33;52;45;64;45;40;0;1;1;3;2;4;7;6;8;12;12;3;52;9;64;9;40;9;84;9;20;17;52;23;84;23;20;27;52;41;64;41;40;0;1;0;1;4;3;1;0;1;4;5;3;0;0;0;0;0;;0;0;0;0;0;0;1;1;3;2;4;7;6;8;12;12;3;52;9;64;9;40;9;84;9;20;17;52;23;84;23;20;27;52;41;64;41;40;0;1;1;3;2;4;7;6;8;12;12;3;52;9;64;9;40;9;84;9;20;17;52;23;84;23;20;27;52;41;64;41;40;0;1;1;3;2;4;7;6;8;12;12;3;52;9;64;9;40;9;84;9;20;17;52;23;84;23;20;27;52;41;64;41;40;0;1;1;1;5;3;1;1;1;5;5;3;0;0;0;0;0;;0;0;0;0;0;0;1;1;3;2;4;7;6;8;12;12;3;52;11;64;11;40;11;88;11;16;19;52;25;88;25;16;31;52;43;64;43;40;0;1;1;3;2;4;7;6;8;12;12;3;52;13;64;13;40;13;88;13;16;21;52;27;88;27;16;33;52;45;64;45;40;0;1;1;3;2;4;7;6;8;12;12;3;52;9;64;9;40;9;84;9;20;17;52;23;84;23;20;27;52;41;64;41;40;0;1;0;1;4;3;1;0;1;4;5;3;0;0;0;0;0;;0;0;0;0;0;0;1;2;3;4;5;6;7;8;9;10;11;12;13;14;15;16;17;18;19;20;21;22;23;24;25;26;27;28;29;30;31;1;10;7;8;8;10;4;255;255;255;0;0;0;0;
70489;0;1;1;3;2;4;4;7;6;8;12;3;52;11;64;11;40;13;88;13;16;19;64;19;40;31;84;31;20;33;52;43;52;0;1;1;3;2;4;4;7;6;8;12;3;52;13;64;13;40;15;88;15;16;21;64;21;40;33;84;33;20;33;52;45;52;0;1;1;3;2;4;4;7;6;8;12;3;52;9;64;9;40;9;88;9;16;17;64;17;40;25;84;25;20;29;52;41;52;0;0;0;0;1;2;0;0;0;1;1;2;0;0;0;0;0;;0;0;0;0;0;0;1;1;3;2;4;4;7;6;8;12;3;52;9;64;9;40;9;88;9;16;17;64;17;40;25;84;25;20;29;52;41;52;0;1;1;3;2;4;4;7;6;8;12;3;52;9;64;9;40;9;88;9;16;17;64;17;40;25;84;25;20;29;52;41;52;0;1;1;3;2;4;4;7;6;8;12;3;52;9;64;9;40;9;88;9;16;17;64;17;40;25;84;25;20;29;52;41;52;0;0;0;0;1;2;0;0;0;1;1;2;0;0;0;0;0;;0;0;0;0;0;0;1;1;3;2;4;4;7;6;8;12;3;52;11;64;11;40;13;88;13;16;19;64;19;40;31;84;31;20;33;52;43;52;0;1;1;3;2;4;4;7;6;8;12;3;52;13;64;13;40;15;88;15;16;21;64;21;40;33;84;33;20;33;52;45;52;0;1;1;3;2;4;4;7;6;8;12;3;52;9;64;9;40;9;88;9;16;17;64;17;40;25;84;25;20;29;52;41;52;0;0;0;0;1;2;0;0;0;1;1;2;0;0;0;0;0;;0;0;0;0;0;0;1;2;3;4;5;6;7;8;9;10;11;12;13;14;15;16;17;18;19;20;21;22;23;24;25;26;27;28;29;30;31;0;9;8;9;8;9;6;255;255;255;0;0;0;0;
70668;0;1;1;3;2;4;5;5;10;9;12;3;52;11;64;11;40;11;92;11;12;21;52;27;72;27;32;41;84;41;20;43;52;0;1;1;3;2;4;5;5;10;9;12;3;52;13;64;13;40;13;92;13;12;23;52;29;72;29;32;43;84;43;20;45;52;0;1;1;3;2;4;5;5;10;9;12;3;52;9;64;9;40;9;88;9;16;17;52;23;68;23;36;35;84;35;20;41;52;0;0;1;0;5;2;0;1;1;5;5;2;0;0;0;0;0;;0;0;0;0;0;0;1;1;3;2;4;5;5;10;9;12;3;52;9;64;9;40;9;88;9;16;17;52;23;68;23;36;35;84;35;20;41;52;0;1;1;3;2;4;5;5;10;9;12;3;52;9;64;9;40;9;88;9;16;17;52;23;68;23;36;35;84;35;20;41;52;0;1;1;3;2;4;5;5;10;9;12;3;52;9;64;9;40;9;88;9;16;17;52;23;68;23;36;35;84;35;20;41;52;0;0;0;0;5;2;0;0;0;4;7;3;0;0;0;0;0;;0;0;0;0;0;0;1;1;3;2;4;5;5;10;9;12;3;52;11;64;11;40;11;92;11;12;21;52;27;72;27;32;41;84;41;20;43;52;0;1;1;3;2;4;5;5;10;9;12;3;52;13;64;13;40;13;92;13;12;23;52;29;72;29;32;43;84;43;20;45;52;0;1;1;3;2;4;5;5;10;9;12;3;52;9;64;9;40;9;88;9;16;17;52;23;68;23;36;35;84;35;20;41;52;0;0;1;0;5;2;0;1;1;5;5;2;0;0;0;0;0;;0;0;0;0;0;0;1;2;3;4;5;6;7;8;9;10;11;12;13;14;15;16;17;18;19;20;21;22;23;24;25;26;27;28;29;30;31;0;6;6;6;6;10;5;255;255;255;0;0;0;0;
70669;0;1;1;3;2;4;4;7;6;8;12;3;52;11;64;11;40;13;88;13;16;19;64;19;40;31;84;31;20;33;52;43;52;0;1;1;3;2;4;4;7;6;8;12;3;52;11;64;11;40;13;88;13;16;19;64;19;40;31;84;31;20;33;52;43;52;0;1;1;3;2;4;4;7;6;8;12;3;52;11;64;11;40;13;88;13;16;19;64;19;40;31;84;31;20;33;52;43;52;0;0;0;0;5;2;0;0;0;5;5;2;0;0;0;0;0;;0;0;0;0;0;0;1;1;3;2;4;4;7;6;8;12;3;52;11;64;11;40;13;88;13;16;19;64;19;40;31;84;31;20;33;52;43;52;0;1;1;3;2;4;4;7;6;8;12;3;52;11;64;11;40;13;88;13;16;19;64;19;40;31;84;31;20;33;52;43;52;0;1;1;3;2;4;4;7;6;8;12;3;52;11;64;11;40;13;88;13;16;19;64;19;40;31;84;31;20;33;52;43;52;0;0;1;0;5;3;0;0;0;5;4;2;0;0;0;0;0;;0;0;0;0;0;0;1;1;3;2;4;4;7;6;8;12;3;52;11;64;11;40;13;88;13;16;19;64;19;40;31;84;31;20;33;52;43;52;0;1;1;3;2;4;4;7;6;8;12;3;52;11;64;11;40;13;88;13;16;19;64;19;40;31;84;31;20;33;52;43;52;0;1;1;3;2;4;4;7;6;8;12;3;52;11;64;11;40;13;88;13;16;19;64;19;40;31;84;31;20;33;52;43;52;0;0;0;0;5;2;0;0;0;5;5;2;0;0;0;0;0;;0;0;0;0;0;0;1;2;3;4;5;6;7;8;9;10;11;12;13;14;15;16;17;18;19;20;21;22;23;24;25;26;27;28;29;30;31;0;6;6;6;6;10;2;255;255;255;0;0;0;0;
70670;0;1;1;3;2;4;4;7;6;8;12;3;52;11;64;11;40;13;88;13;16;19;64;19;40;31;84;31;20;33;52;43;52;0;1;1;3;2;4;4;7;6;8;12;3;52;11;64;11;40;13;88;13;16;19;64;19;40;31;84;31;20;33;52;43;52;0;1;1;3;2;4;4;7;6;8;12;3;52;11;64;11;40;13;88;13;16;19;64;19;40;31;84;31;20;33;52;43;52;0;0;0;0;5;2;0;0;0;5;5;2;0;0;0;0;0;;0;0;0;0;0;0;1;1;3;2;4;4;7;6;8;12;3;52;11;64;11;40;13;88;13;16;19;64;19;40;31;84;31;20;33;52;43;52;0;1;1;3;2;4;4;7;6;8;12;3;52;11;64;11;40;13;88;13;16;19;64;19;40;31;84;31;20;33;52;43;52;0;1;1;3;2;4;4;7;6;8;12;3;52;11;64;11;40;13;88;13;16;19;64;19;40;31;84;31;20;33;52;43;52;0;0;0;0;5;2;0;0;0;5;5;2;0;0;0;0;0;;0;0;0;0;0;0;1;1;3;2;4;4;7;6;8;12;3;52;11;64;11;40;13;88;13;16;19;64;19;40;31;84;31;20;33;52;43;52;0;1;1;3;2;4;4;7;6;8;12;3;52;11;64;11;40;13;88;13;16;19;64;19;40;31;84;31;20;33;52;43;52;0;1;1;3;2;4;4;7;6;8;12;3;52;11;64;11;40;13;88;13;16;19;64;19;40;31;84;31;20;33;52;43;52;0;0;0;0;5;2;0;0;0;5;5;2;0;0;0;0;0;;0;0;0;0;0;0;1;2;3;4;5;6;7;8;9;10;11;12;13;14;15;16;17;18;19;20;21;22;23;24;25;26;27;28;29;30;31;8;8;8;8;8;8;5;255;255;255;0;0;0;0;
70671;0;1;1;1;4;4;7;6;8;11;12;3;52;11;52;11;76;11;28;21;68;21;36;23;88;23;16;29;52;41;40;41;64;0;1;1;1;4;4;7;6;8;11;12;3;52;11;52;11;76;11;28;21;68;21;36;23;88;23;16;29;52;41;40;41;64;0;1;1;1;4;4;7;6;8;11;12;3;52;11;52;11;76;11;28;21;68;21;36;23;88;23;16;29;52;41;40;41;64;0;1;0;0;5;3;0;0;0;6;5;3;0;0;0;0;0;;0;0;0;0;0;0;1;1;1;4;4;7;6;8;11;12;3;52;11;52;11;76;11;28;21;68;21;36;23;88;23;16;29;52;41;40;41;64;0;1;1;1;4;4;7;6;8;11;12;3;52;11;52;11;76;11;28;21;68;21;36;23;88;23;16;29;52;41;40;41;64;0;1;1;1;4;4;7;6;8;11;12;3;52;11;52;11;76;11;28;21;68;21;36;23;88;23;16;29;52;41;40;41;64;0;0;0;0;3;2;1;0;1;4;3;3;0;0;0;0;0;;0;0;0;0;0;0;1;1;1;4;4;7;6;8;11;12;3;52;11;52;11;76;11;28;21;68;21;36;23;88;23;16;29;52;41;40;41;64;0;1;1;1;4;4;7;6;8;11;12;3;52;11;52;11;76;11;28;21;68;21;36;23;88;23;16;29;52;41;40;41;64;0;1;1;1;4;4;7;6;8;11;12;3;52;11;52;11;76;11;28;21;68;21;36;23;88;23;16;29;52;41;40;41;64;0;1;0;0;5;3;0;0;0;6;5;3;0;0;0;0;0;;0;0;0;0;0;0;1;2;3;4;5;6;7;8;9;10;11;12;13;14;15;16;17;18;19;20;21;22;23;24;25;26;27;28;29;30;31;0;9;5;5;5;9;8;255;255;255;0;0;0;0;
